0.000	3	-0.000	-0.576	0.208	-0.386	-0.209	-0.387	
0.400	3	-0.210	-0.388	0.210	-0.387	-0.002	-0.028	
0.400	3	-0.211	-0.389	0.210	-0.388	-0.002	-0.029	
0.400	3	-0.211	-0.390	0.210	-0.388	-0.002	-0.029	
0.400	3	-0.210	-0.390	0.210	-0.388	-0.002	-0.029	
0.400	3	-0.210	-0.391	0.210	-0.388	-0.002	-0.029	
0.400	3	-0.210	-0.391	0.211	-0.389	-0.002	-0.029	
0.800	3	-0.210	-0.391	0.211	-0.389	-0.002	-0.030	
0.800	3	-0.210	-0.391	0.211	-0.389	-0.002	-0.030	
0.800	3	-0.210	-0.392	0.211	-0.389	-0.002	-0.030	
0.800	5	-0.203	-0.404	0.204	-0.401	0.199	-0.187	-0.003	-0.064	-0.200	-0.187	
0.800	6	0.001	-0.568	0.206	-0.363	0.204	-0.212	-0.002	-0.013	-0.204	-0.211	-0.205	-0.363	
0.800	6	-0.001	-0.570	0.206	-0.362	0.204	-0.217	-0.002	-0.012	-0.204	-0.216	-0.205	-0.364	
0.800	6	-0.000	-0.569	0.206	-0.363	0.204	-0.218	-0.002	-0.013	-0.204	-0.217	-0.205	-0.365	
0.800	4	-0.205	-0.365	0.206	-0.364	0.203	-0.216	-0.002	-0.014	
1.300	3	-0.205	-0.366	0.206	-0.364	-0.003	-0.015	
1.300	3	-0.205	-0.366	0.206	-0.364	-0.003	-0.014	
1.300	3	-0.205	-0.366	0.206	-0.364	-0.003	-0.014	
1.300	3	-0.205	-0.366	0.206	-0.364	-0.004	-0.013	
1.300	3	-0.205	-0.368	0.206	-0.364	-0.004	-0.013	
1.800	3	-0.205	-0.368	0.206	-0.363	-0.004	-0.014	
1.800	3	-0.205	-0.370	0.206	-0.364	-0.005	-0.015	
1.800	3	-0.205	-0.369	0.207	-0.363	-0.005	-0.013	
2.300	3	-0.204	-0.370	0.207	-0.363	-0.006	-0.015	
2.300	3	-0.204	-0.371	0.208	-0.363	-0.005	-0.014	
2.300	3	-0.204	-0.370	0.208	-0.362	-0.006	-0.013	
2.300	3	-0.204	-0.370	0.208	-0.361	-0.006	-0.013	
2.300	3	-0.204	-0.370	0.208	-0.361	-0.006	-0.012	
2.300	3	-0.204	-0.370	0.208	-0.361	-0.007	-0.012	
2.800	3	-0.204	-0.371	0.208	-0.361	-0.007	-0.012	
2.800	3	-0.204	-0.370	0.208	-0.360	-0.007	-0.012	
2.800	4	0.003	-0.402	0.208	-0.360	-0.007	-0.012	-0.204	-0.370	
2.800	6	0.003	-0.398	0.208	-0.360	0.198	-0.041	-0.007	-0.011	-0.208	-0.050	-0.203	-0.371	
2.800	6	0.002	-0.394	0.207	-0.360	0.198	-0.036	-0.007	-0.014	-0.208	-0.046	-0.202	-0.371	
2.800	6	0.003	-0.396	0.206	-0.358	0.199	-0.036	-0.007	-0.012	-0.209	-0.045	-0.202	-0.369	
2.800	4	0.003	-0.398	0.199	-0.037	-0.008	-0.009	-0.209	-0.046	
3.200	3	0.003	-0.399	0.199	-0.037	-0.209	-0.047	
3.200	3	0.004	-0.400	0.199	-0.037	-0.209	-0.048	
3.200	3	0.003	-0.400	0.199	-0.038	-0.209	-0.049	
3.200	3	0.003	-0.400	0.199	-0.039	-0.209	-0.048	
3.200	3	0.004	-0.400	0.199	-0.039	-0.210	-0.049	
3.200	3	0.004	-0.401	0.200	-0.039	-0.209	-0.049	
3.650	3	0.004	-0.402	0.200	-0.039	-0.209	-0.049	
3.650	3	0.004	-0.402	0.200	-0.039	-0.209	-0.050	
3.650	3	0.004	-0.402	0.200	-0.039	-0.209	-0.050	
3.650	3	0.005	-0.402	0.200	-0.040	-0.209	-0.050	
3.650	3	0.004	-0.402	0.200	-0.040	-0.209	-0.051	
3.650	3	0.004	-0.402	0.200	-0.040	-0.209	-0.050	
3.650	3	0.004	-0.402	0.200	-0.041	-0.209	-0.051	
3.650	3	0.005	-0.402	0.200	-0.041	-0.209	-0.050	
3.650	3	0.005	-0.402	0.200	-0.041	-0.210	-0.050	
4.050	3	0.005	-0.402	0.200	-0.041	-0.209	-0.051	
4.050	3	0.005	-0.402	0.200	-0.041	-0.209	-0.051	
4.050	3	0.004	-0.402	0.201	-0.041	-0.209	-0.051	
4.050	3	0.004	-0.402	0.201	-0.041	-0.209	-0.051	
4.050	3	0.004	-0.402	0.201	-0.040	-0.209	-0.051	
4.050	3	0.004	-0.403	0.201	-0.041	-0.209	-0.051	
4.050	3	0.004	-0.402	0.201	-0.041	-0.209	-0.052	
4.400	3	0.005	-0.402	0.201	-0.041	-0.209	-0.051	
4.400	3	0.004	-0.402	0.201	-0.041	-0.209	-0.051	
4.400	3	0.004	-0.402	0.201	-0.041	-0.209	-0.052	
4.400	3	0.005	-0.402	0.201	-0.041	-0.209	-0.050	
4.400	3	0.004	-0.402	0.201	-0.041	-0.209	-0.051	
4.400	3	0.004	-0.402	0.201	-0.041	-0.209	-0.051	
4.400	3	0.004	-0.402	0.201	-0.041	-0.209	-0.050	
4.400	3	0.004	-0.402	0.201	-0.040	-0.209	-0.051	
4.800	6	0.004	-0.402	0.204	-0.189	0.202	-0.041	-0.010	0.154	-0.209	-0.051	-0.204	-0.200	
4.800	6	0.005	-0.403	0.204	-0.187	0.201	-0.041	-0.010	0.157	-0.209	-0.050	-0.204	-0.198	
4.800	6	0.005	-0.402	0.204	-0.185	0.201	-0.042	-0.010	0.159	-0.208	-0.051	-0.204	-0.196	
4.800	6	0.005	-0.402	0.204	-0.184	0.201	-0.043	-0.010	0.160	-0.208	-0.052	-0.204	-0.195	
4.800	6	0.005	-0.401	0.204	-0.184	0.201	-0.043	-0.010	0.160	-0.208	-0.052	-0.204	-0.195	
4.800	6	0.005	-0.401	0.204	-0.184	0.201	-0.043	-0.010	0.160	-0.208	-0.052	-0.204	-0.195	
4.800	6	0.005	-0.401	0.204	-0.184	0.201	-0.043	-0.010	0.160	-0.208	-0.052	-0.204	-0.195	
4.800	6	0.005	-0.401	0.204	-0.184	0.201	-0.043	-0.010	0.160	-0.208	-0.052	-0.204	-0.195	
5.200	6	0.005	-0.401	0.204	-0.184	0.201	-0.043	-0.010	0.160	-0.207	-0.052	-0.204	-0.195	
5.200	6	0.005	-0.401	0.204	-0.184	0.201	-0.043	-0.010	0.160	-0.207	-0.052	-0.204	-0.195	
5.200	6	0.005	-0.401	0.204	-0.184	0.201	-0.043	-0.010	0.160	-0.207	-0.052	-0.204	-0.195	
5.200	6	0.005	-0.401	0.204	-0.184	0.201	-0.043	-0.010	0.160	-0.207	-0.052	-0.204	-0.195	
5.200	6	0.005	-0.401	0.204	-0.184	0.201	-0.043	-0.010	0.160	-0.207	-0.052	-0.204	-0.195	
5.200	6	0.006	-0.399	0.204	-0.182	0.202	-0.044	-0.010	0.158	-0.209	-0.048	-0.203	-0.194	
5.200	6	0.005	-0.400	0.203	-0.185	0.202	-0.041	-0.010	0.156	-0.209	-0.047	-0.204	-0.195	
5.750	6	0.004	-0.399	0.203	-0.188	0.203	-0.040	-0.011	0.153	-0.209	-0.047	-0.205	-0.197	
5.750	6	0.002	-0.394	0.203	-0.189	0.202	-0.036	-0.011	0.153	-0.209	-0.042	-0.206	-0.198	
5.750	3	-0.206	-0.198	0.204	-0.189	-0.012	0.152	
5.750	3	-0.207	-0.200	0.204	-0.189	-0.013	0.153	
5.750	3	-0.206	-0.201	0.204	-0.190	-0.013	0.153	
6.150	3	-0.206	-0.202	0.204	-0.190	-0.013	0.154	
6.150	3	-0.206	-0.201	0.204	-0.189	-0.013	0.152	
6.150	3	-0.206	-0.201	0.204	-0.189	-0.014	0.152	
6.150	3	-0.206	-0.202	0.204	-0.189	-0.014	0.152	
6.150	3	-0.206	-0.201	0.204	-0.189	-0.014	0.152	
6.150	3	-0.206	-0.203	0.204	-0.189	-0.014	0.153	
6.150	3	-0.206	-0.202	0.205	-0.190	-0.015	0.154	
6.600	3	-0.206	-0.203	0.205	-0.189	-0.015	0.153	
6.600	3	-0.206	-0.203	0.205	-0.190	-0.015	0.153	
6.600	3	-0.206	-0.203	0.206	-0.190	-0.015	0.153	
6.600	3	-0.205	-0.203	0.206	-0.190	-0.015	0.151	
6.600	3	-0.205	-0.203	0.206	-0.189	-0.015	0.152	
6.900	3	-0.205	-0.205	0.206	-0.190	-0.016	0.152	
6.900	3	-0.205	-0.204	0.206	-0.188	-0.015	0.153	
6.900	3	-0.205	-0.203	0.206	-0.189	-0.015	0.152	
6.900	3	-0.205	-0.205	0.206	-0.188	-0.015	0.153	
6.900	3	-0.205	-0.205	0.206	-0.187	-0.014	0.151	
6.900	5	0.002	-0.234	0.206	-0.188	0.196	0.128	-0.014	0.150	-0.205	-0.204	
7.350	6	0.002	-0.231	0.206	-0.188	0.195	0.131	-0.015	0.152	-0.214	0.117	-0.205	-0.204	
7.350	6	0.001	-0.230	0.204	-0.192	0.196	0.133	-0.015	0.151	-0.214	0.120	-0.205	-0.206	
7.350	6	0.001	-0.230	0.203	-0.195	0.196	0.133	-0.014	0.145	-0.214	0.121	-0.205	-0.209	
7.350	6	0.001	-0.230	0.203	-0.196	0.196	0.133	-0.014	0.145	-0.214	0.121	-0.205	-0.210	
7.350	6	0.001	-0.230	0.204	-0.196	0.196	0.133	-0.014	0.144	-0.214	0.121	-0.205	-0.210	
7.350	6	0.001	-0.230	0.204	-0.196	0.196	0.133	-0.014	0.144	-0.214	0.120	-0.204	-0.210	
7.350	6	0.001	-0.231	0.204	-0.196	0.196	0.133	-0.014	0.144	-0.214	0.120	-0.204	-0.211	
7.350	6	0.001	-0.231	0.204	-0.197	0.196	0.133	-0.014	0.143	-0.214	0.120	-0.204	-0.211	
7.350	6	0.001	-0.231	0.204	-0.197	0.196	0.132	-0.014	0.143	-0.214	0.120	-0.204	-0.211	
7.750	6	0.002	-0.231	0.204	-0.197	0.196	0.132	-0.014	0.143	-0.214	0.119	-0.204	-0.212	
7.750	6	0.002	-0.232	0.204	-0.197	0.196	0.132	-0.014	0.143	-0.214	0.119	-0.204	-0.212	
7.750	6	0.002	-0.232	0.204	-0.197	0.196	0.132	-0.014	0.142	-0.214	0.119	-0.204	-0.212	
7.750	6	0.002	-0.232	0.204	-0.197	0.196	0.132	-0.014	0.142	-0.214	0.118	-0.204	-0.213	
7.750	6	0.002	-0.233	0.204	-0.198	0.196	0.131	-0.014	0.142	-0.214	0.118	-0.204	-0.213	
7.750	6	0.002	-0.233	0.205	-0.198	0.196	0.131	-0.014	0.141	-0.214	0.117	-0.203	-0.214	
7.750	6	0.002	-0.233	0.205	-0.198	0.196	0.131	-0.014	0.141	-0.214	0.117	-0.203	-0.214	
7.750	6	0.002	-0.233	0.205	-0.198	0.196	0.131	-0.014	0.141	-0.214	0.117	-0.203	-0.214	
8.250	6	0.002	-0.233	0.206	-0.199	0.196	0.131	-0.015	0.140	-0.214	0.117	-0.204	-0.214	
8.250	6	0.002	-0.234	0.206	-0.197	0.196	0.130	-0.015	0.140	-0.214	0.116	-0.204	-0.213	
8.250	4	0.002	-0.236	0.196	0.130	-0.015	0.143	-0.214	0.115	
8.250	4	0.002	-0.237	0.196	0.130	-0.015	0.145	-0.214	0.115	
8.250	4	0.001	-0.238	0.196	0.131	-0.016	0.146	-0.215	0.115	
8.250	4	0.001	-0.241	0.196	0.131	-0.016	0.146	-0.215	0.115	
8.250	3	-0.002	-0.244	0.197	0.132	-0.214	0.113	
8.650	3	-0.000	-0.243	0.196	0.127	-0.216	0.114	
8.650	3	0.001	-0.242	0.195	0.126	-0.216	0.113	
8.650	3	0.001	-0.242	0.196	0.126	-0.216	0.111	
8.650	3	-0.000	-0.241	0.195	0.126	-0.217	0.111	
8.650	3	0.000	-0.241	0.195	0.126	-0.217	0.112	
8.650	3	0.001	-0.241	0.195	0.126	-0.217	0.111	
8.650	3	0.000	-0.243	0.195	0.128	-0.218	0.113	
9.000	3	0.000	-0.243	0.194	0.127	-0.218	0.111	
9.000	3	0.000	-0.242	0.194	0.127	-0.218	0.110	
9.000	3	0.000	-0.242	0.194	0.127	-0.218	0.111	
9.000	3	0.000	-0.243	0.194	0.128	-0.218	0.112	
9.000	3	-0.001	-0.245	0.195	0.129	-0.218	0.109	
9.000	3	-0.001	-0.244	0.194	0.126	-0.218	0.111	
9.350	3	-0.000	-0.243	0.194	0.127	-0.218	0.110	
9.350	3	-0.001	-0.243	0.195	0.128	-0.218	0.110	
9.350	3	-0.003	-0.244	0.195	0.129	-0.218	0.112	
9.350	3	-0.002	-0.245	0.194	0.125	-0.218	0.110	
9.350	3	-0.002	-0.242	0.194	0.125	-0.219	0.111	
9.350	3	-0.002	-0.241	0.194	0.127	-0.219	0.113	
9.750	4	-0.003	-0.242	0.194	0.126	-0.025	0.280	-0.220	0.113	
9.750	5	-0.003	-0.242	0.193	0.125	-0.025	0.285	-0.220	0.113	-0.213	-0.068	
9.750	6	-0.003	-0.242	0.197	-0.050	0.193	0.125	-0.025	0.286	-0.219	0.112	-0.213	-0.067	
9.750	6	-0.003	-0.242	0.197	-0.050	0.193	0.125	-0.025	0.286	-0.219	0.111	-0.213	-0.067	
9.750	6	-0.003	-0.242	0.197	-0.050	0.193	0.124	-0.025	0.286	-0.219	0.111	-0.213	-0.067	
10.200	6	-0.002	-0.242	0.197	-0.050	0.193	0.124	-0.025	0.286	-0.219	0.110	-0.213	-0.067	
10.200	6	-0.002	-0.242	0.197	-0.050	0.193	0.124	-0.025	0.286	-0.219	0.110	-0.213	-0.068	
10.200	6	-0.002	-0.242	0.198	-0.050	0.193	0.124	-0.025	0.286	-0.218	0.110	-0.213	-0.068	
10.200	6	-0.001	-0.242	0.198	-0.050	0.193	0.124	-0.025	0.286	-0.218	0.110	-0.212	-0.068	
10.200	6	-0.001	-0.242	0.198	-0.050	0.193	0.124	-0.025	0.286	-0.218	0.109	-0.212	-0.068	
10.200	6	-0.001	-0.242	0.198	-0.050	0.193	0.124	-0.025	0.286	-0.218	0.109	-0.212	-0.068	
10.200	6	-0.001	-0.242	0.198	-0.050	0.193	0.124	-0.025	0.286	-0.218	0.109	-0.212	-0.068	
10.650	6	-0.000	-0.242	0.199	-0.050	0.194	0.124	-0.024	0.286	-0.218	0.109	-0.212	-0.068	
10.650	6	0.000	-0.242	0.199	-0.049	0.194	0.124	-0.024	0.286	-0.218	0.109	-0.211	-0.068	
10.650	6	0.001	-0.243	0.199	-0.047	0.195	0.125	-0.025	0.286	-0.218	0.110	-0.212	-0.067	
10.650	6	-0.000	-0.240	0.200	-0.048	0.195	0.125	-0.026	0.283	-0.217	0.112	-0.213	-0.067	
10.650	3	-0.213	-0.067	0.201	-0.050	-0.027	0.282	
11.100	3	-0.213	-0.067	0.201	-0.052	-0.028	0.283	
11.100	3	-0.214	-0.074	0.201	-0.056	-0.027	0.286	
11.100	3	-0.214	-0.075	0.201	-0.054	-0.026	0.280	
11.100	3	-0.214	-0.074	0.201	-0.054	-0.027	0.280	
11.100	3	-0.214	-0.075	0.201	-0.054	-0.027	0.281	
11.450	3	-0.214	-0.075	0.201	-0.054	-0.026	0.283	
11.450	3	-0.214	-0.075	0.201	-0.053	-0.026	0.280	
11.450	3	-0.213	-0.074	0.202	-0.054	-0.026	0.281	
11.450	3	-0.213	-0.073	0.202	-0.054	-0.028	0.280	
11.450	3	-0.213	-0.074	0.202	-0.054	-0.027	0.280	
11.450	3	-0.213	-0.073	0.202	-0.053	-0.027	0.280	
11.450	3	-0.213	-0.072	0.202	-0.053	-0.028	0.280	
11.800	5	-0.004	-0.103	0.202	-0.052	0.186	0.264	-0.028	0.280	-0.213	-0.072	
11.800	5	-0.005	-0.101	0.199	-0.051	0.188	0.267	-0.027	0.277	-0.213	-0.076	
11.800	6	-0.006	-0.100	0.198	-0.051	0.188	0.267	-0.026	0.276	-0.223	0.253	-0.214	-0.076	
11.800	6	-0.006	-0.100	0.198	-0.051	0.189	0.268	-0.026	0.276	-0.223	0.253	-0.214	-0.076	
11.800	6	-0.006	-0.100	0.199	-0.056	0.189	0.268	-0.026	0.276	-0.223	0.253	-0.213	-0.077	
11.800	6	-0.006	-0.100	0.199	-0.057	0.188	0.268	-0.026	0.276	-0.223	0.253	-0.213	-0.077	
11.800	6	-0.006	-0.100	0.199	-0.057	0.188	0.268	-0.026	0.276	-0.223	0.253	-0.213	-0.077	
12.150	6	-0.006	-0.100	0.199	-0.057	0.188	0.268	-0.026	0.276	-0.223	0.253	-0.213	-0.077	
12.150	6	-0.006	-0.100	0.199	-0.057	0.188	0.268	-0.026	0.276	-0.223	0.253	-0.213	-0.077	
12.150	6	-0.006	-0.100	0.198	-0.057	0.188	0.268	-0.026	0.276	-0.223	0.253	-0.214	-0.077	
12.150	6	-0.006	-0.100	0.199	-0.057	0.188	0.268	-0.026	0.276	-0.223	0.253	-0.214	-0.077	
12.150	6	-0.006	-0.100	0.199	-0.057	0.188	0.268	-0.026	0.276	-0.223	0.253	-0.214	-0.077	
12.150	6	-0.006	-0.100	0.199	-0.057	0.188	0.267	-0.026	0.276	-0.223	0.253	-0.214	-0.077	
12.150	6	-0.006	-0.100	0.199	-0.057	0.188	0.267	-0.026	0.276	-0.223	0.253	-0.214	-0.077	
12.150	6	-0.006	-0.100	0.199	-0.057	0.188	0.267	-0.026	0.276	-0.223	0.253	-0.214	-0.077	
12.550	6	-0.006	-0.100	0.199	-0.058	0.188	0.267	-0.026	0.276	-0.223	0.253	-0.214	-0.077	
12.550	6	-0.006	-0.100	0.199	-0.058	0.188	0.267	-0.026	0.276	-0.223	0.253	-0.214	-0.077	
12.550	6	-0.007	-0.103	0.199	-0.051	0.189	0.266	-0.026	0.275	-0.222	0.252	-0.215	-0.076	
13.000	5	-0.008	-0.106	0.189	0.266	-0.027	0.278	-0.223	0.251	-0.215	-0.073	
13.000	3	-0.008	-0.106	0.188	0.264	-0.224	0.252	
13.000	3	-0.008	-0.106	0.189	0.265	-0.223	0.250	
13.000	3	-0.008	-0.107	0.189	0.263	-0.223	0.250	
13.000	3	-0.009	-0.107	0.189	0.264	-0.224	0.252	
13.400	3	-0.010	-0.109	0.189	0.262	-0.223	0.249	
13.400	3	-0.010	-0.109	0.189	0.262	-0.224	0.250	
13.400	3	-0.011	-0.109	0.189	0.262	-0.225	0.251	
13.400	3	-0.011	-0.110	0.189	0.263	-0.224	0.250	
13.400	3	-0.011	-0.110	0.188	0.261	-0.225	0.250	
13.800	3	-0.011	-0.111	0.189	0.262	-0.225	0.252	
13.800	3	-0.012	-0.111	0.189	0.263	-0.224	0.250	
13.800	3	-0.012	-0.111	0.189	0.261	-0.224	0.250	
13.800	3	-0.011	-0.110	0.189	0.261	-0.225	0.252	
13.800	3	-0.011	-0.109	0.189	0.261	-0.225	0.251	
13.800	3	-0.010	-0.108	0.189	0.261	-0.225	0.251	
13.800	3	-0.011	-0.109	0.189	0.261	-0.225	0.251	
13.800	3	-0.012	-0.109	0.190	0.262	-0.225	0.251	
13.800	3	-0.012	-0.111	0.190	0.263	-0.225	0.252	
14.250	3	-0.014	-0.112	0.191	0.263	-0.224	0.250	
14.250	6	-0.013	-0.113	0.191	0.097	0.190	0.258	-0.030	0.424	-0.224	0.248	-0.223	0.076	
14.250	6	-0.013	-0.110	0.191	0.103	0.190	0.259	-0.030	0.429	-0.224	0.249	-0.223	0.082	
14.250	6	-0.013	-0.110	0.191	0.105	0.189	0.257	-0.030	0.432	-0.223	0.250	-0.223	0.084	
14.250	6	-0.012	-0.110	0.191	0.105	0.189	0.256	-0.030	0.432	-0.223	0.249	-0.223	0.084	
14.250	6	-0.012	-0.110	0.191	0.105	0.189	0.256	-0.030	0.432	-0.223	0.249	-0.223	0.084	
14.250	6	-0.012	-0.110	0.191	0.105	0.189	0.256	-0.030	0.432	-0.223	0.249	-0.223	0.084	
14.250	6	-0.012	-0.110	0.191	0.105	0.189	0.256	-0.030	0.433	-0.223	0.248	-0.223	0.084	
14.600	6	-0.012	-0.110	0.191	0.105	0.189	0.256	-0.030	0.433	-0.223	0.247	-0.223	0.084	
14.600	6	-0.012	-0.110	0.191	0.106	0.189	0.256	-0.030	0.433	-0.223	0.247	-0.223	0.084	
14.600	6	-0.012	-0.110	0.191	0.106	0.189	0.256	-0.030	0.433	-0.223	0.248	-0.223	0.084	
14.600	6	-0.012	-0.110	0.191	0.106	0.189	0.256	-0.030	0.433	-0.223	0.248	-0.223	0.084	
14.600	6	-0.012	-0.110	0.191	0.106	0.189	0.256	-0.030	0.433	-0.223	0.248	-0.223	0.084	
14.600	6	-0.012	-0.109	0.191	0.106	0.189	0.256	-0.030	0.433	-0.223	0.248	-0.223	0.084	
14.600	6	-0.012	-0.109	0.192	0.106	0.189	0.256	-0.030	0.433	-0.223	0.248	-0.223	0.085	
14.950	6	-0.012	-0.109	0.192	0.106	0.189	0.256	-0.030	0.433	-0.223	0.248	-0.223	0.085	
14.950	6	-0.012	-0.109	0.192	0.106	0.189	0.256	-0.030	0.433	-0.223	0.248	-0.223	0.085	
14.950	6	-0.012	-0.108	0.191	0.100	0.191	0.262	-0.029	0.429	-0.225	0.253	-0.223	0.085	
14.950	6	-0.013	-0.108	0.191	0.098	0.191	0.262	-0.028	0.425	-0.224	0.253	-0.224	0.084	
14.950	4	-0.225	0.079	0.191	0.096	0.192	0.264	-0.028	0.422	
15.400	3	-0.225	0.080	0.192	0.096	-0.028	0.422	
15.400	3	-0.225	0.080	0.192	0.096	-0.027	0.423	
15.400	3	-0.225	0.079	0.192	0.096	-0.027	0.423	
15.400	3	-0.225	0.078	0.192	0.096	-0.027	0.422	
15.400	3	-0.225	0.078	0.192	0.096	-0.027	0.425	
15.400	3	-0.225	0.078	0.192	0.096	-0.027	0.424	
15.400	3	-0.225	0.079	0.192	0.096	-0.027	0.424	
15.400	3	-0.225	0.078	0.193	0.095	-0.027	0.423	
15.800	3	-0.225	0.079	0.192	0.096	-0.027	0.424	
15.800	3	-0.225	0.078	0.192	0.097	-0.027	0.424	
15.800	3	-0.225	0.077	0.193	0.095	-0.027	0.423	
15.800	3	-0.225	0.078	0.193	0.095	-0.028	0.424	
15.800	3	-0.225	0.077	0.192	0.097	-0.027	0.424	
15.800	3	-0.225	0.076	0.192	0.097	-0.026	0.425	
15.800	3	-0.225	0.074	0.193	0.094	-0.026	0.426	
15.800	3	-0.225	0.073	0.193	0.094	-0.026	0.429	
16.200	3	-0.225	0.074	0.193	0.094	-0.026	0.431	
16.200	6	-0.012	0.034	0.195	0.091	0.191	0.403	-0.027	0.419	-0.221	0.395	-0.224	0.075	
16.200	6	-0.012	0.040	0.193	0.092	0.191	0.411	-0.029	0.419	-0.222	0.400	-0.222	0.080	
16.200	6	-0.011	0.040	0.193	0.091	0.190	0.411	-0.029	0.418	-0.222	0.400	-0.221	0.080	
16.200	6	-0.012	0.041	0.193	0.088	0.191	0.411	-0.029	0.413	-0.223	0.402	-0.222	0.067	
16.200	6	-0.012	0.041	0.193	0.087	0.191	0.411	-0.029	0.412	-0.223	0.402	-0.221	0.065	
16.200	6	-0.012	0.041	0.193	0.087	0.191	0.411	-0.029	0.411	-0.223	0.402	-0.221	0.064	
16.550	6	-0.012	0.040	0.193	0.087	0.191	0.411	-0.029	0.411	-0.223	0.402	-0.221	0.064	
16.550	6	-0.012	0.040	0.193	0.086	0.191	0.411	-0.029	0.410	-0.222	0.402	-0.221	0.064	
16.550	6	-0.012	0.040	0.193	0.086	0.191	0.410	-0.029	0.410	-0.222	0.401	-0.221	0.063	
16.550	6	-0.012	0.039	0.193	0.085	0.191	0.411	-0.029	0.409	-0.222	0.402	-0.221	0.063	
16.550	6	-0.012	0.039	0.193	0.084	0.191	0.411	-0.029	0.408	-0.222	0.401	-0.222	0.062	
16.550	6	-0.012	0.038	0.192	0.084	0.191	0.411	-0.029	0.408	-0.222	0.401	-0.222	0.062	
16.850	6	-0.012	0.038	0.193	0.084	0.191	0.411	-0.029	0.408	-0.222	0.401	-0.222	0.062	
16.850	5	-0.223	0.070	0.194	0.088	0.191	0.410	-0.031	0.405	-0.223	0.398	
16.850	6	-0.012	0.010	0.195	0.091	0.190	0.405	-0.031	0.412	-0.222	0.392	-0.222	0.075	
16.850	5	-0.011	0.017	0.189	0.401	-0.031	0.409	-0.222	0.387	-0.221	0.072	
16.850	4	-0.010	0.018	0.189	0.397	-0.031	0.408	-0.222	0.385	
16.850	3	-0.009	0.018	0.189	0.396	-0.222	0.380	
17.200	3	-0.009	0.017	0.189	0.396	-0.222	0.378	
17.200	3	-0.009	0.018	0.190	0.395	-0.223	0.379	
17.200	3	-0.009	0.018	0.190	0.395	-0.223	0.380	
17.200	3	-0.009	0.016	0.190	0.393	-0.223	0.378	
17.200	3	-0.009	0.015	0.190	0.394	-0.223	0.378	
17.500	3	-0.009	0.015	0.190	0.394	-0.223	0.378	
17.500	3	-0.010	0.014	0.191	0.394	-0.223	0.376	
17.500	3	-0.010	0.014	0.190	0.394	-0.223	0.377	
17.500	3	-0.010	0.014	0.190	0.393	-0.223	0.376	
17.500	3	-0.008	0.013	0.190	0.392	-0.224	0.377	
17.500	3	-0.008	0.013	0.191	0.393	-0.223	0.377	
17.900	3	-0.009	0.014	0.191	0.392	-0.223	0.376	
17.900	3	-0.008	0.013	0.191	0.393	-0.223	0.375	
17.900	3	-0.008	0.013	0.190	0.392	-0.224	0.376	
17.900	3	-0.008	0.014	0.191	0.393	-0.224	0.375	
17.900	3	-0.009	0.014	0.191	0.393	-0.223	0.375	
17.900	3	-0.008	0.014	0.191	0.393	-0.224	0.376	
17.900	3	-0.008	0.013	0.191	0.393	-0.223	0.374	
18.250	3	-0.009	0.013	0.191	0.395	-0.223	0.376	
18.250	3	-0.010	0.012	0.192	0.396	-0.223	0.377	
18.250	4	-0.008	0.012	0.191	0.393	-0.224	0.374	-0.221	0.223	
18.250	6	-0.008	0.014	0.193	0.252	0.191	0.391	-0.036	0.570	-0.224	0.373	-0.222	0.231	
18.250	6	-0.007	0.012	0.194	0.253	0.190	0.390	-0.037	0.573	-0.223	0.370	-0.222	0.232	
18.600	6	-0.007	0.012	0.194	0.253	0.190	0.389	-0.037	0.573	-0.223	0.370	-0.222	0.232	
18.600	6	-0.006	0.012	0.194	0.253	0.190	0.389	-0.037	0.572	-0.223	0.370	-0.222	0.232	
18.600	6	-0.006	0.012	0.194	0.253	0.190	0.389	-0.037	0.572	-0.223	0.370	-0.222	0.232	
18.600	6	-0.006	0.012	0.194	0.253	0.190	0.389	-0.037	0.572	-0.223	0.369	-0.222	0.231	
18.600	6	-0.006	0.012	0.194	0.253	0.190	0.388	-0.037	0.572	-0.223	0.369	-0.222	0.231	
18.600	6	-0.006	0.012	0.194	0.253	0.190	0.388	-0.037	0.572	-0.223	0.369	-0.222	0.231	
18.600	6	-0.006	0.011	0.194	0.253	0.190	0.388	-0.037	0.572	-0.223	0.369	-0.222	0.231	
19.050	6	-0.006	0.011	0.194	0.253	0.190	0.388	-0.037	0.571	-0.223	0.369	-0.222	0.231	
19.050	6	-0.006	0.011	0.194	0.253	0.190	0.388	-0.038	0.571	-0.223	0.368	-0.222	0.230	
19.050	6	-0.006	0.011	0.194	0.253	0.190	0.388	-0.038	0.571	-0.223	0.368	-0.222	0.230	
19.050	6	-0.006	0.011	0.194	0.253	0.190	0.388	-0.038	0.571	-0.223	0.368	-0.222	0.230	
19.050	6	-0.006	0.011	0.194	0.252	0.190	0.387	-0.038	0.571	-0.223	0.367	-0.222	0.230	
19.500	6	-0.007	0.012	0.192	0.253	0.191	0.390	-0.038	0.566	-0.224	0.371	-0.222	0.229	
19.500	3	-0.222	0.228	0.194	0.252	-0.040	0.565	
19.500	3	-0.222	0.227	0.195	0.252	-0.040	0.565	
20.100	3	-0.221	0.226	0.195	0.252	-0.040	0.565	
20.100	3	-0.221	0.224	0.195	0.251	-0.041	0.563	
20.100	3	-0.221	0.223	0.196	0.251	-0.041	0.563	
20.100	3	-0.220	0.222	0.196	0.250	-0.042	0.563	
20.600	3	-0.220	0.221	0.197	0.250	-0.042	0.563	
21.100	3	-0.220	0.219	0.197	0.251	-0.043	0.562	
21.500	5	-0.220	0.218	0.197	0.250	0.181	0.563	-0.043	0.561	-0.231	0.535	
21.500	5	-0.220	0.216	0.197	0.246	0.182	0.566	-0.042	0.557	-0.231	0.539	
21.550	5	-0.220	0.215	0.198	0.245	0.183	0.566	-0.041	0.556	-0.230	0.539	
