1	-0.209	0.513	0.001
1	-0.210	0.512	0.001
1	-0.211	0.511	0.001
1	-0.211	0.510	0.001
1	-0.211	0.510	0.001
1	-0.211	0.510	0.001
1	-0.210	0.510	0.001
1	-0.202	0.487	0.003
1	-0.214	0.448	0.001
1	-0.213	0.448	0.001
1	-0.214	0.448	0.001
1	-0.214	0.449	0.001
1	-0.213	0.449	0.001
1	-0.214	0.449	0.001
1	-0.213	0.449	0.001
1	-0.214	0.449	0.001
1	-0.213	0.450	0.001
1	-0.213	0.450	0.001
1	-0.214	0.450	0.001
1	-0.213	0.450	0.001
1	-0.213	0.450	0.001
1	-0.213	0.451	0.001
1	-0.213	0.450	0.001
1	-0.213	0.451	0.001
1	-0.213	0.452	0.001
1	-0.213	0.451	0.001
1	-0.213	0.451	0.001
1	-0.212	0.451	0.001
1	-0.213	0.450	0.001
1	-0.212	0.451	0.001
1	-0.212	0.450	0.001
1	-0.212	0.451	0.001
1	-0.212	0.451	0.001
1	-0.212	0.450	0.001
1	-0.212	0.451	0.001
1	-0.212	0.451	0.001
1	-0.211	0.450	0.001
1	-0.211	0.451	0.001
1	-0.211	0.449	0.001
1	-0.211	0.450	0.001
1	-0.211	0.450	0.001
1	-0.211	0.450	0.001
1	-0.210	0.450	0.001
1	-0.210	0.449	0.001
1	-0.209	0.451	0.001
1	-0.209	0.451	0.001
1	-0.209	0.447	0.003
1	-0.209	0.444	0.003
1	-0.209	0.443	0.003
1	-0.210	0.442	0.003
0	-0.211	0.428	0.013
0	-0.211	0.412	0.017
0	-0.211	0.402	0.017
0	-0.212	0.391	0.018
0	-0.211	0.388	0.018
0	-0.211	0.378	0.019
0	-0.212	0.369	0.020
0	-0.212	0.357	0.019
0	-0.212	0.353	0.019
0	-0.213	0.351	0.019
0	-0.214	0.338	0.017
0	-0.215	0.332	0.017
0	-0.216	0.330	0.017
0	-0.216	0.328	0.017
0	-0.214	0.306	0.012
0	-0.214	0.298	0.010
0	-0.216	0.292	0.007
0	-0.217	0.288	0.008
0	-0.216	0.285	0.007
0	-0.214	0.280	0.008
0	-0.213	0.279	0.007
1	-0.214	0.275	0.002
1	-0.214	0.275	0.001
1	-0.215	0.275	0.001
1	-0.215	0.275	0.001
1	-0.215	0.275	0.001
1	-0.215	0.275	0.001
1	-0.215	0.275	0.001
1	-0.215	0.275	0.001
1	-0.215	0.275	0.001
1	-0.215	0.275	0.001
1	-0.215	0.275	0.001
1	-0.215	0.275	0.001
1	-0.215	0.275	0.001
1	-0.215	0.274	0.001
1	-0.215	0.275	0.001
1	-0.215	0.279	0.001
1	-0.216	0.281	0.001
1	-0.217	0.280	0.001
1	-0.218	0.279	0.001
1	-0.218	0.279	0.001
1	-0.219	0.278	0.001
1	-0.219	0.277	0.001
1	-0.219	0.285	0.001
1	-0.220	0.283	0.001
1	-0.220	0.282	0.001
1	-0.219	0.283	0.001
1	-0.219	0.283	0.001
1	-0.217	0.290	0.001
1	-0.218	0.288	0.001
1	-0.218	0.288	0.001
1	-0.217	0.285	0.001
1	-0.217	0.283	0.001
1	-0.216	0.284	0.001
1	-0.216	0.285	0.001
1	-0.216	0.285	0.001
1	-0.216	0.284	0.001
1	-0.216	0.283	0.001
1	-0.215	0.284	0.001
1	-0.215	0.285	0.001
1	-0.214	0.285	0.001
1	-0.214	0.285	0.001
1	-0.214	0.285	0.001
1	-0.214	0.285	0.001
1	-0.214	0.285	0.001
1	-0.214	0.285	0.001
1	-0.214	0.285	0.001
1	-0.214	0.285	0.001
1	-0.214	0.285	0.001
1	-0.214	0.284	0.001
1	-0.215	0.284	0.001
0	-0.215	0.279	0.006
0	-0.215	0.272	0.007
0	-0.216	0.263	0.011
0	-0.217	0.255	0.013
0	-0.217	0.252	0.013
0	-0.218	0.247	0.015
0	-0.219	0.240	0.017
0	-0.219	0.237	0.017
0	-0.220	0.231	0.018
0	-0.220	0.216	0.019
0	-0.219	0.207	0.019
0	-0.220	0.205	0.019
0	-0.222	0.203	0.019
0	-0.222	0.196	0.019
0	-0.221	0.192	0.019
0	-0.221	0.187	0.019
0	-0.222	0.184	0.019
0	-0.223	0.179	0.019
0	-0.229	0.136	0.011
0	-0.228	0.126	0.008
0	-0.228	0.118	0.005
0	-0.229	0.115	0.004
1	-0.230	0.112	0.001
1	-0.230	0.111	0.001
1	-0.230	0.109	0.001
1	-0.230	0.109	0.001
1	-0.229	0.109	0.001
1	-0.229	0.109	0.001
1	-0.229	0.109	0.001
1	-0.229	0.109	0.001
1	-0.229	0.109	0.001
1	-0.229	0.109	0.001
1	-0.229	0.109	0.001
1	-0.229	0.109	0.001
1	-0.230	0.108	0.001
1	-0.230	0.111	0.001
1	-0.230	0.111	0.001
1	-0.230	0.108	0.001
1	-0.230	0.109	0.001
1	-0.231	0.108	0.001
1	-0.230	0.110	0.001
1	-0.230	0.110	0.001
1	-0.230	0.109	0.001
1	-0.230	0.109	0.001
1	-0.230	0.109	0.001
1	-0.230	0.110	0.001
1	-0.230	0.108	0.001
1	-0.230	0.109	0.001
1	-0.230	0.110	0.001
1	-0.230	0.109	0.001
1	-0.230	0.108	0.001
1	-0.230	0.110	0.001
1	-0.230	0.108	0.001
1	-0.230	0.109	0.001
1	-0.231	0.107	0.001
1	-0.230	0.109	0.001
1	-0.230	0.108	0.001
1	-0.229	0.110	0.001
1	-0.229	0.109	0.001
1	-0.228	0.110	0.001
1	-0.228	0.111	0.001
1	-0.228	0.111	0.001
1	-0.227	0.111	0.001
1	-0.227	0.111	0.001
1	-0.227	0.111	0.001
1	-0.227	0.111	0.001
1	-0.227	0.111	0.001
1	-0.227	0.111	0.001
1	-0.227	0.111	0.001
1	-0.227	0.111	0.001
1	-0.227	0.110	0.001
1	-0.227	0.108	0.004
0	-0.227	0.103	0.005
0	-0.227	0.098	0.007
0	-0.227	0.092	0.009
0	-0.227	0.084	0.012
0	-0.227	0.080	0.013
0	-0.228	0.071	0.015
0	-0.229	0.067	0.015
0	-0.229	0.059	0.017
0	-0.229	0.054	0.017
0	-0.229	0.041	0.019
0	-0.229	0.036	0.019
0	-0.229	0.016	0.019
0	-0.230	0.012	0.019
0	-0.231	0.010	0.019
0	-0.231	-0.014	0.017
0	-0.230	-0.022	0.017
0	-0.231	-0.038	0.013
0	-0.231	-0.042	0.013
0	-0.231	-0.050	0.010
0	-0.231	-0.052	0.010
1	-0.233	-0.061	0.004
1	-0.234	-0.063	0.003
1	-0.234	-0.064	0.003
1	-0.233	-0.067	0.003
1	-0.233	-0.069	0.001
1	-0.233	-0.069	0.001
1	-0.233	-0.069	0.001
1	-0.233	-0.069	0.001
1	-0.233	-0.069	0.001
1	-0.233	-0.069	0.001
1	-0.233	-0.069	0.001
1	-0.233	-0.069	0.001
1	-0.233	-0.068	0.001
1	-0.233	-0.068	0.001
1	-0.233	-0.068	0.001
1	-0.233	-0.068	0.001
1	-0.233	-0.068	0.001
1	-0.234	-0.068	0.001
1	-0.233	-0.066	0.001
1	-0.233	-0.066	0.001
1	-0.233	-0.064	0.001
1	-0.233	-0.067	0.001
1	-0.233	-0.066	0.001
1	-0.233	-0.065	0.001
1	-0.234	-0.067	0.001
1	-0.233	-0.067	0.001
1	-0.233	-0.066	0.001
1	-0.233	-0.068	0.001
1	-0.233	-0.067	0.001
1	-0.233	-0.068	0.001
1	-0.233	-0.069	0.001
1	-0.232	-0.066	0.001
1	-0.233	-0.068	0.001
1	-0.233	-0.070	0.001
1	-0.232	-0.068	0.001
1	-0.233	-0.069	0.001
1	-0.233	-0.070	0.001
1	-0.233	-0.073	0.001
1	-0.232	-0.068	0.001
1	-0.232	-0.067	0.001
1	-0.232	-0.067	0.001
1	-0.232	-0.067	0.001
1	-0.232	-0.066	0.001
1	-0.232	-0.066	0.001
1	-0.232	-0.066	0.001
1	-0.232	-0.066	0.001
1	-0.232	-0.066	0.001
1	-0.232	-0.066	0.001
1	-0.232	-0.066	0.001
1	-0.232	-0.066	0.001
1	-0.232	-0.065	0.001
1	-0.232	-0.065	0.001
1	-0.232	-0.065	0.001
1	-0.232	-0.066	0.001
1	-0.232	-0.066	0.001
1	-0.232	-0.066	0.001
0	-0.233	-0.078	0.009
0	-0.233	-0.089	0.010
0	-0.234	-0.095	0.010
0	-0.234	-0.097	0.010
0	-0.235	-0.099	0.010
0	-0.235	-0.101	0.010
0	-0.235	-0.112	0.010
0	-0.235	-0.118	0.010
0	-0.235	-0.121	0.010
0	-0.246	-0.173	0.016
0	-0.243	-0.184	0.018
0	-0.244	-0.193	0.017
0	-0.245	-0.196	0.017
0	-0.246	-0.209	0.014
0	-0.246	-0.218	0.012
0	-0.246	-0.224	0.010
0	-0.246	-0.227	0.010
0	-0.245	-0.229	0.010
0	-0.247	-0.235	0.005
0	-0.248	-0.237	0.005
1	-0.248	-0.244	0.003
1	-0.247	-0.248	0.002
1	-0.247	-0.249	0.001
1	-0.247	-0.249	0.001
1	-0.247	-0.248	0.001
1	-0.247	-0.248	0.001
1	-0.247	-0.248	0.001
1	-0.247	-0.248	0.001
1	-0.247	-0.248	0.001
1	-0.247	-0.248	0.001
1	-0.247	-0.247	0.001
1	-0.247	-0.247	0.001
1	-0.247	-0.247	0.001
1	-0.247	-0.247	0.001
1	-0.247	-0.247	0.001
1	-0.248	-0.246	0.001
1	-0.248	-0.245	0.001
1	-0.248	-0.245	0.001
1	-0.249	-0.244	0.001
1	-0.250	-0.245	0.001
1	-0.250	-0.241	0.001
1	-0.251	-0.243	0.001
1	-0.250	-0.243	0.001
1	-0.250	-0.244	0.001
1	-0.251	-0.245	0.001
1	-0.250	-0.243	0.001
1	-0.249	-0.243	0.001
1	-0.250	-0.243	0.001
1	-0.250	-0.244	0.001
1	-0.250	-0.245	0.001
1	-0.249	-0.245	0.001
1	-0.249	-0.246	0.001
1	-0.249	-0.243	0.001
1	-0.250	-0.245	0.001
1	-0.250	-0.245	0.001
1	-0.250	-0.245	0.001
1	-0.250	-0.244	0.001
1	-0.249	-0.243	0.001
1	-0.249	-0.243	0.001
1	-0.249	-0.247	0.001
1	-0.248	-0.246	0.001
1	-0.248	-0.245	0.001
1	-0.248	-0.245	0.001
1	-0.248	-0.245	0.001
1	-0.248	-0.245	0.001
1	-0.248	-0.245	0.001
1	-0.248	-0.245	0.001
1	-0.248	-0.245	0.001
1	-0.248	-0.245	0.001
1	-0.248	-0.245	0.001
1	-0.248	-0.245	0.001
1	-0.248	-0.245	0.001
1	-0.248	-0.244	0.001
1	-0.248	-0.245	0.001
0	-0.248	-0.250	0.005
0	-0.248	-0.255	0.005
0	-0.249	-0.258	0.006
0	-0.250	-0.261	0.006
0	-0.250	-0.263	0.006
0	-0.252	-0.302	0.018
0	-0.251	-0.312	0.019
0	-0.252	-0.331	0.019
0	-0.251	-0.337	0.019
0	-0.252	-0.344	0.019
0	-0.252	-0.356	0.018
0	-0.252	-0.361	0.018
0	-0.252	-0.370	0.017
0	-0.252	-0.376	0.016
0	-0.252	-0.381	0.015
0	-0.252	-0.383	0.015
0	-0.254	-0.392	0.010
0	-0.254	-0.399	0.011
0	-0.253	-0.408	0.008
0	-0.253	-0.413	0.005
1	-0.253	-0.417	0.004
1	-0.253	-0.419	0.003
1	-0.253	-0.423	0.001
1	-0.254	-0.423	0.001
1	-0.254	-0.423	0.001
1	-0.254	-0.423	0.001
1	-0.254	-0.423	0.001
1	-0.254	-0.423	0.001
1	-0.254	-0.423	0.001
1	-0.254	-0.423	0.001
1	-0.254	-0.423	0.001
1	-0.254	-0.423	0.001
1	-0.254	-0.423	0.001
1	-0.254	-0.423	0.001
1	-0.254	-0.422	0.001
1	-0.255	-0.422	0.001
1	-0.256	-0.422	0.001
1	-0.255	-0.420	0.001
1	-0.256	-0.420	0.001
1	-0.258	-0.423	0.001
1	-0.257	-0.420	0.001
1	-0.257	-0.419	0.001
1	-0.257	-0.420	0.001
1	-0.256	-0.422	0.001
1	-0.256	-0.418	0.001
1	-0.256	-0.419	0.001
1	-0.256	-0.418	0.001
1	-0.255	-0.418	0.001
1	-0.255	-0.418	0.001
1	-0.255	-0.419	0.001
1	-0.256	-0.419	0.001
1	-0.256	-0.420	0.001
1	-0.255	-0.401	0.001
1	-0.254	-0.402	0.001
1	-0.254	-0.406	0.001
1	-0.253	-0.406	0.001
1	-0.252	-0.406	0.001
1	-0.252	-0.406	0.001
1	-0.252	-0.406	0.001
1	-0.252	-0.406	0.001
1	-0.252	-0.406	0.001
1	-0.252	-0.406	0.001
1	-0.252	-0.406	0.001
1	-0.252	-0.406	0.001
1	-0.252	-0.406	0.001
1	-0.252	-0.406	0.001
1	-0.252	-0.406	0.001
1	-0.252	-0.406	0.001
1	-0.252	-0.406	0.001
1	-0.252	-0.406	0.001
1	-0.252	-0.407	0.001
1	-0.252	-0.411	0.004
0	-0.252	-0.413	0.004
0	-0.253	-0.422	0.009
0	-0.254	-0.428	0.011
0	-0.254	-0.430	0.011
0	-0.256	-0.440	0.015
0	-0.257	-0.455	0.017
0	-0.257	-0.462	0.017
0	-0.258	-0.463	0.017
0	-0.259	-0.476	0.019
0	-0.260	-0.488	0.019
0	-0.261	-0.499	0.019
0	-0.261	-0.504	0.019
0	-0.261	-0.520	0.018
0	-0.261	-0.524	0.018
0	-0.264	-0.527	0.018
0	-0.266	-0.543	0.015
0	-0.266	-0.547	0.015
0	-0.266	-0.557	0.012
0	-0.266	-0.563	0.011
0	-0.267	-0.566	0.011
0	-0.268	-0.570	0.012
1	-0.269	-0.582	0.003
1	-0.269	-0.586	0.001
1	-0.270	-0.586	0.001
1	-0.270	-0.586	0.001
1	-0.270	-0.586	0.001
1	-0.270	-0.586	0.001
1	-0.270	-0.586	0.001
1	-0.270	-0.586	0.001
1	-0.270	-0.586	0.001
1	-0.270	-0.586	0.001
1	-0.270	-0.586	0.001
1	-0.270	-0.585	0.001
1	-0.271	-0.584	0.001
1	-0.271	-0.584	0.001
1	-0.271	-0.584	0.001
1	-0.272	-0.585	0.001
1	-0.272	-0.586	0.001
1	-0.271	-0.583	0.001
1	-0.272	-0.582	0.001
1	-0.272	-0.581	0.001
1	-0.272	-0.583	0.001
1	-0.273	-0.584	0.001
1	-0.273	-0.581	0.001
1	-0.273	-0.580	0.001
1	-0.273	-0.582	0.001
1	-0.273	-0.581	0.001
1	-0.273	-0.581	0.001
1	-0.273	-0.578	0.001
1	-0.273	-0.579	0.001
1	-0.273	-0.580	0.001
1	-0.273	-0.577	0.001
1	-0.274	-0.580	0.001
1	-0.273	-0.579	0.001
1	-0.273	-0.579	0.001
1	-0.274	-0.581	0.001
1	-0.274	-0.581	0.001
1	-0.273	-0.582	0.001
1	-0.272	-0.578	0.001
1	-0.272	-0.579	0.001
1	-0.271	-0.579	0.001
1	-0.271	-0.579	0.001
1	-0.271	-0.579	0.001
1	-0.271	-0.579	0.001
1	-0.271	-0.579	0.001
1	-0.271	-0.579	0.001
1	-0.271	-0.579	0.001
1	-0.271	-0.580	0.001
1	-0.271	-0.580	0.001
1	-0.271	-0.580	0.001
1	-0.271	-0.580	0.001
1	-0.271	-0.580	0.001
1	-0.271	-0.580	0.001
1	-0.271	-0.581	0.003
1	-0.270	-0.584	0.003
0	-0.271	-0.587	0.005
0	-0.271	-0.589	0.005
0	-0.271	-0.590	0.005
0	-0.271	-0.601	0.011
0	-0.271	-0.605	0.011
0	-0.273	-0.608	0.011
0	-0.275	-0.621	0.016
0	-0.275	-0.630	0.017
0	-0.275	-0.640	0.018
0	-0.274	-0.645	0.018
0	-0.275	-0.653	0.019
0	-0.276	-0.669	0.019
0	-0.276	-0.674	0.019
0	-0.277	-0.682	0.019
0	-0.277	-0.698	0.018
0	-0.276	-0.704	0.017
0	-0.277	-0.713	0.016
0	-0.277	-0.722	0.014
0	-0.277	-0.725	0.014
0	-0.277	-0.726	0.014
0	-0.278	-0.738	0.009
0	-0.279	-0.744	0.008
0	-0.277	-0.752	0.005
1	-0.278	-0.756	0.003
1	-0.278	-0.760	0.002
1	-0.278	-0.761	0.002
1	-0.278	-0.762	0.002
1	-0.278	-0.762	0.001
1	-0.278	-0.762	0.001
1	-0.278	-0.762	0.001
1	-0.278	-0.762	0.001
1	-0.278	-0.762	0.001
1	-0.278	-0.762	0.001
1	-0.278	-0.762	0.001
1	-0.278	-0.762	0.001
1	-0.278	-0.762	0.001
1	-0.278	-0.762	0.001
1	-0.278	-0.763	0.001
1	-0.278	-0.763	0.001
1	-0.279	-0.761	0.001
1	-0.279	-0.761	0.001
1	-0.279	-0.761	0.001
1	-0.280	-0.761	0.001
1	-0.279	-0.759	0.001
1	-0.280	-0.761	0.001
1	-0.280	-0.759	0.001
1	-0.279	-0.756	0.001
1	-0.279	-0.756	0.001
1	-0.280	-0.756	0.001
1	-0.279	-0.753	0.001
1	-0.279	-0.756	0.001
1	-0.279	-0.758	0.001
1	-0.279	-0.755	0.001
1	-0.278	-0.755	0.001
1	-0.278	-0.752	0.001
1	-0.279	-0.756	0.001
1	-0.280	-0.758	0.001
1	-0.279	-0.755	0.001
1	-0.279	-0.755	0.001
1	-0.280	-0.757	0.001
1	-0.279	-0.755	0.001
1	-0.279	-0.755	0.001
1	-0.277	-0.750	0.001
1	-0.277	-0.750	0.001
1	-0.277	-0.750	0.001
1	-0.277	-0.750	0.001
1	-0.277	-0.750	0.001
1	-0.277	-0.750	0.001
1	-0.277	-0.750	0.001
1	-0.277	-0.750	0.001
1	-0.277	-0.750	0.001
1	-0.277	-0.750	0.001
1	-0.276	-0.750	0.001
1	-0.276	-0.750	0.001
1	-0.276	-0.750	0.001
1	-0.276	-0.750	0.001
1	-0.276	-0.750	0.001
1	-0.276	-0.750	0.001
1	-0.276	-0.755	0.004
0	-0.277	-0.758	0.004
0	-0.277	-0.761	0.004
0	-0.278	-0.770	0.010
0	-0.279	-0.780	0.013
0	-0.279	-0.784	0.013
0	-0.280	-0.790	0.015
0	-0.280	-0.791	0.015
0	-0.281	-0.805	0.018
0	-0.283	-0.817	0.019
0	-0.283	-0.829	0.019
0	-0.284	-0.836	0.019
0	-0.284	-0.847	0.019
0	-0.284	-0.864	0.018
0	-0.286	-0.875	0.017
0	-0.287	-0.881	0.016
0	-0.287	-0.886	0.015
0	-0.287	-0.892	0.013
0	-0.283	-0.905	0.011
0	-0.284	-0.913	0.009
0	-0.285	-0.920	0.006
0	-0.286	-0.922	0.006
1	-0.285	-0.926	0.004
1	-0.286	-0.931	0.003
1	-0.286	-0.933	0.003
1	-0.286	-0.934	0.001
1	-0.286	-0.934	0.001
1	-0.286	-0.934	0.001
1	-0.286	-0.934	0.001
1	-0.286	-0.934	0.001
1	-0.286	-0.934	0.001
1	-0.286	-0.934	0.001
1	-0.286	-0.934	0.001
1	-0.286	-0.934	0.001
1	-0.286	-0.935	0.001
1	-0.286	-0.935	0.001
1	-0.286	-0.935	0.001
1	-0.286	-0.935	0.001
1	-0.287	-0.936	0.001
1	-0.287	-0.934	0.001
1	-0.287	-0.934	0.001
1	-0.287	-0.933	0.001
1	-0.288	-0.933	0.001
1	-0.288	-0.933	0.001
1	-0.290	-0.935	0.001
1	-0.290	-0.932	0.001
1	-0.289	-0.932	0.001
1	-0.289	-0.931	0.001
1	-0.289	-0.931	0.001
1	-0.289	-0.932	0.001
1	-0.288	-0.930	0.001
1	-0.288	-0.931	0.001
1	-0.289	-0.932	0.001
1	-0.288	-0.930	0.001
1	-0.289	-0.932	0.001
1	-0.290	-0.933	0.001
1	-0.289	-0.933	0.001
1	-0.289	-0.933	0.001
1	-0.289	-0.933	0.001
1	-0.290	-0.933	0.001
1	-0.289	-0.930	0.001
1	-0.289	-0.929	0.001
1	-0.290	-0.931	0.001
1	-0.290	-0.931	0.001
1	-0.290	-0.931	0.001
1	-0.290	-0.931	0.001
1	-0.289	-0.930	0.001
1	-0.289	-0.930	0.001
1	-0.289	-0.929	0.001
1	-0.289	-0.929	0.001
1	-0.289	-0.929	0.001
1	-0.289	-0.929	0.001
1	-0.289	-0.929	0.001
1	-0.289	-0.929	0.001
1	-0.289	-0.929	0.001
1	-0.289	-0.929	0.001
1	-0.289	-0.930	0.001
1	-0.289	-0.932	0.003
1	-0.289	-0.933	0.003
0	-0.290	-0.955	0.011
0	-0.290	-0.958	0.011
0	-0.289	-0.959	0.011
0	-0.292	-0.983	0.017
0	-0.293	-0.994	0.018
0	-0.294	-1.004	0.019
0	-0.295	-1.016	0.019
