0	0.207	-0.219	0.009
0	0.206	-0.228	0.005
0	0.206	-0.230	0.005
0	0.206	-0.230	0.005
0	0.206	-0.230	0.005
0	0.206	-0.230	0.005
0	0.206	-0.230	0.005
1	0.209	-0.179	0.002
1	0.202	-0.177	0.001
1	0.200	-0.180	0.003
1	0.199	-0.179	0.003
0	0.198	-0.178	0.005
0	0.198	-0.176	0.006
0	0.198	-0.175	0.007
0	0.199	-0.176	0.009
0	0.198	-0.175	0.009
0	0.198	-0.173	0.010
0	0.197	-0.175	0.013
0	0.198	-0.174	0.013
0	0.198	-0.175	0.014
0	0.198	-0.175	0.015
0	0.198	-0.179	0.016
0	0.198	-0.179	0.018
0	0.198	-0.180	0.019
0	0.199	-0.184	0.019
0	0.199	-0.184	0.019
0	0.199	-0.187	0.018
0	0.199	-0.187	0.018
0	0.199	-0.188	0.018
0	0.199	-0.188	0.018
0	0.199	-0.190	0.017
0	0.200	-0.192	0.017
0	0.200	-0.194	0.015
0	0.200	-0.192	0.015
0	0.200	-0.192	0.014
0	0.200	-0.192	0.013
0	0.200	-0.193	0.012
0	0.200	-0.193	0.010
0	0.200	-0.190	0.009
0	0.200	-0.190	0.007
0	0.200	-0.190	0.007
0	0.201	-0.188	0.007
0	0.200	-0.187	0.004
0	0.199	-0.205	0.016
1	0.209	-0.166	0.002
1	0.207	-0.169	0.001
1	0.203	-0.172	0.001
1	0.203	-0.171	0.001
1	0.201	-0.174	0.001
1	0.201	-0.173	0.001
1	0.201	-0.174	0.001
1	0.201	-0.174	0.001
1	0.201	-0.173	0.001
1	0.201	-0.172	0.001
1	0.202	-0.171	0.001
1	0.201	-0.177	0.001
1	0.202	-0.177	0.001
1	0.202	-0.176	0.001
1	0.202	-0.176	0.001
1	0.202	-0.176	0.001
1	0.202	-0.176	0.001
1	0.202	-0.175	0.001
1	0.202	-0.175	0.001
1	0.202	-0.173	0.001
1	0.203	-0.172	0.001
1	0.204	-0.169	0.001
1	0.204	-0.175	0.001
1	0.204	-0.176	0.001
1	0.203	-0.175	0.001
1	0.203	-0.174	0.001
1	0.203	-0.174	0.001
1	0.203	-0.174	0.001
1	0.203	-0.174	0.001
1	0.203	-0.174	0.001
1	0.203	-0.174	0.001
1	0.203	-0.174	0.001
1	0.203	-0.173	0.001
1	0.203	-0.173	0.001
1	0.203	-0.173	0.001
1	0.203	-0.173	0.001
1	0.219	-0.129	0.001
0	0.219	-0.129	0.012
0	0.224	-0.142	0.006
0	0.225	-0.144	0.006
0	0.222	-0.132	0.006
0	0.221	-0.132	0.012
0	0.222	-0.133	0.012
0	0.223	-0.132	0.011
0	0.221	-0.141	0.016
0	0.222	-0.139	0.016
0	0.222	-0.134	0.016
0	0.223	-0.132	0.016
0	0.221	-0.145	0.019
0	0.222	-0.148	0.019
0	0.224	-0.146	0.018
0	0.223	-0.151	0.018
0	0.222	-0.150	0.018
0	0.224	-0.157	0.016
0	0.223	-0.157	0.015
0	0.222	-0.154	0.014
0	0.222	-0.154	0.014
0	0.222	-0.162	0.010
0	0.221	-0.160	0.006
