-0.3816884458065	-0.22742208838463	-0.22854666411877	0.20657992362976	-0.21933525800705	0.0086392164230347	-0.0052289334125817	0.034606009721756	0.08098017424345	-0.094959229230881
-0.42234572768211	-0.25039702653885	-0.25308880209923	0.20567214488983	-0.2284601777792	0.0049859508872032	-0.0052089518867433	0.03730234503746	0.078682079911232	-0.093885317444801
-0.42649444937706	-0.25319281220436	-0.25572308897972	0.20565371215343	-0.23017485439777	0.0050635039806366	-0.0032331296242774	0.037522047758102	0.078540906310081	-0.093688517808914
-0.42664432525635	-0.25357902050018	-0.25600597262383	0.20586064457893	-0.2298741787672	0.0051381513476372	-0.0032767965458333	0.037431180477142	0.07861303538084	-0.093669161200523
-0.42662912607193	-0.25362560153008	-0.25603640079498	0.20603677630424	-0.22989343106747	0.0050947368144989	-0.0033358198124915	0.037412166595459	0.078632548451424	-0.093674972653389
-0.42664796113968	-0.25362560153008	-0.25603932142258	0.20613405108452	-0.23014380037785	0.0050531476736069	-0.003336486639455	0.037419527769089	0.078628525137901	-0.093677833676338
-0.42664954066277	-0.25361922383308	-0.25603973865509	0.2062034457922	-0.2303781658411	0.0050358027219772	-0.0033307441044599	0.037420451641083	0.078625872731209	-0.093678466975689
-0.43244594335556	-0.1399761736393	-0.17705222964287	0.20369844138622	-0.22883020341396	0.0031225830316544	-0.0058814063668251	0.037137418985367	0.076167017221451	-0.10013128817081
-0.43075668811798	-0.15189081430435	-0.19053599238396	0.20273552834988	-0.23218978941441	0.0024585127830505	-0.0053499764762819	0.036436587572098	0.076311074197292	-0.099291689693928
-0.42675712704659	-0.17696310579777	-0.21336030960083	0.20207358896732	-0.23483216762543	0.002717062830925	-0.0036366642452776	0.036272257566452	0.076357506215572	-0.097907118499279
-0.41908183693886	-0.20265267789364	-0.23644717037678	0.20193254947662	-0.23343089222908	0.0037723183631897	-0.0031543388031423	0.035787999629974	0.07644509524107	-0.096513904631138
-0.41818076372147	-0.20549747347832	-0.23892605304718	0.20242793858051	-0.23152437806129	0.0035750791430473	-0.0032800603657961	0.035748273134232	0.076460659503937	-0.096331283450127
-0.40758645534515	-0.2290446460247	-0.25892132520676	0.20234589278698	-0.22861105203629	0.0048394501209259	-0.0033167146611959	0.034835994243622	0.076942175626755	-0.095026977360249
-0.39348953962326	-0.25454807281494	-0.27970877289772	0.20256386697292	-0.22562195360661	0.0062483623623848	-0.0033139791339636	0.03381884098053	0.077557176351547	-0.093577265739441
-0.37613913416862	-0.27972936630249	-0.29930073022842	0.2026169449091	-0.22180940210819	0.0076400116086006	-0.0034093367867172	0.032526254653931	0.078338585793972	-0.092150911688805
-0.35599681735039	-0.30404558777809	-0.3172812461853	0.20266975462437	-0.21790570020676	0.009010523557663	-0.0034108604304492	0.031021654605865	0.079240575432777	-0.090779140591621
-0.3105480670929	-0.34705889225006	-0.34568110108376	0.20313407480717	-0.21150416135788	0.011350609362125	-0.0034504756331444	0.027636021375656	0.081302314996719	-0.08835756778717
-0.28091469407082	-0.37007185816765	-0.35890418291092	0.20302586257458	-0.20511873066425	0.012816332280636	-0.0034904934000224	0.025342255830765	0.082663223147392	-0.087057240307331
-0.27771225571632	-0.37250152230263	-0.36032405495644	0.20306490361691	-0.20340053737164	0.012797608971596	-0.0035684579052031	0.025088429450989	0.082806758582592	-0.086938574910164
-0.22369062900543	-0.40490594506264	-0.37370318174362	0.20332060754299	-0.19608464837074	0.014674350619316	-0.0035465522669256	0.020938277244568	0.085305884480476	-0.085096120834351
-0.18899010121822	-0.42187941074371	-0.37783753871918	0.20338959991932	-0.18959932029247	0.015685215592384	-0.0035770672839135	0.018076956272125	0.086976885795593	-0.084118857979774
-0.15593019127846	-0.4351424574852	-0.37817052006721	0.20372343063354	-0.18527515232563	0.016368366777897	-0.0036092381924391	0.015367746353149	0.088593758642673	-0.083333253860474
-0.15245078504086	-0.43645352125168	-0.37820628285408	0.20334911346436	-0.18191830813885	0.016491457819939	-0.0036698642652482	0.015120446681976	0.088715456426144	-0.083265699446201
-0.12218880653381	-0.44587755203247	-0.3751794397831	0.20352323353291	-0.17636470496655	0.01715612411499	-0.0036113229580224	0.012523323297501	0.090242594480515	-0.082660786807537
-0.088968813419342	-0.45387905836105	-0.36882954835892	0.20368957519531	-0.17190983891487	0.01761782169342	-0.0036700475029647	0.0096210539340973	0.091959647834301	-0.082117386162281
-0.055780325084925	-0.45916751027107	-0.35909017920494	0.20380820333958	-0.16696827113628	0.018043756484985	-0.0036731786094606	0.0066909790039062	0.093689598143101	-0.081680603325367
-0.022828910499811	-0.46165907382965	-0.34596198797226	0.20377171039581	-0.15984056890011	0.018473356962204	-0.0036865244619548	0.0036117434501648	0.095465764403343	-0.081359997391701
0.037292692810297	-0.458152115345	-0.31154158711433	0.2040252238512	-0.15078979730606	0.018593087792397	-0.003723805770278	-0.0023249983787537	0.098930977284908	-0.081120848655701
0.043540306389332	-0.45766320824623	-0.30784568190575	0.20399728417397	-0.14702375233173	0.018781170248985	-0.0037097721360624	-0.0029002279043198	0.09926275908947	-0.081087552011013
0.070989683270454	-0.45184341073036	-0.28673633933067	0.20408686995506	-0.14240857958794	0.018660977482796	-0.0037328850012273	-0.0057706236839294	0.10093019157648	-0.08113943785429
0.12352783232927	-0.43190756440163	-0.2354371547699	0.20392136275768	-0.13346272706985	0.018347129225731	-0.003719876985997	-0.011519595980644	0.10428485274315	-0.081584565341473
0.15215355157852	-0.41662606596947	-0.20202004909515	0.20385923981667	-0.12754653394222	0.017746567726135	-0.0037439863663167	-0.01490418612957	0.10617852956057	-0.082038663327694
0.17637872695923	-0.39958003163338	-0.16857407987118	0.20403908193111	-0.120958738029	0.017319224774837	-0.0037540602497756	-0.017780244350433	0.10787699371576	-0.082564160227776
0.17909151315689	-0.39783596992493	-0.16498290002346	0.20455875992775	-0.11809803545475	0.01714164763689	-0.0037500378675759	-0.018147081136703	0.10807207971811	-0.082618698477745
0.1992165595293	-0.38032111525536	-0.13304801285267	0.20434211194515	-0.11364139616489	0.016746357083321	-0.0037448708899319	-0.020680695772171	0.10955783724785	-0.083190709352493
0.23661538958549	-0.33818498253822	-0.062537953257561	0.20423747599125	-0.10486520081758	0.015262365341187	-0.0037676389329135	-0.025653302669525	0.11241309344769	-0.084749892354012
0.27021542191505	-0.28792107105255	0.015520450659096	0.20438984036446	-0.095575518906116	0.013248212635517	-0.0037560362834483	-0.03050509095192	0.115134999156	-0.086750246584415
0.2862184047699	-0.25804752111435	0.059687722474337	0.20411925017834	-0.089660666882992	0.012182049453259	-0.0037409677170217	-0.032865568995476	0.11651706695557	-0.087973028421402
0.29901313781738	-0.22937788069248	0.1001790240407	0.20418864488602	-0.084456488490105	0.010881394147873	-0.0037308000028133	-0.034812524914742	0.1176223307848	-0.089234873652458
0.31014612317085	-0.20041404664516	0.13993790745735	0.20453797280788	-0.080660626292229	0.0095292553305626	-0.0037066135555506	-0.036578774452209	0.11862372606993	-0.090540342032909
0.31961199641228	-0.17097625136375	0.17897824943066	0.20490227639675	-0.078105263411999	0.0082154795527458	-0.003696973901242	-0.038075193762779	0.11950600147247	-0.091904908418655
0.32762902975082	-0.14134696125984	0.2170026153326	0.20513366162777	-0.075997844338417	0.0068705081939697	-0.0036988607607782	-0.039381355047226	0.12025547772646	-0.093328393995762
0.32826274633408	-0.13830377161503	0.2210855782032	0.20333395898342	-0.071777388453484	0.0073808655142784	-0.0037179798819125	-0.039401590824127	0.12037445604801	-0.093413881957531
0.32888889312744	-0.13786771893501	0.22152389585972	0.20256780087948	-0.067834421992302	0.0071327984333038	-0.0036334008909762	-0.039677157998085	0.12030322849751	-0.09349961578846
0.32861691713333	-0.13775381445885	0.22157107293606	0.20332588255405	-0.06726910918951	0.006995715200901	-0.003643563715741	-0.0395378023386	0.12033975124359	-0.093516007065773
0.34438195824623	-0.014021631330252	0.36655485630035	0.20508179068565	-0.062571123242378	0.0015092417597771	-0.00366474641487	-0.042366206645966	0.12257747352123	-0.099559873342514
0.33659484982491	-0.016605904325843	0.35709562897682	0.20644906163216	-0.061993353068829	0.0014120116829872	-0.0036096670664847	-0.041595682501793	0.12284388393164	-0.098883062601089
0.30383577942848	-0.045244850218296	0.28612992167473	0.2062876522541	-0.063692793250084	0.0013358667492867	-0.0038379062898457	-0.036826357245445	0.12010252475739	-0.098953671753407
0.27719286084175	-0.061087042093277	0.23532690107822	0.20690456032753	-0.064546935260296	0.0012714043259621	-0.0037583850789815	-0.032624825835228	0.11748114228249	-0.099113591015339
0.2733955681324	-0.061439443379641	0.2296915948391	0.20711237192154	-0.063349731266499	0.0012604668736458	-0.0032894401811063	-0.03145943582058	0.11702901124954	-0.099176622927189
0.24924102425575	-0.076172463595867	0.18954601883888	0.20723235607147	-0.06386636942625	0.0012204572558403	-0.003743504639715	-0.028390318155289	0.11520417034626	-0.099052362143993
0.24576763808727	-0.076529212296009	0.1850983351469	0.20738986134529	-0.062868133187294	0.0012106224894524	-0.0034993179142475	-0.027418717741966	0.1148691251874	-0.099136009812355
0.24518868327141	-0.076185747981071	0.18462160229683	0.2074264138937	-0.061746791005135	0.0012079551815987	-0.0036092617083341	-0.027154833078384	0.11476666480303	-0.099164023995399
0.24521672725677	-0.076617866754532	0.18455769121647	0.20749072730541	-0.060730993747711	0.0012099891901016	-0.0036185909993947	-0.027202948927879	0.11482535302639	-0.099104426801205
0.13552823662758	-0.11539218574762	0.052844252437353	0.20753642916679	-0.068719774484634	0.0010788962244987	-0.0054289139807224	-0.015134558081627	0.10751770436764	-0.09936185926199
0.10382083803415	-0.11887993663549	0.024443991482258	0.20798595249653	-0.067729525268078	0.0010327026247978	-0.0030881420243531	-0.0091118663549423	0.1050882562995	-0.099283181130886
0.10029330849648	-0.119518853724	0.02146608941257	0.20829404890537	-0.066489472985268	0.0010281652212143	-0.0036773819010705	-0.008378192782402	0.1047648191452	-0.099116206169128
0.10037081688643	-0.1205029040575	0.021244799718261	0.20836351811886	-0.06570353358984	0.0010306239128113	-0.0037708785384893	-0.0086662024259567	0.1048723757267	-0.099044390022755
0.10136650502682	-0.11924172192812	0.021065007895231	0.20910920202732	-0.065080918371677	0.0010309293866158	-0.0038247057236731	-0.0093146115541458	0.10461935400963	-0.09923905134201
0.01725360378623	-0.13156542181969	-0.038788963109255	0.2091539055109	-0.068755559623241	0.00097808241844177	-0.0044803898781538	-0.0014687925577164	0.10020805895329	-0.099271044135094
-0.012584749609232	-0.13144089281559	-0.055939882993698	0.20912893116474	-0.068479001522064	0.00095038115978241	-0.0036617745645344	0.0028772950172424	0.098062872886658	-0.099317207932472
-0.01622630096972	-0.13086213171482	-0.057856678962708	0.2088832706213	-0.06754993647337	0.0009465292096138	-0.0037591464351863	0.0036727637052536	0.097610995173454	-0.099240757524967
-0.015795301645994	-0.13009171187878	-0.058074548840523	0.20945677161217	-0.067680291831493	0.00094519555568695	-0.0034805932082236	0.0031836181879044	0.0975052267313	-0.099414460361004
-0.016784690320492	-0.12880152463913	-0.058351948857307	0.2098221629858	-0.066279761493206	0.00094239413738251	-0.0036387860309333	0.0039403140544891	0.097166262567043	-0.099334225058556
-0.092665925621986	-0.1364716142416	-0.093884669244289	0.20973402261734	-0.068104356527328	0.00091783702373505	-0.0035842787474394	0.0095525532960892	0.094209566712379	-0.099221408367157
-0.16373363137245	-0.13607200980186	-0.11961130052805	0.20970480144024	-0.069296166300774	0.00089216977357864	-0.003144622547552	0.01559753715992	0.090492784976959	-0.099418118596077
-0.19444586336613	-0.13490352034569	-0.12867680191994	0.20983222126961	-0.068779326975346	0.0008799210190773	-0.0036639017052948	0.019010424613953	0.088541224598885	-0.099373251199722
-0.22008539736271	-0.13513348996639	-0.13528761267662	0.20972611010075	-0.068427756428719	0.00087209790945053	-0.0033221859484911	0.02135743200779	0.087274119257927	-0.099296428263187
-0.22293159365654	-0.13355731964111	-0.13616824150085	0.20994247496128	-0.067173361778259	0.00087085366249084	-0.0035429112613201	0.021666288375854	0.086760103702545	-0.099336802959442
-0.2232406437397	-0.13277432322502	-0.13633590936661	0.21038024127483	-0.065976098179817	0.00086959451436996	-0.003345487639308	0.02168034017086	0.086584910750389	-0.099370799958706
-0.22311243414879	-0.13315251469612	-0.13633199036121	0.21080170571804	-0.064730435609818	0.00087009370326996	-0.0033878884278238	0.02156725525856	0.086689457297325	-0.099332630634308
-0.38281068205833	-0.13519287109375	-0.1622648537159	0.21031951904297	-0.07025571167469	0.00087869912385941	-0.0026400734204799	0.032090976834297	0.081130228936672	-0.099409110844135
-0.40311777591705	-0.13305181264877	-0.16499710083008	0.20992693305016	-0.069710649549961	0.0008673369884491	-0.0037442196626216	0.035126745700836	0.078890167176723	-0.099686473608017
-0.40463247895241	-0.13328544795513	-0.16538095474243	0.20994022488594	-0.069604568183422	0.00086776912212372	-0.0033734471071512	0.035020470619202	0.078889243304729	-0.099492989480495
-0.40463030338287	-0.13358260691166	-0.16548897325993	0.21015490591526	-0.069505915045738	0.00086992979049683	-0.0031593057792634	0.034942865371704	0.079025775194168	-0.099336080253124
-0.39348638057709	-0.24433556199074	-0.26967704296112	0.20817862451077	-0.064667105674744	0.0058995559811592	-0.0032043405808508	0.033995062112808	0.077795341610909	-0.094025298953056
-0.3758764564991	-0.27867698669434	-0.29822373390198	0.20769439637661	-0.059120777994394	0.0078106001019478	-0.0033490366768092	0.032430581748486	0.078440591692924	-0.092180572450161
-0.37415188550949	-0.28230237960815	-0.30128872394562	0.2076410651207	-0.056958671659231	0.0075231269001961	-0.0035758554004133	0.032356798648834	0.078439876437187	-0.09201517701149
-0.37400004267693	-0.28265476226807	-0.30161798000336	0.20762468874454	-0.055942311882973	0.0074554979801178	-0.0034826931077987	0.032354682683945	0.078424975275993	-0.092006549239159
-0.37406042218208	-0.28263965249062	-0.30165341496468	0.20752112567425	-0.055668510496616	0.007496565580368	-0.0035101932007819	0.032377764582634	0.078403428196907	-0.092007838189602
-0.26154774427414	-0.38008195161819	-0.36203923821449	0.2064595669508	-0.040744386613369	0.013893753290176	-0.003501245751977	0.02390968054533	0.083624415099621	-0.086466960608959
-0.16354620456696	-0.43063068389893	-0.37647438049316	0.20719283819199	-0.026122704148293	0.01693332195282	-0.0034558237530291	0.01591033488512	0.088311679661274	-0.08355638384819
-0.093195341527462	-0.4523329436779	-0.36896842718124	0.20753069221973	-0.012465633451939	0.018028512597084	-0.0037350014317781	0.0099174752831459	0.091793887317181	-0.082206718623638
-0.026639943942428	-0.46107199788094	-0.34702265262604	0.2084578871727	-0.00031681731343269	0.018673628568649	-0.0036649547982961	0.0038663148880005	0.095329463481903	-0.081408433616161
0.03686273470521	-0.45812958478928	-0.31165561079979	0.20907944440842	0.011576153337955	0.018834546208382	-0.00372868264094	-0.0022977590560913	0.098928466439247	-0.08111447095871
0.043730370700359	-0.45781710743904	-0.30785807967186	0.20931722223759	0.014484547078609	0.018769159913063	-0.0037371194921434	-0.0029958710074425	0.099299840629101	-0.081089295446873
0.12068895250559	-0.4326183795929	-0.23770502209663	0.2095395475626	0.023575626313686	0.018180146813393	-0.003723306581378	-0.011223219335079	0.10415071249008	-0.081592187285423
0.17292346060276	-0.4011102616787	-0.17240571975708	0.21120736002922	0.032119035720825	0.016928635537624	-0.0038430273998529	-0.017353735864162	0.10765904933214	-0.082549065351486
0.17859002947807	-0.39809247851372	-0.16539438068867	0.21256232261658	0.035302743315697	0.016998678445816	-0.0037482450716197	-0.018048405647278	0.10807242244482	-0.082607664167881
0.17922134697437	-0.39768269658089	-0.16464141011238	0.21246482431889	0.036218073219061	0.017121493816376	-0.0037476341240108	-0.018123105168343	0.10809914022684	-0.082617908716202
0.17916335165501	-0.39752778410912	-0.16456055641174	0.21289387345314	0.03611159697175	0.0171819627285	-0.0037415772676468	-0.018089666962624	0.10809274762869	-0.082614123821259
0.17914919555187	-0.39757838845253	-0.16455206274986	0.213214173913	0.036327235400677	0.017258353531361	-0.0037447758950293	-0.018070138990879	0.10809916257858	-0.08261051774025
0.27599668502808	-0.26966747641563	0.040353376418352	0.21066506206989	0.062075767666101	0.013705238699913	-0.0039765364490449	-0.031162291765213	0.11591751128435	-0.087505131959915
0.28765553236008	-0.25622153282166	0.062354374676943	0.20977847278118	0.072008267045021	0.012362137436867	-0.0037020556628704	-0.033386580646038	0.11653863638639	-0.088065251708031
0.32426711916924	-0.15051545202732	0.20448037981987	0.20974640548229	0.08567687869072	0.0075988993048668	-0.0038291849195957	-0.038929507136345	0.11997886002064	-0.092923142015934
0.32846176624298	-0.13940446078777	0.21974085271358	0.20986938476562	0.090429492294788	0.0068335011601448	-0.0035871281288564	-0.039645925164223	0.12030953913927	-0.093433655798435
0.33864882588387	-0.085471637547016	0.28504705429077	0.21095372736454	0.092479430139065	0.0039323717355728	-0.003664520336315	-0.041250877082348	0.12132723629475	-0.096170097589493
0.34490832686424	-0.031941663473845	0.34850886464119	0.21168360114098	0.093827806413174	0.0020255297422409	-0.0036165677011013	-0.042472593486309	0.12244997173548	-0.098607562482357
0.3353805243969	-0.01367821265012	0.3546786904335	0.21220940351486	0.094366475939751	0.0013973861932755	-0.0036422703415155	-0.040529899299145	0.1221284866333	-0.099625587463379
0.31438514590263	-0.037544801831245	0.3084183037281	0.21215339004993	0.093760520219803	0.0013647601008415	-0.003802825929597	-0.038140475749969	0.12123937904835	-0.098685421049595
0.31148028373718	-0.038921862840652	0.30329927802086	0.21215945482254	0.093890249729156	0.001356840133667	-0.0034229315351695	-0.037377923727036	0.12105663120747	-0.098693110048771
0.31139439344406	-0.037322130054235	0.30255314707756	0.21268063783646	0.094144746661186	0.0013510212302208	-0.0037348638288677	-0.037315033376217	0.12068853527308	-0.098933219909668
0.26604473590851	-0.071892812848091	0.21747243404388	0.21242219209671	0.091724470257759	0.0012631043791771	-0.0040914472192526	-0.031241834163666	0.11743877828121	-0.098571889102459
0.2477999329567	-0.078227654099464	0.18832598626614	0.21267527341843	0.091779328882694	0.0012223869562149	-0.0033755928743631	-0.027989462018013	0.1155096590519	-0.098900906741619
0.24555948376656	-0.078416630625725	0.18513654172421	0.2128284573555	0.092785127460957	0.0012165158987045	-0.0034657251089811	-0.027432132512331	0.1152034625411	-0.098932757973671
0.24582080543041	-0.077461399137974	0.18469193577766	0.2132947742939	0.093664683401585	0.0012132525444031	-0.0040245866402984	-0.027662128210068	0.11493039876223	-0.099076263606548
0.17931281030178	-0.10645489394665	0.097881026566029	0.21373671293259	0.089623801410198	0.0011298805475235	-0.0038499757647514	-0.019642438739538	0.11072224378586	-0.098911464214325
0.16961009800434	-0.10415110737085	0.087727673351765	0.21384298801422	0.090599939227104	0.0010990723967552	-0.0034774963278323	-0.016786199063063	0.10935768485069	-0.099184527993202
0.16943246126175	-0.10431122779846	0.08674169331789	0.21422484517097	0.091114521026611	0.0010998696088791	-0.0037509496323764	-0.017082147300243	0.10916800051928	-0.099152512848377
0.16934116184711	-0.10487555712461	0.086712084710598	0.21436250209808	0.091603606939316	0.0011013746261597	-0.0037170802243054	-0.017112500965595	0.10926462709904	-0.099113434553146
0.16892811655998	-0.10463085025549	0.086676560342312	0.21430917084217	0.09232535213232	0.001099482178688	-0.0037433125544339	-0.016829751431942	0.10925009846687	-0.099145792424679
0.16885554790497	-0.10473724454641	0.08667004108429	0.21419778466225	0.093183048069477	0.001100018620491	-0.0037317934911698	-0.01676707342267	0.10926519334316	-0.099101923406124
0.16906273365021	-0.10548888146877	0.086804769933224	0.21420484781265	0.093255676329136	0.0011017546057701	-0.0046479189768434	-0.016962703317404	0.10942012816668	-0.099089495837688
0.026026532053947	-0.13219532370567	-0.031535614281893	0.21379327774048	0.085754081606865	0.00098838657140732	-0.0036107376217842	-0.0032722763717175	0.10128003358841	-0.099185012280941
0.006758650764823	-0.1290787011385	-0.045005064457655	0.21414855122566	0.08643826842308	0.00096023082733154	-0.0035987750161439	0.00094009935855865	0.099008351564407	-0.099363937973976
0.0042882231064141	-0.12906733155251	-0.04635289683938	0.21420115232468	0.087395206093788	0.00095696002244949	-0.0037690873723477	0.0016704685986042	0.098698645830154	-0.099228903651237
-0.069847941398621	-0.13405068218708	-0.084573090076447	0.21399059891701	0.085095293819904	0.00092523545026779	-0.0035238745622337	0.0071921683847904	0.095055624842644	-0.099421888589859
-0.099655345082283	-0.132961332798	-0.097212664783001	0.2141115963459	0.085436150431633	0.0009077712893486	-0.0035789564717561	0.010798510164022	0.093048587441444	-0.099441982805729
-0.10344256460667	-0.13199371099472	-0.098648153245449	0.21429884433746	0.086734279990196	0.00090388208627701	-0.0036993944086134	0.011634070426226	0.092518508434296	-0.099364183843136
-0.14406129717827	-0.13465274870396	-0.11344733089209	0.21419709920883	0.086092546582222	0.00089488923549652	-0.0033643995411694	0.01434313505888	0.091015338897705	-0.099371552467346
-0.2348700016737	-0.13462772965431	-0.13894936442375	0.21410673856735	0.083892405033112	0.00087415426969528	-0.0030970189254731	0.021047130227089	0.086997598409653	-0.099554181098938
-0.2469602227211	-0.13368873298168	-0.14175613224506	0.21426840126514	0.085279777646065	0.00086605548858643	-0.0036682658828795	0.023395158350468	0.085792377591133	-0.099397785961628
-0.24863454699516	-0.13292849063873	-0.14211395382881	0.21430632472038	0.087046205997467	0.00086554884910583	-0.0033031008206308	0.023882865905762	0.085390254855156	-0.099328994750977
-0.29348260164261	-0.13352607190609	-0.15093745291233	0.21424320340157	0.086974434554577	0.00086329877376556	-0.0034546325914562	0.026766959577799	0.083709910511971	-0.099386483430862
-0.32162982225418	-0.13363854587078	-0.15558283030987	0.21420246362686	0.087245553731918	0.00085946917533875	-0.0032954625785351	0.028869725763798	0.082531243562698	-0.099401563405991
-0.32501378655434	-0.13325682282448	-0.156140178442	0.21421837806702	0.088081687688828	0.00086183100938797	-0.0033289059065282	0.029333762824535	0.082212626934052	-0.099380314350128
-0.32561108469963	-0.13145111501217	-0.15597124397755	0.2137318700552	0.088456116616726	0.00086125731468201	-0.0031328306067735	0.02918878942728	0.081731110811234	-0.10009403526783
-0.41812461614609	-0.13247552514076	-0.16587467491627	0.2132662832737	0.085018433630466	0.00087513774633408	-0.003194835036993	0.034495577216148	0.078869417309761	-0.10026541352272
-0.4296592772007	-0.13146656751633	-0.16705121099949	0.21299530565739	0.083788707852364	0.00086905807256699	-0.0032105795107782	0.035987846553326	0.077837482094765	-0.10029517859221
-0.43146947026253	-0.13040217757225	-0.16731095314026	0.21300959587097	0.083248533308506	0.00086317211389542	-0.00315036252141	0.036498561501503	0.07729184627533	-0.10028011351824
-0.43204885721207	-0.13029855489731	-0.16734372079372	0.21284456551075	0.083125658333302	0.00086250156164169	-0.0031624785624444	0.036786697804928	0.077086985111237	-0.10022344440222
-0.4322075843811	-0.13015857338905	-0.16737027466297	0.21270836889744	0.083057954907417	0.00086522102355957	-0.0031416572164744	0.036861665546894	0.077004820108414	-0.10020383447409
-0.43226879835129	-0.13004630804062	-0.16739164292812	0.2125960290432	0.083018064498901	0.00086671859025955	-0.0031369584612548	0.036889120936394	0.076962292194366	-0.10019694268703
-0.43229734897614	-0.12997706234455	-0.16739955544472	0.21250519156456	0.082987733185291	0.00086275488138199	-0.0031359381973743	0.036897756159306	0.076939329504967	-0.10020139068365
-0.43230956792831	-0.12992309033871	-0.16741001605988	0.21242699027061	0.082961820065975	0.00086375325918198	-0.0031368553172797	0.036901973187923	0.076925009489059	-0.10019969195127
-0.43227967619896	-0.12989814579487	-0.16741286218166	0.21235533058643	0.082971438765526	0.00086287409067154	-0.0031365968752652	0.036891028285027	0.076924562454224	-0.10020337998867
-0.4322694838047	-0.12988728284836	-0.16741521656513	0.2122917175293	0.082986801862717	0.00086601078510284	-0.0031351647339761	0.036886937916279	0.076925009489059	-0.10020347684622
-0.43226557970047	-0.12989522516727	-0.1674143075943	0.21222804486752	0.083002932369709	0.00086604058742523	-0.0031387009657919	0.036885820329189	0.076927959918976	-0.10020268708467
-0.43226370215416	-0.1298942565918	-0.16741433739662	0.21216134727001	0.083013221621513	0.00086738169193268	-0.0031351498328149	0.036884687840939	0.076928302645683	-0.1002032905817
-0.43226194381714	-0.12989422678947	-0.16741494834423	0.21209825575352	0.083023928105831	0.00086691230535507	-0.0031392958480865	0.036883682012558	0.076928779482841	-0.10020282119513
-0.43226051330566	-0.12991651892662	-0.16741402447224	0.21203731000423	0.083037436008453	0.00086815655231476	-0.0031355172395706	0.036885336041451	0.076933801174164	-0.10019870102406
-0.43324494361877	-0.13214471936226	-0.16708746552467	0.21122784912586	0.083707369863987	0.00085368007421494	-0.0030887904576957	0.037643186748028	0.077014207839966	-0.10004898905754
-0.43280696868896	-0.13056570291519	-0.16730657219887	0.21081572771072	0.084138885140419	0.00086516141891479	-0.0032317279838026	0.03722295537591	0.076856285333633	-0.10013353079557
-0.40943211317062	-0.22092796862125	-0.25123119354248	0.20888252556324	0.090308971703053	0.0046122893691063	-0.0032390337437391	0.035105723887682	0.076955437660217	-0.095421016216278
-0.39338630437851	-0.25368195772171	-0.27888315916061	0.20871324837208	0.094928398728371	0.0063861012458801	-0.0033447265159339	0.033715166151524	0.077632963657379	-0.093613624572754
-0.35793074965477	-0.301279515028	-0.3150888979435	0.20879676938057	0.10103856027126	0.008904367685318	-0.0032898038625717	0.031179755926132	0.079172983765602	-0.090922355651855
-0.33329340815544	-0.32714730501175	-0.33316233754158	0.20879925787449	0.10549438744783	0.010234370827675	-0.0035200254060328	0.02928576618433	0.0802943110466	-0.089478082954884
-0.28344488143921	-0.36790227890015	-0.35756009817123	0.20818829536438	0.11402567476034	0.012942843139172	-0.0033744040410966	0.025549475103617	0.082549586892128	-0.087170042097569
-0.25163695216179	-0.38914489746094	-0.36804214119911	0.20831833779812	0.12013921141624	0.013750746846199	-0.0036111795343459	0.023036487400532	0.084013968706131	-0.086004659533501
-0.24838289618492	-0.39146363735199	-0.36916774511337	0.20818963646889	0.12379018217325	0.013970375061035	-0.003549174638465	0.022836554795504	0.084151476621628	-0.085868075489998
-0.19168962538242	-0.42046710848808	-0.37735050916672	0.20827999711037	0.13005262613297	0.015593253076077	-0.0035954690538347	0.018304023891687	0.086873561143875	-0.084198795258999
-0.15628606081009	-0.43496719002724	-0.37811836600304	0.2074339389801	0.13565844297409	0.016636736690998	-0.0035389543045312	0.015422131866217	0.088566720485687	-0.083330258727074
-0.15257036685944	-0.43647795915604	-0.37820088863373	0.20727199316025	0.13805374503136	0.01677867770195	-0.0035747021902353	0.015126433223486	0.088740304112434	-0.08323796838522
-0.033328946679831	-0.4592045545578	-0.34801405668259	0.20633842051029	0.15705455839634	0.01839217543602	-0.0038430721033365	0.0046417154371738	0.094992026686668	-0.081521779298782
-0.019999044016004	-0.46196514368057	-0.3447727560997	0.20568768680096	0.16538681089878	0.01884663105011	-0.0036532822996378	0.0031859427690506	0.09568552672863	-0.081317156553268
0.11405675858259	-0.43316987156868	-0.24166864156723	0.20595188438892	0.18211351335049	0.018279120326042	-0.0037463728804141	-0.010595206171274	0.10388177633286	-0.081625930964947
0.151024132967	-0.41680189967155	-0.20268924534321	0.20641919970512	0.18732327222824	0.017734467983246	-0.0037372554652393	-0.014773160219193	0.1061636954546	-0.082033783197403
0.15483522415161	-0.41497841477394	-0.19850380718708	0.20674076676369	0.18781244754791	0.017637707293034	-0.003732509445399	-0.015140105038881	0.10638409852982	-0.082080647349358
0.15522195398808	-0.41473698616028	-0.19805458188057	0.20680572092533	0.18774928152561	0.017620608210564	-0.0037089593242854	-0.015163693577051	0.10639475286007	-0.082087196409702
0.24691531062126	-0.31967309117317	-0.034553904086351	0.20568047463894	0.20736476778984	0.015419878065586	-0.0035350688267499	-0.0270258449018	0.11346644163132	-0.085410058498383
0.25760555267334	-0.30966877937317	-0.01699803583324	0.20477902889252	0.21440032124519	0.014392368495464	-0.0038168192841113	-0.028767634183168	0.11408758163452	-0.085832379758358
0.25835514068604	-0.3084057867527	-0.015113153494895	0.2052535712719	0.2153932005167	0.013837307691574	-0.0037834190297872	-0.028741449117661	0.11416138708591	-0.085919506847858
0.25810664892197	-0.30812442302704	-0.014910653233528	0.20667174458504	0.21513737738132	0.013536922633648	-0.0036981806624681	-0.028611093759537	0.11416654288769	-0.085928991436958
0.25781986117363	-0.30835574865341	-0.014888869598508	0.20526964962482	0.2216100692749	0.014673963189125	-0.0035989577881992	-0.02845124155283	0.11420746147633	-0.085818283259869
0.25870400667191	-0.30836021900177	-0.014886542223394	0.20402684807777	0.22605572640896	0.014080241322517	-0.003784294007346	-0.028869606554508	0.11414538323879	-0.0858990624547
0.25857773423195	-0.30805110931396	-0.014886242337525	0.20279181003571	0.23246142268181	0.01456967741251	-0.0055288234725595	-0.028734363615513	0.1141022592783	-0.085964173078537
0.25868394970894	-0.30821853876114	-0.014886361546814	0.20312114059925	0.23580414056778	0.014325298368931	-0.0037345290184021	-0.028791636228561	0.11413040757179	-0.085952505469322
0.33669683337212	-0.031089058145881	0.3411648273468	0.20417164266109	0.25265634059906	0.001830667257309	-0.0037123952060938	-0.040999390184879	0.12205199897289	-0.098987057805061
0.34500017762184	-0.0031573716551065	0.3793925344944	0.20399950444698	0.25540775060654	0.0014275759458542	-0.0035671319346875	-0.042401604354382	0.12285575270653	-0.10010957717896
0.3464977145195	-0.001272345543839	0.38358932733536	0.20390360057354	0.25544804334641	0.0014369934797287	-0.0035784516949207	-0.042976804077625	0.1230454146862	-0.10008719563484
0.34683960676193	-0.0011863060062751	0.38404738903046	0.20385783910751	0.25531959533691	0.0014370754361153	-0.0035929419100285	-0.043175123631954	0.12306934595108	-0.10007789731026
0.34694018959999	-0.0012759800301865	0.38410112261772	0.20384921133518	0.25518822669983	0.0014411956071854	-0.00358657236211	-0.043246105313301	0.12308618426323	-0.10006204247475
0.34698244929314	-0.0011736635351554	0.38409125804901	0.20383387804031	0.25502926111221	0.0014358907938004	-0.0035827360115945	-0.04326917976141	0.1230625808239	-0.10008233785629
0.34701284766197	-0.0011558077530935	0.38408628106117	0.20382559299469	0.254878282547	0.0014357715845108	-0.0035816680174321	-0.043287068605423	0.1230551302433	-0.10008412599564
0.3470413684845	-0.0011439969530329	0.38409441709518	0.20382300019264	0.25472632050514	0.0014364272356033	-0.0035799338947982	-0.043303787708282	0.12305018305779	-0.10008293390274
0.3470586836338	-0.0011406283592805	0.38408362865448	0.20382222533226	0.25457441806793	0.0014395341277122	-0.0035807576496154	-0.0433144941926	0.12304742634296	-0.10008300840855
0.34706768393517	-0.0011388242710382	0.38408300280571	0.20382422208786	0.25441583991051	0.0014400705695152	-0.0035801511257887	-0.043320819735527	0.12304595112801	-0.10008384287357
0.34706434607506	-0.0011463380651549	0.38408350944519	0.20383623242378	0.25425726175308	0.0014359205961227	-0.0035800361074507	-0.043319448828697	0.12304788827896	-0.10008405148983
0.34707248210907	-0.0011425485135987	0.38408100605011	0.20384499430656	0.25410783290863	0.0014384835958481	-0.0035800840705633	-0.043324030935764	0.12304632365704	-0.10008211433887
0.34708142280579	-0.0011216745479032	0.38407844305038	0.20384584367275	0.25395506620407	0.0014369934797287	-0.0035799262113869	-0.043328516185284	0.12304127216339	-0.10008477419615
0.34708407521248	-0.0011231099488214	0.38407838344574	0.20385256409645	0.2538013458252	0.0014358013868332	-0.0035800631158054	-0.043330483138561	0.12304124236107	-0.10008501261473
0.33710804581642	-0.011079506017268	0.3587332367897	0.20360186696053	0.25251823663712	0.0014074891805649	-0.0036139998119324	-0.041762463748455	0.12195429205894	-0.10019168257713
0.3360424041748	-0.015388771891594	0.35630398988724	0.20408126711845	0.2524528503418	0.0014114230871201	-0.0035408795811236	-0.041742727160454	0.12250357866287	-0.099398151040077
0.32565361261368	-0.025178659707308	0.33168715238571	0.20406095683575	0.25201618671417	0.0013842210173607	-0.0036660167388618	-0.040116809308529	0.12153752148151	-0.099335342645645
0.31353640556335	-0.034435879439116	0.30561086535454	0.20389077067375	0.25137603282928	0.0013512745499611	-0.0035657733678818	-0.03806646168232	0.12032566964626	-0.09951588511467
0.31196734309196	-0.037001386284828	0.30280944705009	0.20414704084396	0.2523900270462	0.0013526007533073	-0.003858206095174	-0.037682071328163	0.12058453261852	-0.099033281207085
0.31160128116608	-0.038028288632631	0.30263036489487	0.20422972738743	0.25341635942459	0.0013550817966461	-0.003336276859045	-0.03752002120018	0.12077689170837	-0.098836801946163
0.24183392524719	-0.082700848579407	0.17897157371044	0.20446401834488	0.24876824021339	0.0012165457010269	-0.0039958273991942	-0.028258219361305	0.11518560349941	-0.098851025104523
0.21829149127007	-0.088476441800594	0.14694033563137	0.20504204928875	0.24906143546104	0.0011661052703857	-0.0038258652202785	-0.023342549800873	0.11301799118519	-0.09914743155241
0.20223641395569	-0.093989484012127	0.12607957422733	0.20527295768261	0.24931474030018	0.001141719520092	-0.0037506851367652	-0.021012879908085	0.11168590188026	-0.09914568066597
0.17270413041115	-0.10538662225008	0.091133087873459	0.20513255894184	0.24895186722279	0.0011089295148849	-0.0035179094411433	-0.017494767904282	0.10987019538879	-0.098976731300354
0.15474951267242	-0.11015839874744	0.071793802082539	0.205018684268	0.24878734350204	0.0010867714881897	-0.0038490812294185	-0.015241146087646	0.10862044990063	-0.098999716341496
0.12239807099104	-0.11700712144375	0.040429040789604	0.20465323328972	0.24821084737778	0.0010521039366722	-0.0036859284155071	-0.011464349925518	0.10641092061996	-0.099065884947777
0.087047100067139	-0.12148220092058	0.0099590411409736	0.20490501821041	0.24779120087624	0.0010173842310905	-0.0041218930855393	-0.0075619742274284	0.10385935008526	-0.099281489849091
0.081470221281052	-0.12053776532412	0.006474188528955	0.20545659959316	0.24914091825485	0.0010084956884384	-0.0036071073263884	-0.0058208107948303	0.10328216850758	-0.099266618490219
0.081576429307461	-0.12106321007013	0.0061913118697703	0.20592273771763	0.249651491642	0.0010092779994011	-0.0038389242254198	-0.0061738565564156	0.10334528982639	-0.099252805113792
0.013742958195508	-0.13145890831947	-0.040425080806017	0.20560148358345	0.24825412034988	0.0009704977273941	-0.0036729429848492	-0.00014090538024902	0.099894255399704	-0.099129639565945
-0.012543272227049	-0.13227488100529	-0.055993895977736	0.20570918917656	0.24856309592724	0.00095256417989731	-0.0036315724719316	0.0027200952172279	0.098174139857292	-0.099211096763611
-0.034234136343002	-0.13312162458897	-0.067528657615185	0.20568476617336	0.24881027638912	0.00093948841094971	-0.0037025839556009	0.0048278942704201	0.096891671419144	-0.099226459860802
-0.075083486735821	-0.13420327007771	-0.08688535541296	0.20581766963005	0.24835728108883	0.00092146545648575	-0.0034584391396493	0.0082823410630226	0.094703555107117	-0.099366717040539
-0.12094794213772	-0.13368794322014	-0.10516326874495	0.20573724806309	0.24828365445137	0.00090021640062332	-0.0035299095325172	0.012844361364841	0.092017069458961	-0.099403023719788
-0.14759254455566	-0.13340370357037	-0.11443188041449	0.20559591054916	0.24903799593449	0.00089054554700851	-0.0037152268923819	0.015676096081734	0.090425848960876	-0.099313668906689
-0.15048629045486	-0.13339573144913	-0.11536972224712	0.20554189383984	0.25022041797638	0.00089020282030106	-0.0035836107563227	0.016017220914364	0.090204000473022	-0.099240534007549
-0.21374170482159	-0.13373231887817	-0.13403633236885	0.20550918579102	0.24883224070072	0.00087615847587585	-0.0029382901266217	0.019838243722916	0.087558194994926	-0.099480286240578
-0.22228142619133	-0.13315242528915	-0.13608480989933	0.20567567646503	0.25015449523926	0.00087033957242966	-0.0037873678375036	0.021504670381546	0.086773812770844	-0.099368669092655
-0.22269630432129	-0.13374823331833	-0.13620883226395	0.20580042898655	0.25095969438553	0.00087135285139084	-0.0034793131053448	0.021338418126106	0.086880668997765	-0.099299170076847
-0.24446582794189	-0.13452748954296	-0.14130561053753	0.20575940608978	0.25070241093636	0.00087051093578339	-0.0032636255491525	0.022595822811127	0.08618837594986	-0.099378257989883
-0.24754908680916	-0.132587864995	-0.14219799637794	0.20595207810402	0.25141409039497	0.00086523592472076	-0.0027687377296388	0.023225337266922	0.0855722874403	-0.099436573684216
-0.40945634245872	-0.13217307627201	-0.16457360982895	0.20552724599838	0.24781703948975	0.00088015198707581	-0.0032816394232213	0.033815331757069	0.079407423734665	-0.10019390285015
-0.42884758114815	-0.13045166432858	-0.16713945567608	0.20523050427437	0.24715054035187	0.00086802989244461	-0.003537941724062	0.036010459065437	0.077629640698433	-0.1002788618207
-0.43112486600876	-0.12972368299961	-0.16745273768902	0.20525397360325	0.24671106040478	0.00086703896522522	-0.0031960583291948	0.036255463957787	0.077265813946724	-0.1002956032753
-0.43166807293892	-0.12956441938877	-0.16748528182507	0.20528922975063	0.24640956521034	0.00086497515439987	-0.0031423890031874	0.036480709910393	0.077095210552216	-0.10027380287647
-0.43188446760178	-0.12950038909912	-0.16749504208565	0.20532058179379	0.24624678492546	0.00085942447185516	-0.0031363654416054	0.03660848736763	0.077003881335258	-0.10025399178267
-0.43197017908096	-0.12936639785767	-0.1675014346838	0.20534025132656	0.2461396753788	0.00086521357297897	-0.0031433962285519	0.036646202206612	0.076947346329689	-0.10025215893984
-0.43203604221344	-0.12934421002865	-0.16749177873135	0.20533333718777	0.24602499604225	0.00086468458175659	-0.0031297947280109	0.036687731742859	0.076916515827179	-0.10026225447655
-0.43209078907967	-0.12918984889984	-0.16750752925873	0.20532250404358	0.24598900973797	0.00085876137018204	-0.0031303260475397	0.036716684699059	0.076860725879669	-0.10027371346951
-0.43209424614906	-0.12906351685524	-0.1675271242857	0.20533882081509	0.24596284329891	0.00086517632007599	-0.0031322739087045	0.036713071167469	0.076833963394165	-0.10027374327183
-0.43209671974182	-0.12900444865227	-0.16753233969212	0.20535539090633	0.24593830108643	0.00085603445768356	-0.0031320662237704	0.036709144711494	0.076821878552437	-0.10027912259102
-0.43209433555603	-0.1289808601141	-0.16753806173801	0.20538620650768	0.24591521918774	0.0008624941110611	-0.0031320783309639	0.036708451807499	0.07681792974472	-0.10027551651001
-0.43208906054497	-0.12897585332394	-0.16754014790058	0.20542739331722	0.24589176476002	0.00086503475904465	-0.0031320904381573	0.036706209182739	0.076818957924843	-0.10027215629816
-0.43208467960358	-0.12894746661186	-0.16753862798214	0.2054653018713	0.24586524069309	0.00085606426000595	-0.0031314264051616	0.036697492003441	0.07681542634964	-0.10028206557035
-0.43202519416809	-0.12910534441471	-0.16752511262894	0.20552402734756	0.24583579599857	0.00086350739002228	-0.0031381719745696	0.036652565002441	0.076868176460266	-0.10026383399963
-0.41980794072151	-0.19777162373066	-0.23152610659599	0.20411048829556	0.24931009113789	0.0033680573105812	-0.003194619435817	0.036010921001434	0.07649253308773	-0.096736147999763
-0.41843208670616	-0.20488311350346	-0.2383975982666	0.20374329388142	0.25390580296516	0.0041190534830093	-0.0030655164737254	0.035756185650826	0.07645720243454	-0.096367575228214
-0.41835588216782	-0.20572531223297	-0.23913551867008	0.20326966047287	0.25976717472076	0.0037306919693947	-0.0034790684003383	0.035901710391045	0.07636746764183	-0.096295714378357
-0.3396221101284	-0.31697189807892	-0.32500612735748	0.20339216291904	0.26972126960754	0.0097421109676361	-0.0034940775949508	0.02975207567215	0.080104365944862	-0.090016052126884
-0.33149009943008	-0.32878363132477	-0.33422723412514	0.20299170911312	0.27564251422882	0.010326743125916	-0.0035628445912153	0.029197014868259	0.080347537994385	-0.089387089014053
-0.33038380742073	-0.33001798391342	-0.33521711826324	0.20215940475464	0.28102838993073	0.010450936853886	-0.0035655591636896	0.029050156474113	0.080396994948387	-0.089324325323105
-0.33031105995178	-0.33014756441116	-0.33532339334488	0.20222397148609	0.28365349769592	0.010198310017586	-0.0036942574661225	0.029061540961266	0.080394566059113	-0.089336752891541
-0.11111861467361	-0.44169321656227	-0.36454981565475	0.20227806270123	0.30380153656006	0.016889929771423	-0.0036187232472003	0.011559396982193	0.091253414750099	-0.082811310887337
-0.087629914283752	-0.45339480042458	-0.36768764257431	0.20150905847549	0.30699664354324	0.017554849386215	-0.0036422915291041	0.0094425082206726	0.092080116271973	-0.082145750522614
0.0021543963812292	-0.46033188700676	-0.33182480931282	0.20120225846767	0.32230746746063	0.018948674201965	-0.0036963149905205	0.0012499094009399	0.096934542059898	-0.081224232912064
0.040113415569067	-0.45817244052887	-0.3100234568119	0.20111337304115	0.3328098654747	0.019335448741913	-0.003725090296939	-0.0026777684688568	0.099111214280128	-0.081064231693745
0.07073999196291	-0.45188865065575	-0.28697007894516	0.20118975639343	0.3398422896862	0.018873333930969	-0.0037446252536029	-0.0058008879423141	0.10091534256935	-0.081147581338882
0.099430747330189	-0.44282904267311	-0.26118224859238	0.20176546275616	0.34437471628189	0.018556118011475	-0.0037224392872304	-0.0088615268468857	0.10271215438843	-0.08131980150938
0.10236342251301	-0.44178932905197	-0.25841343402863	0.20208388566971	0.34487783908844	0.018468923866749	-0.0037282798439264	-0.0091210752725601	0.10288846492767	-0.081341698765755
0.10262558609247	-0.4416326880455	-0.25811606645584	0.20217296481133	0.34483188390732	0.018447078764439	-0.0037216930650175	-0.0091231465339661	0.10289579629898	-0.08134476095438
0.19101995229721	-0.38489124178886	-0.14304810762405	0.20191797614098	0.35660094022751	0.016715191304684	-0.0037194576580077	-0.019650772213936	0.10904935002327	-0.083092823624611
0.25085225701332	-0.31626224517822	-0.028647795319557	0.19973857700825	0.37551268935204	0.015133708715439	-0.0041127866134048	-0.027581676840782	0.11363303661346	-0.085581913590431
0.30558460950851	-0.20993015170097	0.12610571086407	0.19788500666618	0.39698591828346	0.010256014764309	-0.0038726930506527	-0.036098182201385	0.11821672320366	-0.090136148035526
0.3196220099926	-0.17229846119881	0.17749319970608	0.19794303178787	0.40404748916626	0.008363738656044	-0.0036356530617923	-0.038296729326248	0.11947077512741	-0.091866120696068
0.32057732343674	-0.16812770068645	0.18301066756248	0.19670361280441	0.40662568807602	0.0085379257798195	-0.0036730661522597	-0.038233995437622	0.11963531374931	-0.092002302408218
0.33805790543556	-0.08847564458847	0.28110322356224	0.19486767053604	0.41469550132751	0.0046283453702927	-0.0036579645238817	-0.041170477867126	0.12120682001114	-0.096025057137012
0.34000307321548	-0.080045729875565	0.29163578152657	0.19354602694511	0.41792553663254	0.0043315887451172	-0.0036682058125734	-0.041523694992065	0.12137153744698	-0.096432447433472
0.34572663903236	-0.0086853094398975	0.37434223294258	0.19571813941002	0.42132610082626	0.0014365538954735	-0.003700164379552	-0.04273048043251	0.12276777625084	-0.099898412823677
0.34677746891975	-0.00077069585677236	0.38287472724915	0.19599893689156	0.42213523387909	0.0014316141605377	-0.0035542682744563	-0.04308807849884	0.12282985448837	-0.10017351061106
0.34697642922401	-0.0010018880711868	0.38390332460403	0.19602793455124	0.42225015163422	0.0014355555176735	-0.0035776072181761	-0.043267831206322	0.12300518155098	-0.10008181631565
0.34708282351494	-0.0012018652632833	0.38402998447418	0.19606858491898	0.42220038175583	0.0014369189739227	-0.0035854219458997	-0.043362706899643	0.12304246425629	-0.10005650669336
0.34712710976601	-0.0012455091346055	0.38404494524002	0.1961100846529	0.42214179039001	0.0014368817210197	-0.0035809651017189	-0.043397799134254	0.12304681539536	-0.10005411505699
0.34714621305466	-0.0012698896462098	0.38404858112335	0.1961567401886	0.42206978797913	0.001437246799469	-0.0035803522914648	-0.043413653969765	0.12304881215096	-0.10005316883326
0.34716409444809	-0.0012806891463697	0.3840499818325	0.19620448350906	0.4219918847084	0.0014397129416466	-0.0035799269098788	-0.043426588177681	0.12304800748825	-0.10005170851946
0.34715464711189	-0.0013820937601849	0.38405284285545	0.19625087082386	0.42192596197128	0.0014373883605003	-0.0035792761482298	-0.043427303433418	0.12307086586952	-0.10003233700991
0.34706735610962	-0.0012933637481183	0.38405001163483	0.19626253843307	0.42183092236519	0.0014369338750839	-0.0035788645036519	-0.043362185359001	0.12306678295135	-0.10005713999271
0.34705659747124	-0.001323864213191	0.38405507802963	0.19631093740463	0.42174082994461	0.0014365613460541	-0.0035815783776343	-0.043365895748138	0.12306946516037	-0.1000552251935
0.3469902575016	-0.0014259773306549	0.38406908512115	0.19643902778625	0.42161318659782	0.0014385581016541	-0.0035812500864267	-0.04334269464016	0.12309411168098	-0.10004756599665
0.34694683551788	-0.0014642503811046	0.38410720229149	0.19654914736748	0.42148652672768	0.0014407932758331	-0.0035804305225611	-0.0433169901371	0.12310892343521	-0.10004105418921
0.34689342975616	-0.0015035734977573	0.38408115506172	0.19667759537697	0.4213610291481	0.0014394223690033	-0.0035806845407933	-0.043283954262733	0.12312257289886	-0.10003809630871
0.34686866402626	-0.0015086738858372	0.38407936692238	0.19679464399815	0.42123845219612	0.0014392286539078	-0.0035805080551654	-0.043267220258713	0.12312692403793	-0.1000370234251
0.32728824019432	-0.02503359131515	0.33473479747772	0.19713374972343	0.4209166765213	0.0013900995254517	-0.0037566386163235	-0.040653437376022	0.1217904984951	-0.099123671650887
0.32392060756683	-0.027042265981436	0.32937890291214	0.19769096374512	0.42205369472504	0.00138209015131	-0.0034298833925277	-0.039497122168541	0.12177020311356	-0.099062509834766
0.27960720658302	-0.06129777058959	0.24025478959084	0.19760929048061	0.42043298482895	0.0012833178043365	-0.0043076844885945	-0.033157452940941	0.1180427968502	-0.098876476287842
0.24924729764462	-0.076721087098122	0.19077906012535	0.19752250611782	0.42067021131516	0.0012237206101418	-0.0033565708436072	-0.028175383806229	0.11552232503891	-0.098965771496296
0.24542243778706	-0.076805546879768	0.18523083627224	0.19764658808708	0.4224936068058	0.0012116506695747	-0.0035623242147267	-0.02716688811779	0.11496779322624	-0.099067397415638
0.20650093257427	-0.09648647159338	0.13070410490036	0.19713944196701	0.42125430703163	0.0011599659919739	-0.003612895263359	-0.022488549351692	0.11249795556068	-0.098823092877865
0.1879006922245	-0.10011965036392	0.1076670140028	0.19705793261528	0.42171198129654	0.001127228140831	-0.0040452121756971	-0.019715920090675	0.11069130897522	-0.099117793142796
0.1568608880043	-0.10886069387197	0.073517136275768	0.19678762555122	0.42180186510086	0.0010889172554016	-0.003538565710187	-0.015781924128532	0.10856160521507	-0.099127665162086
0.12329215556383	-0.11677767336369	0.040679343044758	0.19661326706409	0.42076933383942	0.0010552555322647	-0.0041584270074964	-0.011992752552032	0.10640153288841	-0.099215552210808
0.11855284124613	-0.11561399698257	0.036853153258562	0.19643458724022	0.42243617773056	0.0010433718562126	-0.0036124936304986	-0.010687977075577	0.10576629638672	-0.099219813942909
0.070563822984695	-0.12468985468149	-0.0028332374058664	0.19613829255104	0.42137286067009	0.0010080859065056	-0.0037442639004439	-0.0061697065830231	0.10298478603363	-0.099224850535393
0.06429585814476	-0.12362029403448	-0.0074029350653291	0.19608184695244	0.42267936468124	0.00099752098321915	-0.0036910115741193	-0.0048675537109375	0.10226130485535	-0.099271334707737
0.012152340263128	-0.12994839251041	-0.042084399610758	0.19593326747417	0.42159283161163	0.00096693634986877	-0.0038564181886613	-0.00020629167556763	0.099459141492844	-0.099314764142036
0.0051072491332889	-0.1289217621088	-0.046072859317064	0.19592069089413	0.42311027646065	0.00095728039741516	-0.0037365145981312	0.0013404488563538	0.0987289249897	-0.099296778440475
0.0044011645950377	-0.12790867686272	-0.046614166349173	0.19596156477928	0.42431175708771	0.0009542778134346	-0.0036003836430609	0.0014714151620865	0.098465532064438	-0.099356971681118
-0.070793934166431	-0.13557624816895	-0.084349252283573	0.19537989795208	0.4230709373951	0.00092645734548569	-0.0037107765674591	0.0078545063734055	0.095256805419922	-0.09922531992197
-0.080043062567711	-0.13431368768215	-0.088699534535408	0.19490051269531	0.42413884401321	0.00091695785522461	-0.0035060700029135	0.0093603432178497	0.094333916902542	-0.099228359758854
-0.1413182169199	-0.13522869348526	-0.11232614517212	0.19468005001545	0.42289635539055	0.00089915841817856	-0.0034067637752742	0.013956338167191	0.091340333223343	-0.09940730035305
-0.17033512890339	-0.13401281833649	-0.12184528261423	0.19482387602329	0.42312568426132	0.00088499486446381	-0.0033853866625577	0.017046824097633	0.089521825313568	-0.099384129047394
-0.19515280425549	-0.13420531153679	-0.1290108859539	0.19479873776436	0.42351493239403	0.00087825208902359	-0.0035688770003617	0.019144251942635	0.088301599025726	-0.099319212138653
-0.21980279684067	-0.1345531642437	-0.13540177047253	0.19461975991726	0.42371600866318	0.00087331980466843	-0.0035157487727702	0.021074071526527	0.087214767932892	-0.099328696727753
-0.22380523383617	-0.1327181905508	-0.13635098934174	0.19432713091373	0.42519977688789	0.00086991488933563	-0.0033147041685879	0.022194504737854	0.086438298225403	-0.099342793226242
-0.22441121935844	-0.13303305208683	-0.13633169233799	0.19437699019909	0.42667901515961	0.00087109953165054	-0.0029233363457024	0.022546961903572	0.086387157440186	-0.099272459745407
-0.35957869887352	-0.13393947482109	-0.15990802645683	0.19487221539021	0.4245862364769	0.00087109208106995	-0.0032510752789676	0.030695036053658	0.081538259983063	-0.099631100893021
-0.42396140098572	-0.13343624770641	-0.16661234200001	0.19499480724335	0.42416453361511	0.00086746364831924	-0.0033387267030776	0.036334067583084	0.078313112258911	-0.099596798419952
-0.43176364898682	-0.1329877525568	-0.16740866005421	0.19475993514061	0.42482283711433	0.00085801631212234	-0.0034740350674838	0.037510856986046	0.077477514743805	-0.099436111748219
-0.4320684671402	-0.13132375478745	-0.16727961599827	0.19418217241764	0.42481443285942	0.00086165964603424	-0.0032781674526632	0.036902964115143	0.077247083187103	-0.10007781535387
-0.43196761608124	-0.13040570914745	-0.16736282408237	0.19396352767944	0.4245448410511	0.00086413323879242	-0.0031350483186543	0.036705806851387	0.077133774757385	-0.10022962093353
-0.43206351995468	-0.12990318238735	-0.16742902994156	0.19392481446266	0.42439019680023	0.00085832178592682	-0.0031230316963047	0.036739826202393	0.07700702548027	-0.10024688392878
-0.43211597204208	-0.12974505126476	-0.16744820773602	0.19392077624798	0.42428553104401	0.00086663663387299	-0.003133476478979	0.036769151687622	0.076955407857895	-0.10024213790894
-0.43222564458847	-0.12963633239269	-0.1674495190382	0.19390906393528	0.4242388010025	0.00086719542741776	-0.0031191173475236	0.036836102604866	0.076891481876373	-0.10025276243687
-0.43227168917656	-0.12956224381924	-0.16745701432228	0.19390305876732	0.42422318458557	0.00086157768964767	-0.0031331279315054	0.036863580346107	0.07685661315918	-0.10025126487017
-0.43223789334297	-0.12937526404858	-0.16746509075165	0.19385789334774	0.42426535487175	0.00086268037557602	-0.00313411350362	0.036833852529526	0.07683128118515	-0.10025401413441
-0.43222525715828	-0.12929455935955	-0.16747106611729	0.19381877779961	0.42430356144905	0.00086116790771484	-0.0031320031266659	0.036821931600571	0.0768201649189	-0.10026068985462
-0.43221166729927	-0.12925720214844	-0.16747841238976	0.19379334151745	0.42433831095695	0.00086163729429245	-0.0031321868300438	0.036811619997025	0.076818019151688	-0.10026064515114
-0.43220487236977	-0.12922862172127	-0.16748352348804	0.19377283751965	0.42437547445297	0.00086680799722672	-0.0031311064958572	0.036806970834732	0.076815187931061	-0.10026001185179
-0.43213921785355	-0.12942177057266	-0.16751424968243	0.19375897943974	0.42451474070549	0.0008576363325119	-0.003125075250864	0.036801874637604	0.076855421066284	-0.10021363198757
-0.43224972486496	-0.12978690862656	-0.16753558814526	0.19399993121624	0.42477890849113	0.00086040049791336	-0.0031724802684039	0.036918997764587	0.076905727386475	-0.10009255260229
-0.41951915621758	-0.19791711866856	-0.23152686655521	0.19321715831757	0.42495763301849	0.0033378452062607	-0.0031722667627037	0.035812199115753	0.076650559902191	-0.096711330115795
-0.39488270878792	-0.25115686655045	-0.27676758170128	0.19255158305168	0.42814615368843	0.0055992379784584	-0.0033410142641515	0.033990800380707	0.077488332986832	-0.093766964972019
-0.35791784524918	-0.30099749565125	-0.31486162543297	0.19052478671074	0.43804928660393	0.0096131786704063	-0.0033511724323034	0.031130075454712	0.079174429178238	-0.090920023620129
-0.35409766435623	-0.30643138289452	-0.31895223259926	0.19105625152588	0.44043895602226	0.0098157674074173	-0.0031472886912525	0.030863106250763	0.079387992620468	-0.09061087667942
-0.33321884274483	-0.3277305662632	-0.33357718586922	0.19059360027313	0.44379961490631	0.010620802640915	-0.0034719177056104	0.029374241828918	0.080278694629669	-0.089428350329399
-0.28346237540245	-0.36794674396515	-0.35760420560837	0.18923909962177	0.45078971982002	0.012921757996082	-0.0033538818825036	0.025561839342117	0.082548469305038	-0.087167218327522
-0.27804294228554	-0.37222856283188	-0.36018458008766	0.18879014253616	0.45269533991814	0.01287679374218	-0.0034217319916934	0.025123953819275	0.082781612873077	-0.086952894926071
-0.27759665250778	-0.37264689803123	-0.36046132445335	0.18807365000248	0.45463275909424	0.012960955500603	-0.0033472287468612	0.025137662887573	0.082768738269806	-0.08692742139101
-0.19505245983601	-0.41825819015503	-0.37641578912735	0.18819314241409	0.4658265709877	0.015113539993763	-0.0038196383975446	0.018671154975891	0.086665481328964	-0.084334045648575
-0.18569773435593	-0.42334526777267	-0.37812837958336	0.18838684260845	0.47041466832161	0.015536561608315	-0.0035770065151155	0.017741173505783	0.087146371603012	-0.084055803716183
-0.066084139049053	-0.45593571662903	-0.36008888483047	0.18735913932323	0.48593232035637	0.017833739519119	-0.0035913321189582	0.0075956284999847	0.093257069587708	-0.081886574625969
-0.053078807890415	-0.45947867631912	-0.3581514954567	0.18657433986664	0.49325522780418	0.018155485391617	-0.0037026107311249	0.0063522756099701	0.093856662511826	-0.081654593348503
-0.051743797957897	-0.45989254117012	-0.35794365406036	0.186438575387	0.49556440114975	0.018109411001205	-0.0037125037051737	0.0062568485736847	0.093930453062057	-0.081630907952785
-0.051809549331665	-0.45984041690826	-0.35792118310928	0.18504375219345	0.4982582628727	0.018450662493706	-0.003661246271804	0.0063433051109314	0.093898504972458	-0.081608504056931
0.11063901335001	-0.4329326748848	-0.24307945370674	0.18211607635021	0.51951879262924	0.018563844263554	-0.0036668628454208	-0.010154038667679	0.10373267531395	-0.08164344727993
0.12797498703003	-0.42959651350975	-0.23074939846992	0.18148359656334	0.52641469240189	0.017685435712337	-0.0039126742631197	-0.012135058641434	0.1045273244381	-0.081703573465347
0.12966400384903	-0.42968428134918	-0.22942557930946	0.1828691214323	0.53044271469116	0.017763338983059	-0.0037670829333365	-0.012210130691528	0.10468342900276	-0.08167265355587
0.12992215156555	-0.4296635389328	-0.22928322851658	0.1803660094738	0.53706568479538	0.018565192818642	-0.0037617306225002	-0.012234002351761	0.10467121005058	-0.081630803644657
0.13031533360481	-0.42959034442902	-0.22926819324493	0.17899408936501	0.53968614339828	0.018549539148808	-0.0037398866843432	-0.012428939342499	0.10467293858528	-0.081664532423019
0.12989912927151	-0.42953741550446	-0.22926650941372	0.17955559492111	0.53931838274002	0.018456354737282	-0.0037424613256007	-0.012235343456268	0.10468247532845	-0.081655822694302
0.12976886332035	-0.42943486571312	-0.22926630079746	0.17976838350296	0.54083609580994	0.018314927816391	-0.0038089822046459	-0.01215723156929	0.10465225577354	-0.081670388579369
0.30011436343193	-0.19546280801296	0.13933739066124	0.17784395813942	0.57358872890472	0.0095122531056404	-0.003930393140763	-0.035173177719116	0.1185482442379	-0.0909423828125
0.31912317872047	-0.17072711884975	0.17891420423985	0.17652264237404	0.58254158496857	0.0082861930131912	-0.0036595880519599	-0.038270831108093	0.1194796860218	-0.091942936182022
0.3204428255558	-0.16795980930328	0.18316330015659	0.17664058506489	0.58599984645844	0.0084539130330086	-0.0037071108818054	-0.038232088088989	0.11964395642281	-0.092012465000153
0.34275618195534	-0.039597317576408	0.33756881952286	0.17592869699001	0.59628707170486	0.0023770704865456	-0.0036645301152021	-0.041917592287064	0.1221287548542	-0.098383113741875
0.34533685445786	-0.0039754435420036	0.3790916800499	0.17635333538055	0.5992117524147	0.0014264956116676	-0.0036130589433014	-0.042309075593948	0.1228993833065	-0.10016676038504
0.34604009985924	-0.00092062260955572	0.38347619771957	0.17658089101315	0.59944981336594	0.0014328211545944	-0.0035977666266263	-0.04264235496521	0.12303629517555	-0.10015367716551
0.34641909599304	-0.0012370049953461	0.38400009274483	0.17667272686958	0.59944778680801	0.0014348775148392	-0.0036019436083734	-0.04293954372406	0.1231227517128	-0.10006191581488
0.34626522660255	-0.0010210215114057	0.38401234149933	0.1768209785223	0.59955227375031	0.0014327615499496	-0.0035986700095236	-0.042826235294342	0.12313905358315	-0.10008275508881
0.34634745121002	-0.0012081668246537	0.38404870033264	0.17690053582191	0.59958720207214	0.0014328137040138	-0.003586474340409	-0.042900532484055	0.12314832210541	-0.10006295144558
0.34645822644234	-0.001420128508471	0.38406985998154	0.17697638273239	0.59956270456314	0.001433290541172	-0.0035824577789754	-0.0429847240448	0.12316909432411	-0.10002370178699
0.34661045670509	-0.0015504353214055	0.38410252332687	0.17701983451843	0.59943270683289	0.0014411062002182	-0.0035809949040413	-0.043115049600601	0.12316253781319	-0.10003091394901
0.34665170311928	-0.0015212142607197	0.38410204648972	0.17708143591881	0.59928184747696	0.0014382898807526	-0.0035806461237371	-0.043141931295395	0.12315237522125	-0.10004198551178
0.34668692946434	-0.0015298816142604	0.3841025531292	0.17716321349144	0.59912955760956	0.0014390051364899	-0.0035803478676826	-0.043167114257812	0.1231489777565	-0.10004206001759
0.34670704603195	-0.0015370829496533	0.38410314917564	0.17724722623825	0.59897500276566	0.0014357715845108	-0.0035798896569759	-0.043181389570236	0.12314763665199	-0.10004287213087
0.34672093391418	-0.0015324667328969	0.38410213589668	0.17733691632748	0.59881436824799	0.0014350861310959	-0.0035804144572467	-0.043190181255341	0.12314483523369	-0.10004411637783
0.34673503041267	-0.001518094795756	0.38413521647453	0.17742341756821	0.59865540266037	0.0014374703168869	-0.0035801168996841	-0.043198317289352	0.1231415271759	-0.100043207407
0.33695158362389	-0.012236738577485	0.35888516902924	0.17732645571232	0.59739303588867	0.0014117956161499	-0.0035829204134643	-0.041778385639191	0.1221716105938	-0.099982008337975
0.33599412441254	-0.014524070546031	0.35622236132622	0.17788064479828	0.5975466966629	0.0014076828956604	-0.0035770214162767	-0.041677415370941	0.12235516309738	-0.099537052214146
0.32558244466782	-0.025059595704079	0.33167418837547	0.17793437838554	0.59730231761932	0.0013803467154503	-0.0035844617523253	-0.040040731430054	0.1215392947197	-0.099310502409935
0.30314180254936	-0.045774508267641	0.28318926692009	0.17807348072529	0.59645050764084	0.0013313740491867	-0.0039591984823346	-0.036853700876236	0.11987435817719	-0.098854929208755
0.28873720765114	-0.05481593310833	0.25610554218292	0.17828196287155	0.5962820649147	0.0012976825237274	-0.0034691370092332	-0.034335404634476	0.1186146736145	-0.09892675280571
0.28645813465118	-0.054333668202162	0.2530175447464	0.1783207654953	0.59715104103088	0.0012887641787529	-0.0035569649189711	-0.033507317304611	0.11829453706741	-0.099067680537701
0.23840795457363	-0.082978919148445	0.1734876781702	0.1784947514534	0.59483820199966	0.0012029409408569	-0.0040029333904386	-0.027295708656311	0.11466783285141	-0.098964124917984
0.20507538318634	-0.093621231615543	0.12899991869926	0.17880941927433	0.59454536437988	0.001146599650383	-0.003670088481158	-0.021903425455093	0.11191087961197	-0.099191538989544
0.20103058218956	-0.094334311783314	0.12419943511486	0.17929883301258	0.59564155340195	0.0011392682790756	-0.0036236390005797	-0.020978987216949	0.11148855090141	-0.099187478423119
0.17318689823151	-0.10546354204416	0.090972483158112	0.17903085052967	0.59529215097427	0.0011095330119133	-0.003728297771886	-0.017934799194336	0.10982269048691	-0.099053524434566
0.14089603722095	-0.113116286695	0.056779615581036	0.17913430929184	0.59492546319962	0.0010703951120377	-0.0036980570293963	-0.014264404773712	0.10748580098152	-0.09917301684618
0.13628076016903	-0.11267129331827	0.052955150604248	0.17983362078667	0.5956928730011	0.0010628774762154	-0.0039297458715737	-0.013005614280701	0.10702311992645	-0.099211379885674
0.089342221617699	-0.12215610593557	0.011467030271888	0.18003378808498	0.59481632709503	0.00098563730716705	-0.0038628976326436	-0.0083765089511871	0.10412734746933	-0.099241822957993
0.049976419657469	-0.12714105844498	-0.017616502940655	0.18019172549248	0.59461092948914	0.000961534678936	-0.0037077323067933	-0.003935307264328	0.10180109739304	-0.09930844604969
0.027239227667451	-0.12882168591022	-0.032294671982527	0.18017147481441	0.59512573480606	0.00094958394765854	-0.0036798801738769	-0.00092440843582153	0.10034540295601	-0.099223472177982
0.007417437620461	-0.13072465360165	-0.044753883033991	0.18009273707867	0.59533029794693	0.00093956291675568	-0.0037415127735585	0.00074124336242676	0.099203318357468	-0.099184796214104
-0.031213900074363	-0.13278616964817	-0.066324390470982	0.18042559921741	0.59453612565994	0.00092126429080963	-0.003697311040014	0.0039355456829071	0.097089141607285	-0.099385045468807
-0.055958062410355	-0.13271327316761	-0.078111030161381	0.18046861886978	0.59486907720566	0.00091505795717239	-0.0036944490857422	0.0070575475692749	0.095481961965561	-0.09931992739439
-0.058871921151876	-0.13233715295792	-0.079394713044167	0.18051387369633	0.59558832645416	0.00091208517551422	-0.0037064668722451	0.0075911283493042	0.095168054103851	-0.099274016916752
-0.11782684922218	-0.13553662598133	-0.10404101014137	0.18004158139229	0.59392273426056	0.00089479982852936	-0.0035243886522949	0.011719554662704	0.092642158269882	-0.099393837153912
-0.16696394979954	-0.13404242694378	-0.12086398154497	0.18023152649403	0.59403800964355	0.00087952613830566	-0.0031924739014357	0.016195505857468	0.089828491210938	-0.099527753889561
-0.21697922050953	-0.13388504087925	-0.13455180823803	0.1802289634943	0.59479624032974	0.00087080150842667	-0.0035711475647986	0.020905405282974	0.087256520986557	-0.099434442818165
-0.24518731236458	-0.13358627259731	-0.14120762050152	0.18030181527138	0.59553825855255	0.00086584687232971	-0.0035491350572556	0.02352699637413	0.085735976696014	-0.099345065653324
-0.24833831191063	-0.1343347132206	-0.14187593758106	0.18043173849583	0.59717959165573	0.00086646527051926	-0.0035660490393639	0.023889034986496	0.085657209157944	-0.099237233400345
-0.29304841160774	-0.1345602273941	-0.15074945986271	0.18040402233601	0.59686285257339	0.00086131691932678	-0.003301213728264	0.026518255472183	0.084020227193832	-0.099367052316666
-0.34458413720131	-0.13332535326481	-0.1588439643383	0.18050566315651	0.59638971090317	0.00085504353046417	-0.0027783450204879	0.030254900455475	0.081683456897736	-0.099466793239117
-0.35151153802872	-0.13336183130741	-0.15976512432098	0.18057699501514	0.59786361455917	0.00085458904504776	-0.0035882678348571	0.03162294626236	0.080996721982956	-0.099319279193878
-0.42237040400505	-0.13188235461712	-0.16635479032993	0.18005175888538	0.59630936384201	0.00086337327957153	-0.0032663370948285	0.035639524459839	0.078138411045074	-0.1001392826438
-0.4304726421833	-0.13058140873909	-0.1672879755497	0.17996166646481	0.59574729204178	0.00085177272558212	-0.003252558875829	0.036340415477753	0.077425718307495	-0.10019758343697
-0.43165916204453	-0.12956334650517	-0.16747322678566	0.18009379506111	0.59544318914413	0.00086759775876999	-0.0031124646775424	0.036562770605087	0.077060997486115	-0.10025684535503
-0.4320120215416	-0.12950696051121	-0.1674892604351	0.18011911213398	0.59540742635727	0.0008682906627655	-0.0031574410386384	0.036731511354446	0.076942324638367	-0.10022461414337
-0.43209546804428	-0.12954804301262	-0.16747763752937	0.18013516068459	0.59538036584854	0.00086785107851028	-0.0031417906284332	0.036769360303879	0.076921880245209	-0.10021890699863
-0.43208885192871	-0.12958070635796	-0.16747309267521	0.18014450371265	0.59530675411224	0.00086794048547745	-0.003131169360131	0.036758631467819	0.076932638883591	-0.10021784901619
-0.43207970261574	-0.12940859794617	-0.16748775541782	0.18012776970863	0.59522920846939	0.0008685439825058	-0.003148791147396	0.036737352609634	0.076906263828278	-0.1002294421196
-0.43207255005836	-0.12929964065552	-0.16749985516071	0.18012124300003	0.59516632556915	0.0008682906627655	-0.0031316126696765	0.036722540855408	0.076889306306839	-0.10023753345013
-0.43206253647804	-0.12931637465954	-0.1674971729517	0.1801353096962	0.59510087966919	0.00086825340986252	-0.003130357246846	0.036716818809509	0.076895266771317	-0.10024078935385
-0.43206244707108	-0.12930844724178	-0.16749499738216	0.18013142049313	0.59502935409546	0.00086849927902222	-0.0031300366390496	0.036715865135193	0.076894104480743	-0.10024123638868
-0.43206080794334	-0.12928499281406	-0.16749733686447	0.18012933433056	0.59495794773102	0.00086837261915207	-0.0031319663394243	0.036711931228638	0.076890856027603	-0.10024403780699
-0.43205741047859	-0.12927663326263	-0.16749893128872	0.18012997508049	0.59488725662231	0.00086838752031326	-0.0031299372203648	0.036708921194077	0.076890558004379	-0.10024413466454
-0.43205767869949	-0.12929473817348	-0.16749773919582	0.18014398217201	0.59481698274612	0.00086797028779984	-0.0031314101070166	0.036711454391479	0.07689294219017	-0.10024520009756
-0.43212199211121	-0.12939734756947	-0.16747958958149	0.18016602098942	0.59482556581497	0.00086919963359833	-0.0031732376664877	0.036729335784912	0.076891928911209	-0.10024213045835
-0.43391069769859	-0.12934926152229	-0.16729521751404	0.17955553531647	0.59622311592102	0.00086507946252823	-0.0029929568991065	0.037767678499222	0.076246827840805	-0.10038640350103
-0.38078778982162	-0.26630657911301	-0.28722989559174	0.17842181026936	0.60510450601578	0.0072214901447296	-0.0033339750953019	0.033059060573578	0.07824045419693	-0.092813402414322
-0.35629823803902	-0.30275574326515	-0.31598502397537	0.17763413488865	0.61243098974228	0.009310781955719	-0.0032959808595479	0.030988603830338	0.079311788082123	-0.090806849300861
-0.35375192761421	-0.30654680728912	-0.31907266378403	0.17744570970535	0.61460012197495	0.0093636885285378	-0.0035487308632582	0.030812472105026	0.079378962516785	-0.090632930397987
-0.35367587208748	-0.30690357089043	-0.31940430402756	0.17775191366673	0.61440020799637	0.0091671049594879	-0.0034874707926065	0.030877560377121	0.07933509349823	-0.090627126395702
-0.35398441553116	-0.30689871311188	-0.31943994760513	0.17873895168304	0.61377865076065	0.0091574564576149	-0.0032750617247075	0.030966997146606	0.079303085803986	-0.090608544647694
-0.17397597432137	-0.42291182279587	-0.37190094590187	0.17632693052292	0.63791245222092	0.016126975417137	-0.0037778201512992	0.017049431800842	0.08792433142662	-0.083974659442902
-0.093736089766026	-0.45160195231438	-0.36847594380379	0.17324218153954	0.65537625551224	0.017797201871872	-0.0036196592263877	0.0097973644733429	0.091815412044525	-0.082249730825424
-0.055920708924532	-0.45902755856514	-0.35905241966248	0.17299048602581	0.66359525918961	0.018331870436668	-0.0036917093675584	0.0065324902534485	0.09373527765274	-0.081694357097149
-0.0227972548455	-0.46176213026047	-0.34595823287964	0.173424705863	0.66959726810455	0.018201544880867	-0.0037740902043879	0.0035815536975861	0.095503181219101	-0.081371441483498
0.063972696661949	-0.45229199528694	-0.29082837700844	0.1709707826376	0.68404388427734	0.018620938062668	-0.0037117309402674	-0.005062609910965	0.10055923461914	-0.081173978745937
