0.433,-0.127,-0.168,0.000,-0.035,0.075,-0.100
0.431,-0.153,-0.192,0.100,-0.035,0.075,-0.098
0.426,-0.180,-0.216,0.200,-0.034,0.075,-0.097
0.418,-0.207,-0.239,0.300,-0.034,0.076,-0.095
0.406,-0.233,-0.261,0.400,-0.033,0.076,-0.094
0.392,-0.259,-0.282,0.500,-0.032,0.077,-0.092
0.374,-0.284,-0.302,0.600,-0.030,0.077,-0.091
0.353,-0.308,-0.319,0.700,-0.029,0.078,-0.090
0.330,-0.331,-0.335,0.800,-0.027,0.079,-0.088
0.305,-0.353,-0.349,0.900,-0.025,0.080,-0.087
0.277,-0.374,-0.360,1.000,-0.023,0.082,-0.086
0.248,-0.393,-0.369,1.100,-0.021,0.083,-0.085
0.217,-0.410,-0.375,1.200,-0.019,0.084,-0.084
0.185,-0.425,-0.378,1.300,-0.016,0.086,-0.083
0.152,-0.438,-0.378,1.400,-0.013,0.087,-0.082
0.119,-0.448,-0.375,1.500,-0.011,0.089,-0.082
0.085,-0.456,-0.368,1.600,-0.008,0.091,-0.081
0.052,-0.461,-0.358,1.700,-0.005,0.092,-0.081
0.019,-0.463,-0.344,1.800,-0.002,0.094,-0.080
-0.013,-0.463,-0.328,1.900,0.001,0.096,-0.080
-0.044,-0.459,-0.307,2.000,0.004,0.097,-0.080
-0.074,-0.453,-0.284,2.100,0.007,0.099,-0.080
-0.103,-0.443,-0.258,2.200,0.010,0.101,-0.080
-0.130,-0.431,-0.229,2.300,0.013,0.103,-0.081
-0.155,-0.416,-0.198,2.400,0.016,0.104,-0.081
-0.179,-0.399,-0.165,2.500,0.019,0.106,-0.082
-0.202,-0.380,-0.129,2.600,0.022,0.108,-0.082
-0.222,-0.358,-0.092,2.700,0.025,0.109,-0.083
-0.241,-0.335,-0.054,2.800,0.027,0.111,-0.084
-0.258,-0.310,-0.015,2.900,0.030,0.112,-0.085
-0.274,-0.284,0.025,3.000,0.032,0.113,-0.086
-0.288,-0.256,0.065,3.100,0.034,0.115,-0.087
-0.301,-0.228,0.105,3.200,0.036,0.116,-0.088
-0.311,-0.199,0.145,3.300,0.038,0.117,-0.090
-0.321,-0.170,0.184,3.400,0.039,0.118,-0.091
-0.329,-0.140,0.222,3.500,0.040,0.118,-0.092
-0.335,-0.110,0.258,3.600,0.041,0.119,-0.094
-0.340,-0.081,0.293,3.700,0.042,0.119,-0.095
-0.343,-0.053,0.326,3.800,0.043,0.120,-0.097
-0.346,-0.025,0.356,3.900,0.043,0.120,-0.098
-0.346,0.002,0.384,0.000,0.043,0.120,-0.100
-0.335,-0.009,0.356,0.100,0.041,0.119,-0.100
-0.323,-0.019,0.328,0.200,0.039,0.118,-0.100
-0.311,-0.029,0.302,0.300,0.037,0.117,-0.100
-0.298,-0.039,0.277,0.400,0.036,0.116,-0.100
-0.285,-0.047,0.252,0.500,0.034,0.114,-0.100
-0.272,-0.055,0.229,0.600,0.032,0.113,-0.100
-0.259,-0.063,0.206,0.700,0.030,0.112,-0.100
-0.245,-0.070,0.184,0.800,0.028,0.111,-0.100
-0.230,-0.076,0.163,0.900,0.026,0.110,-0.100
-0.216,-0.082,0.143,1.000,0.024,0.109,-0.100
-0.200,-0.088,0.123,1.100,0.022,0.108,-0.100
-0.185,-0.093,0.105,1.200,0.020,0.107,-0.100
-0.169,-0.097,0.087,1.300,0.018,0.105,-0.100
-0.152,-0.102,0.069,1.400,0.016,0.104,-0.100
-0.136,-0.105,0.052,1.500,0.014,0.103,-0.100
-0.118,-0.109,0.036,1.600,0.012,0.102,-0.100
-0.101,-0.112,0.021,1.700,0.010,0.101,-0.100
-0.082,-0.115,0.006,1.800,0.008,0.100,-0.100
-0.064,-0.117,-0.008,1.900,0.006,0.099,-0.100
-0.044,-0.119,-0.021,2.000,0.004,0.097,-0.100
-0.025,-0.121,-0.034,2.100,0.002,0.096,-0.100
-0.005,-0.123,-0.047,2.200,0.000,0.095,-0.100
0.016,-0.124,-0.058,2.300,-0.002,0.094,-0.100
0.037,-0.125,-0.069,2.400,-0.003,0.093,-0.100
0.059,-0.126,-0.080,2.500,-0.005,0.092,-0.100
0.081,-0.127,-0.089,2.600,-0.007,0.091,-0.100
0.104,-0.127,-0.099,2.700,-0.009,0.090,-0.100
0.127,-0.128,-0.107,2.800,-0.011,0.089,-0.100
0.150,-0.128,-0.115,2.900,-0.013,0.087,-0.100
0.174,-0.128,-0.123,3.000,-0.015,0.086,-0.100
0.198,-0.128,-0.130,3.100,-0.017,0.085,-0.100
0.223,-0.128,-0.136,3.200,-0.019,0.084,-0.100
0.248,-0.128,-0.142,3.300,-0.021,0.083,-0.100
0.274,-0.128,-0.147,3.400,-0.023,0.082,-0.100
0.300,-0.128,-0.152,3.500,-0.025,0.081,-0.100
0.326,-0.127,-0.156,3.600,-0.027,0.079,-0.100
0.352,-0.127,-0.160,3.700,-0.029,0.078,-0.100
0.379,-0.127,-0.163,3.800,-0.031,0.077,-0.100
0.433,-0.127,-0.168,4.000,-0.035,0.075,-0.100
0.433,-0.127,-0.168,4.000,-0.035,0.075,-0.100
0.433,-0.127,-0.168,4.000,-0.035,0.075,-0.100
0.433,-0.127,-0.168,4.000,-0.035,0.075,-0.100
0.433,-0.127,-0.168,4.000,-0.035,0.075,-0.100
0.433,-0.127,-0.168,4.000,-0.035,0.075,-0.100
0.433,-0.127,-0.168,4.000,-0.035,0.075,-0.100
0.433,-0.127,-0.168,4.000,-0.035,0.075,-0.100
0.433,-0.127,-0.168,4.000,-0.035,0.075,-0.100
0.433,-0.127,-0.168,4.000,-0.035,0.075,-0.100
0.433,-0.127,-0.168,4.000,-0.035,0.075,-0.100
0.433,-0.127,-0.168,4.000,-0.035,0.075,-0.100
0.327,-0.142,-0.154,0.000,-0.027,0.081,-0.099
0.325,-0.169,-0.178,0.100,-0.027,0.081,-0.098
0.321,-0.195,-0.201,0.200,-0.027,0.081,-0.096
0.313,-0.222,-0.223,0.300,-0.026,0.082,-0.095
0.302,-0.248,-0.244,0.400,-0.026,0.082,-0.093
0.288,-0.273,-0.264,0.500,-0.025,0.083,-0.092
0.271,-0.298,-0.281,0.600,-0.023,0.084,-0.090
0.252,-0.322,-0.297,0.700,-0.022,0.084,-0.089
0.231,-0.345,-0.310,0.800,-0.020,0.085,-0.087
0.207,-0.366,-0.321,0.900,-0.018,0.086,-0.086
0.181,-0.386,-0.330,1.000,-0.016,0.088,-0.085
0.154,-0.404,-0.336,1.100,-0.014,0.089,-0.084
0.126,-0.420,-0.338,1.200,-0.011,0.090,-0.083
0.096,-0.433,-0.338,1.300,-0.009,0.092,-0.082
0.066,-0.444,-0.334,1.400,-0.006,0.093,-0.081
0.036,-0.453,-0.327,1.500,-0.003,0.095,-0.081
0.006,-0.459,-0.316,1.600,-0.001,0.097,-0.080
-0.024,-0.462,-0.302,1.700,0.002,0.098,-0.080
-0.054,-0.461,-0.285,1.800,0.005,0.100,-0.079
-0.082,-0.458,-0.264,1.900,0.008,0.102,-0.079
-0.110,-0.452,-0.240,2.000,0.011,0.104,-0.079
-0.137,-0.443,-0.213,2.100,0.015,0.105,-0.079
-0.163,-0.431,-0.183,2.200,0.018,0.107,-0.079
-0.187,-0.416,-0.150,2.300,0.021,0.109,-0.080
-0.210,-0.399,-0.115,2.400,0.024,0.111,-0.080
-0.231,-0.379,-0.078,2.500,0.026,0.112,-0.081
-0.251,-0.357,-0.038,2.600,0.029,0.114,-0.081
-0.269,-0.333,0.002,2.700,0.032,0.115,-0.082
-0.286,-0.308,0.044,2.800,0.034,0.117,-0.083
-0.302,-0.280,0.087,2.900,0.037,0.118,-0.084
-0.316,-0.252,0.130,3.000,0.039,0.119,-0.085
-0.328,-0.222,0.174,3.100,0.041,0.121,-0.086
-0.339,-0.191,0.217,3.200,0.043,0.122,-0.087
-0.349,-0.160,0.260,3.300,0.045,0.123,-0.089
-0.358,-0.129,0.302,3.400,0.046,0.124,-0.090
-0.365,-0.097,0.343,3.500,0.047,0.124,-0.092
-0.370,-0.066,0.383,3.600,0.049,0.125,-0.093
-0.375,-0.035,0.420,3.700,0.049,0.125,-0.095
-0.378,-0.005,0.456,3.800,0.050,0.126,-0.096
-0.380,0.024,0.488,3.900,0.050,0.126,-0.098
-0.381,0.052,0.518,4.000,0.050,0.126,-0.099
-0.381,0.052,0.518,4.000,0.050,0.126,-0.099
-0.381,0.052,0.518,4.000,0.050,0.126,-0.099
-0.381,0.052,0.518,4.000,0.050,0.126,-0.099
-0.381,0.052,0.518,4.000,0.050,0.126,-0.099
-0.381,0.052,0.518,4.000,0.050,0.126,-0.099
-0.381,0.052,0.518,4.000,0.050,0.126,-0.099
-0.381,0.052,0.518,4.000,0.050,0.126,-0.099
-0.381,0.052,0.518,4.000,0.050,0.126,-0.099
-0.381,0.052,0.518,4.000,0.050,0.126,-0.099
-0.381,0.052,0.518,4.000,0.050,0.126,-0.099
-0.381,0.052,0.518,4.000,0.050,0.126,-0.099
-0.381,0.052,0.518,4.000,0.050,0.126,-0.099
-0.381,0.052,0.518,4.000,0.050,0.126,-0.099
-0.381,0.052,0.518,4.000,0.050,0.126,-0.099
-0.381,0.052,0.518,4.000,0.050,0.126,-0.099
-0.381,0.052,0.518,4.000,0.050,0.126,-0.099
-0.381,0.052,0.518,4.000,0.050,0.126,-0.099
-0.381,0.052,0.518,4.000,0.050,0.126,-0.099
-0.390,0.062,0.554,0.000,0.053,0.128,-0.099
-0.380,0.046,0.519,0.100,0.051,0.127,-0.099
-0.370,0.031,0.485,0.200,0.049,0.126,-0.099
-0.359,0.016,0.453,0.300,0.047,0.124,-0.099
-0.349,0.003,0.422,0.400,0.045,0.123,-0.099
-0.337,-0.009,0.392,0.500,0.043,0.122,-0.099
-0.326,-0.021,0.363,0.600,0.041,0.121,-0.099
-0.314,-0.032,0.335,0.700,0.039,0.120,-0.099
-0.302,-0.043,0.309,0.800,0.037,0.119,-0.099
-0.290,-0.052,0.283,0.900,0.035,0.118,-0.099
-0.277,-0.061,0.258,1.000,0.033,0.117,-0.099
-0.264,-0.070,0.234,1.100,0.031,0.115,-0.099
-0.250,-0.078,0.211,1.200,0.029,0.114,-0.099
-0.236,-0.085,0.189,1.300,0.027,0.113,-0.099
-0.222,-0.092,0.168,1.400,0.025,0.112,-0.099
-0.208,-0.099,0.147,1.500,0.023,0.111,-0.099
-0.193,-0.105,0.127,1.600,0.021,0.110,-0.099
-0.177,-0.110,0.108,1.700,0.019,0.109,-0.099
-0.162,-0.115,0.090,1.800,0.018,0.108,-0.099
-0.145,-0.120,0.072,1.900,0.016,0.106,-0.099
-0.129,-0.124,0.055,2.000,0.014,0.105,-0.099
-0.112,-0.128,0.038,2.100,0.012,0.104,-0.099
-0.094,-0.132,0.023,2.200,0.010,0.103,-0.099
-0.076,-0.135,0.008,2.300,0.008,0.102,-0.099
-0.058,-0.138,-0.007,2.400,0.006,0.101,-0.099
-0.039,-0.140,-0.021,2.500,0.004,0.100,-0.099
-0.020,-0.143,-0.034,2.600,0.002,0.099,-0.099
0.000,-0.145,-0.046,2.700,-0.000,0.097,-0.099
0.020,-0.146,-0.058,2.800,-0.002,0.096,-0.099
0.041,-0.148,-0.069,2.900,-0.004,0.095,-0.099
0.062,-0.149,-0.080,3.000,-0.006,0.094,-0.099
0.084,-0.150,-0.090,3.100,-0.008,0.093,-0.099
0.106,-0.151,-0.100,3.200,-0.010,0.092,-0.099
0.128,-0.152,-0.109,3.300,-0.012,0.091,-0.099
0.151,-0.152,-0.117,3.400,-0.014,0.090,-0.099
0.174,-0.153,-0.125,3.500,-0.016,0.088,-0.099
0.198,-0.153,-0.132,3.600,-0.018,0.087,-0.099
0.222,-0.153,-0.139,3.700,-0.019,0.086,-0.099
0.247,-0.153,-0.145,3.800,-0.021,0.085,-0.099
0.272,-0.153,-0.150,3.900,-0.023,0.084,-0.099
0.297,-0.153,-0.155,4.000,-0.025,0.083,-0.099
0.297,-0.153,-0.155,4.000,-0.025,0.083,-0.099
0.297,-0.153,-0.155,4.000,-0.025,0.083,-0.099
0.297,-0.153,-0.155,4.000,-0.025,0.083,-0.099
0.297,-0.153,-0.155,4.000,-0.025,0.083,-0.099
0.297,-0.153,-0.155,4.000,-0.025,0.083,-0.099
0.297,-0.153,-0.155,4.000,-0.025,0.083,-0.099
0.297,-0.153,-0.155,4.000,-0.025,0.083,-0.099
0.297,-0.153,-0.155,4.000,-0.025,0.083,-0.099
0.297,-0.153,-0.155,4.000,-0.025,0.083,-0.099
0.297,-0.153,-0.155,4.000,-0.025,0.083,-0.099
0.297,-0.153,-0.155,4.000,-0.025,0.083,-0.099
0.297,-0.153,-0.155,4.000,-0.025,0.083,-0.099
0.297,-0.153,-0.155,4.000,-0.025,0.083,-0.099
0.297,-0.153,-0.155,4.000,-0.025,0.083,-0.099
0.297,-0.153,-0.155,4.000,-0.025,0.083,-0.099
0.297,-0.153,-0.155,4.000,-0.025,0.083,-0.099
0.297,-0.153,-0.155,4.000,-0.025,0.083,-0.099
0.297,-0.153,-0.155,4.000,-0.025,0.083,-0.099
0.297,-0.153,-0.155,4.000,-0.025,0.083,-0.099
0.297,-0.153,-0.155,4.000,-0.025,0.083,-0.099
0.297,-0.153,-0.155,4.000,-0.025,0.083,-0.099
0.275,-0.142,-0.133,0.000,-0.024,0.085,-0.099
0.272,-0.181,-0.168,0.100,-0.024,0.085,-0.097
0.262,-0.220,-0.200,0.200,-0.023,0.085,-0.095
0.246,-0.258,-0.230,0.300,-0.022,0.086,-0.092
0.224,-0.294,-0.255,0.400,-0.020,0.087,-0.090
0.197,-0.328,-0.276,0.500,-0.018,0.088,-0.088
0.165,-0.360,-0.292,0.600,-0.015,0.090,-0.086
0.129,-0.387,-0.302,0.700,-0.012,0.092,-0.085
0.090,-0.411,-0.306,0.800,-0.008,0.093,-0.083
0.049,-0.430,-0.302,0.900,-0.005,0.096,-0.082
0.007,-0.443,-0.292,1.000,-0.001,0.098,-0.081
-0.035,-0.449,-0.273,1.100,0.004,0.100,-0.080
-0.077,-0.450,-0.248,1.200,0.008,0.103,-0.080
-0.117,-0.444,-0.215,1.300,0.012,0.105,-0.079
-0.155,-0.431,-0.175,1.400,0.017,0.108,-0.079
-0.190,-0.412,-0.128,1.500,0.021,0.111,-0.079
-0.223,-0.387,-0.076,1.600,0.026,0.113,-0.080
-0.253,-0.357,-0.019,1.700,0.030,0.116,-0.081
-0.281,-0.322,0.042,1.800,0.034,0.118,-0.082
-0.305,-0.283,0.106,1.900,0.038,0.120,-0.083
-0.326,-0.240,0.173,2.000,0.041,0.122,-0.084
-0.344,-0.195,0.240,2.100,0.044,0.124,-0.086
-0.359,-0.148,0.307,2.200,0.047,0.126,-0.088
-0.372,-0.100,0.373,2.300,0.050,0.127,-0.090
-0.382,-0.052,0.437,2.400,0.051,0.128,-0.092
-0.389,-0.004,0.497,2.500,0.053,0.129,-0.094
-0.393,0.042,0.553,2.600,0.054,0.129,-0.096
-0.395,0.086,0.602,2.700,0.054,0.130,-0.099
-0.395,0.086,0.602,2.700,0.054,0.130,-0.099
-0.395,0.086,0.602,2.700,0.054,0.130,-0.099
-0.395,0.086,0.602,2.700,0.054,0.130,-0.099
-0.395,0.086,0.602,2.700,0.054,0.130,-0.099
-0.395,0.086,0.602,2.700,0.054,0.130,-0.099
-0.395,0.086,0.602,2.700,0.054,0.130,-0.099
-0.395,0.086,0.602,2.700,0.054,0.130,-0.099
-0.395,0.086,0.602,2.700,0.054,0.130,-0.099
-0.395,0.086,0.602,2.700,0.054,0.130,-0.099
-0.395,0.086,0.602,2.700,0.054,0.130,-0.099
-0.395,0.086,0.602,2.700,0.054,0.130,-0.099
-0.395,0.086,0.602,2.700,0.054,0.130,-0.099
-0.395,0.086,0.602,2.700,0.054,0.130,-0.099
-0.395,0.086,0.602,2.700,0.054,0.130,-0.099
-0.395,0.086,0.602,2.700,0.054,0.130,-0.099
-0.395,0.086,0.602,2.700,0.054,0.130,-0.099
-0.395,0.086,0.602,2.700,0.054,0.130,-0.099
-0.395,0.086,0.602,2.700,0.054,0.130,-0.099
-0.395,0.086,0.602,2.700,0.054,0.130,-0.099
-0.395,0.086,0.602,2.700,0.054,0.130,-0.099
-0.395,0.086,0.602,2.700,0.054,0.130,-0.099
-0.395,0.086,0.602,2.700,0.054,0.130,-0.099
-0.395,0.086,0.602,2.700,0.054,0.130,-0.099
-0.402,0.086,0.620,0.000,0.056,0.131,-0.098
-0.393,0.068,0.581,0.100,0.054,0.130,-0.098
-0.383,0.051,0.545,0.200,0.052,0.128,-0.098
-0.373,0.035,0.510,0.300,0.050,0.127,-0.098
-0.362,0.020,0.476,0.400,0.048,0.126,-0.098
-0.352,0.006,0.444,0.500,0.046,0.125,-0.098
-0.341,-0.007,0.413,0.600,0.044,0.124,-0.098
-0.329,-0.020,0.384,0.700,0.042,0.123,-0.098
-0.318,-0.032,0.355,0.800,0.040,0.122,-0.098
-0.306,-0.043,0.328,0.900,0.038,0.121,-0.098
-0.294,-0.053,0.301,1.000,0.036,0.119,-0.098
-0.281,-0.063,0.276,1.100,0.034,0.118,-0.098
-0.268,-0.072,0.251,1.200,0.032,0.117,-0.098
-0.255,-0.080,0.228,1.300,0.030,0.116,-0.098
-0.242,-0.088,0.205,1.400,0.028,0.115,-0.098
-0.228,-0.096,0.183,1.500,0.026,0.114,-0.098
-0.213,-0.103,0.161,1.600,0.024,0.113,-0.098
-0.199,-0.109,0.141,1.700,0.022,0.112,-0.098
-0.184,-0.115,0.121,1.800,0.021,0.110,-0.098
-0.168,-0.121,0.102,1.900,0.019,0.109,-0.098
-0.153,-0.126,0.084,2.000,0.017,0.108,-0.098
-0.136,-0.131,0.066,2.100,0.015,0.107,-0.098
-0.120,-0.135,0.049,2.200,0.013,0.106,-0.098
-0.103,-0.139,0.033,2.300,0.011,0.105,-0.098
-0.085,-0.143,0.017,2.400,0.009,0.104,-0.098
-0.067,-0.146,0.002,2.500,0.007,0.103,-0.098
-0.049,-0.149,-0.012,2.600,0.005,0.101,-0.098
-0.030,-0.151,-0.026,2.700,0.003,0.100,-0.098
-0.010,-0.154,-0.039,2.800,0.001,0.099,-0.098
0.009,-0.156,-0.051,2.900,-0.001,0.098,-0.098
0.029,-0.158,-0.063,3.000,-0.003,0.097,-0.098
0.050,-0.159,-0.074,3.100,-0.005,0.096,-0.098
0.071,-0.161,-0.085,3.200,-0.007,0.095,-0.098
0.093,-0.162,-0.095,3.300,-0.009,0.094,-0.098
0.115,-0.163,-0.104,3.400,-0.011,0.092,-0.098
0.137,-0.164,-0.113,3.500,-0.013,0.091,-0.098
0.160,-0.164,-0.121,3.600,-0.015,0.090,-0.098
0.183,-0.165,-0.129,3.700,-0.016,0.089,-0.098
0.207,-0.165,-0.136,3.800,-0.018,0.088,-0.098
0.231,-0.165,-0.143,3.900,-0.020,0.087,-0.098
0.255,-0.166,-0.149,4.000,-0.022,0.086,-0.098
0.255,-0.166,-0.149,4.000,-0.022,0.086,-0.098
0.255,-0.166,-0.149,4.000,-0.022,0.086,-0.098
0.255,-0.166,-0.149,4.000,-0.022,0.086,-0.098
0.255,-0.166,-0.149,4.000,-0.022,0.086,-0.098
0.255,-0.166,-0.149,4.000,-0.022,0.086,-0.098
0.255,-0.166,-0.149,4.000,-0.022,0.086,-0.098
0.255,-0.166,-0.149,4.000,-0.022,0.086,-0.098
0.255,-0.166,-0.149,4.000,-0.022,0.086,-0.098
0.255,-0.166,-0.149,4.000,-0.022,0.086,-0.098
0.255,-0.166,-0.149,4.000,-0.022,0.086,-0.098
0.255,-0.166,-0.149,4.000,-0.022,0.086,-0.098
0.255,-0.166,-0.149,4.000,-0.022,0.086,-0.098
0.255,-0.166,-0.149,4.000,-0.022,0.086,-0.098
0.255,-0.166,-0.149,4.000,-0.022,0.086,-0.098
0.255,-0.166,-0.149,4.000,-0.022,0.086,-0.098
0.255,-0.166,-0.149,4.000,-0.022,0.086,-0.098
0.255,-0.166,-0.149,4.000,-0.022,0.086,-0.098
0.255,-0.166,-0.149,4.000,-0.022,0.086,-0.098
0.255,-0.166,-0.149,4.000,-0.022,0.086,-0.098
0.149,-0.139,-0.075,0.000,-0.014,0.093,-0.099
0.147,-0.171,-0.104,0.100,-0.014,0.093,-0.097
0.141,-0.202,-0.130,0.200,-0.013,0.093,-0.095
0.131,-0.233,-0.153,0.300,-0.012,0.094,-0.094
0.117,-0.262,-0.174,0.400,-0.011,0.094,-0.092
0.100,-0.290,-0.191,0.500,-0.010,0.095,-0.090
0.080,-0.317,-0.205,0.600,-0.008,0.096,-0.088
0.058,-0.341,-0.214,0.700,-0.006,0.097,-0.087
0.032,-0.363,-0.220,0.800,-0.003,0.099,-0.085
0.005,-0.381,-0.221,0.900,-0.001,0.100,-0.084
-0.023,-0.396,-0.216,1.000,0.002,0.102,-0.083
-0.052,-0.407,-0.207,1.100,0.005,0.104,-0.082
-0.082,-0.414,-0.193,1.200,0.009,0.106,-0.081
-0.112,-0.417,-0.173,1.300,0.012,0.108,-0.080
-0.142,-0.416,-0.148,1.400,0.016,0.110,-0.080
-0.171,-0.409,-0.118,1.500,0.019,0.112,-0.079
-0.199,-0.398,-0.082,1.600,0.023,0.114,-0.079
-0.226,-0.383,-0.042,1.700,0.027,0.116,-0.079
-0.251,-0.363,0.002,1.800,0.030,0.118,-0.079
-0.275,-0.340,0.051,1.900,0.034,0.120,-0.080
-0.297,-0.312,0.103,2.000,0.038,0.122,-0.080
-0.318,-0.281,0.159,2.100,0.041,0.124,-0.081
-0.337,-0.246,0.218,2.200,0.044,0.126,-0.082
-0.354,-0.209,0.279,2.300,0.047,0.128,-0.083
-0.370,-0.169,0.342,2.400,0.050,0.130,-0.084
-0.384,-0.126,0.406,2.500,0.053,0.131,-0.085
-0.396,-0.082,0.471,2.600,0.055,0.133,-0.087
-0.406,-0.037,0.537,2.700,0.058,0.134,-0.088
-0.415,0.009,0.602,2.800,0.060,0.135,-0.090
-0.422,0.056,0.667,2.900,0.061,0.136,-0.092
-0.428,0.103,0.729,3.000,0.062,0.137,-0.093
-0.432,0.149,0.790,3.100,0.063,0.137,-0.095
-0.434,0.194,0.846,3.200,0.064,0.138,-0.097
-0.435,0.236,0.897,3.300,0.064,0.138,-0.099
-0.435,0.236,0.897,3.300,0.064,0.138,-0.099
-0.435,0.236,0.897,3.300,0.064,0.138,-0.099
-0.435,0.236,0.897,3.300,0.064,0.138,-0.099
-0.435,0.236,0.897,3.300,0.064,0.138,-0.099
-0.435,0.236,0.897,3.300,0.064,0.138,-0.099
-0.435,0.236,0.897,3.300,0.064,0.138,-0.099
-0.435,0.236,0.897,3.300,0.064,0.138,-0.099
-0.435,0.236,0.897,3.300,0.064,0.138,-0.099
-0.435,0.236,0.897,3.300,0.064,0.138,-0.099
-0.435,0.236,0.897,3.300,0.064,0.138,-0.099
-0.435,0.236,0.897,3.300,0.064,0.138,-0.099
-0.435,0.236,0.897,3.300,0.064,0.138,-0.099
-0.435,0.236,0.897,3.300,0.064,0.138,-0.099
-0.435,0.236,0.897,3.300,0.064,0.138,-0.099
-0.435,0.236,0.897,3.300,0.064,0.138,-0.099
-0.435,0.236,0.897,3.300,0.064,0.138,-0.099
-0.435,0.236,0.897,3.300,0.064,0.138,-0.099
-0.435,0.236,0.897,3.300,0.064,0.138,-0.099
-0.440,0.217,0.884,0.000,0.065,0.138,-0.097
-0.432,0.188,0.830,0.100,0.063,0.137,-0.097
-0.423,0.162,0.779,0.200,0.061,0.136,-0.097
-0.414,0.138,0.733,0.300,0.059,0.135,-0.097
-0.405,0.116,0.688,0.400,0.057,0.134,-0.097
-0.396,0.095,0.647,0.500,0.055,0.133,-0.097
-0.386,0.076,0.607,0.600,0.053,0.131,-0.097
-0.376,0.059,0.570,0.700,0.051,0.130,-0.097
-0.366,0.042,0.534,0.800,0.050,0.129,-0.097
-0.356,0.026,0.500,0.900,0.048,0.128,-0.097
-0.345,0.012,0.467,1.000,0.046,0.127,-0.097
-0.334,-0.002,0.436,1.100,0.044,0.126,-0.097
-0.323,-0.015,0.405,1.200,0.042,0.125,-0.097
-0.311,-0.027,0.376,1.300,0.040,0.124,-0.097
-0.300,-0.039,0.348,1.400,0.038,0.122,-0.097
-0.288,-0.050,0.321,1.500,0.036,0.121,-0.097
-0.275,-0.060,0.295,1.600,0.034,0.120,-0.097
-0.262,-0.069,0.270,1.700,0.032,0.119,-0.097
-0.249,-0.078,0.246,1.800,0.030,0.118,-0.097
-0.236,-0.087,0.223,1.900,0.028,0.117,-0.097
-0.222,-0.095,0.201,2.000,0.026,0.116,-0.097
-0.208,-0.102,0.179,2.100,0.024,0.115,-0.097
-0.194,-0.109,0.158,2.200,0.022,0.113,-0.097
-0.179,-0.115,0.138,2.300,0.020,0.112,-0.097
-0.163,-0.121,0.119,2.400,0.018,0.111,-0.097
-0.148,-0.127,0.100,2.500,0.016,0.110,-0.097
-0.132,-0.132,0.082,2.600,0.014,0.109,-0.097
-0.115,-0.137,0.065,2.700,0.012,0.108,-0.097
-0.098,-0.141,0.048,2.800,0.011,0.107,-0.097
-0.081,-0.145,0.032,2.900,0.009,0.106,-0.097
-0.063,-0.149,0.017,3.000,0.007,0.104,-0.097
-0.045,-0.152,0.003,3.100,0.005,0.103,-0.097
-0.027,-0.155,-0.011,3.200,0.003,0.102,-0.097
-0.008,-0.158,-0.025,3.300,0.001,0.101,-0.097
0.012,-0.160,-0.037,3.400,-0.001,0.100,-0.097
0.031,-0.162,-0.050,3.500,-0.003,0.099,-0.097
0.052,-0.164,-0.061,3.600,-0.005,0.098,-0.097
0.072,-0.166,-0.072,3.700,-0.007,0.097,-0.097
0.094,-0.167,-0.082,3.800,-0.009,0.095,-0.097
0.115,-0.168,-0.092,3.900,-0.011,0.094,-0.097
0.137,-0.169,-0.101,4.000,-0.013,0.093,-0.097
0.137,-0.169,-0.101,4.000,-0.013,0.093,-0.097
0.137,-0.169,-0.101,4.000,-0.013,0.093,-0.097
0.137,-0.169,-0.101,4.000,-0.013,0.093,-0.097
0.137,-0.169,-0.101,4.000,-0.013,0.093,-0.097
0.137,-0.169,-0.101,4.000,-0.013,0.093,-0.097
0.137,-0.169,-0.101,4.000,-0.013,0.093,-0.097
0.137,-0.169,-0.101,4.000,-0.013,0.093,-0.097
0.137,-0.169,-0.101,4.000,-0.013,0.093,-0.097
0.137,-0.169,-0.101,4.000,-0.013,0.093,-0.097
0.137,-0.169,-0.101,4.000,-0.013,0.093,-0.097
0.137,-0.169,-0.101,4.000,-0.013,0.093,-0.097
0.137,-0.169,-0.101,4.000,-0.013,0.093,-0.097
0.137,-0.169,-0.101,4.000,-0.013,0.093,-0.097
0.137,-0.169,-0.101,4.000,-0.013,0.093,-0.097
0.137,-0.169,-0.101,4.000,-0.013,0.093,-0.097
0.137,-0.169,-0.101,4.000,-0.013,0.093,-0.097
0.137,-0.169,-0.101,4.000,-0.013,0.093,-0.097
0.137,-0.169,-0.101,4.000,-0.013,0.093,-0.097
0.137,-0.169,-0.101,4.000,-0.013,0.093,-0.097
0.137,-0.169,-0.101,4.000,-0.013,0.093,-0.097
0.137,-0.169,-0.101,4.000,-0.013,0.093,-0.097
0.082,-0.135,-0.038,0.000,-0.008,0.097,-0.099
0.080,-0.161,-0.061,0.100,-0.008,0.097,-0.098
0.076,-0.187,-0.083,0.200,-0.007,0.097,-0.096
0.070,-0.212,-0.103,0.300,-0.007,0.098,-0.094
0.061,-0.236,-0.120,0.400,-0.006,0.098,-0.093
0.050,-0.260,-0.135,0.500,-0.005,0.099,-0.091
0.037,-0.283,-0.148,0.600,-0.004,0.100,-0.090
0.022,-0.304,-0.158,0.700,-0.002,0.100,-0.089
0.005,-0.323,-0.165,0.800,-0.000,0.101,-0.087
-0.014,-0.341,-0.169,0.900,0.001,0.102,-0.086
-0.034,-0.356,-0.170,1.000,0.003,0.104,-0.085
-0.055,-0.370,-0.167,1.100,0.006,0.105,-0.084
-0.076,-0.380,-0.161,1.200,0.008,0.106,-0.083
-0.099,-0.388,-0.152,1.300,0.011,0.108,-0.082
-0.121,-0.393,-0.138,1.400,0.013,0.109,-0.081
-0.144,-0.396,-0.121,1.500,0.016,0.111,-0.081
-0.167,-0.394,-0.100,1.600,0.019,0.113,-0.080
-0.190,-0.390,-0.075,1.700,0.022,0.114,-0.080
-0.212,-0.383,-0.047,1.800,0.025,0.116,-0.079
-0.233,-0.372,-0.015,1.900,0.028,0.118,-0.079
-0.254,-0.358,0.021,2.000,0.031,0.120,-0.079
-0.274,-0.341,0.059,2.100,0.034,0.121,-0.079
-0.293,-0.321,0.101,2.200,0.037,0.123,-0.079
-0.311,-0.298,0.146,2.300,0.040,0.125,-0.080
-0.328,-0.273,0.193,2.400,0.043,0.127,-0.080
-0.344,-0.245,0.243,2.500,0.046,0.128,-0.081
-0.359,-0.214,0.295,2.600,0.049,0.130,-0.081
-0.373,-0.181,0.350,2.700,0.051,0.131,-0.082
-0.386,-0.146,0.406,2.800,0.054,0.133,-0.083
-0.398,-0.109,0.464,2.900,0.056,0.134,-0.084
-0.408,-0.070,0.524,3.000,0.059,0.135,-0.085
-0.418,-0.030,0.585,3.100,0.061,0.137,-0.086
-0.426,0.012,0.647,3.200,0.063,0.138,-0.087
-0.434,0.055,0.710,3.300,0.064,0.139,-0.089
-0.440,0.100,0.773,3.400,0.066,0.140,-0.090
-0.446,0.145,0.837,3.500,0.067,0.140,-0.091
-0.450,0.192,0.901,3.600,0.068,0.141,-0.093
-0.454,0.238,0.965,3.700,0.069,0.141,-0.094
-0.456,0.286,1.029,3.800,0.070,0.142,-0.096
-0.457,0.333,1.092,3.900,0.070,0.142,-0.098
-0.458,0.380,1.153,4.000,0.070,0.142,-0.099
-0.458,0.380,1.153,4.000,0.070,0.142,-0.099
-0.458,0.380,1.153,4.000,0.070,0.142,-0.099
-0.458,0.380,1.153,4.000,0.070,0.142,-0.099
-0.458,0.380,1.153,4.000,0.070,0.142,-0.099
-0.458,0.380,1.153,4.000,0.070,0.142,-0.099
-0.458,0.380,1.153,4.000,0.070,0.142,-0.099
-0.458,0.380,1.153,4.000,0.070,0.142,-0.099
-0.458,0.380,1.153,4.000,0.070,0.142,-0.099
-0.458,0.380,1.153,4.000,0.070,0.142,-0.099
-0.458,0.380,1.153,4.000,0.070,0.142,-0.099
-0.458,0.380,1.153,4.000,0.070,0.142,-0.099
-0.458,0.380,1.153,4.000,0.070,0.142,-0.099
-0.458,0.380,1.153,4.000,0.070,0.142,-0.099
-0.458,0.380,1.153,4.000,0.070,0.142,-0.099
-0.458,0.380,1.153,4.000,0.070,0.142,-0.099
-0.458,0.380,1.153,4.000,0.070,0.142,-0.099
-0.458,0.380,1.153,4.000,0.070,0.142,-0.099
-0.458,0.380,1.153,4.000,0.070,0.142,-0.099
-0.458,0.380,1.153,4.000,0.070,0.142,-0.099
-0.458,0.380,1.153,4.000,0.070,0.142,-0.099
-0.458,0.380,1.153,4.000,0.070,0.142,-0.099
-0.458,0.380,1.153,4.000,0.070,0.142,-0.099
-0.458,0.380,1.153,4.000,0.070,0.142,-0.099
-0.458,0.380,1.153,4.000,0.070,0.142,-0.099
-0.458,0.380,1.153,4.000,0.070,0.142,-0.099
-0.458,0.380,1.153,4.000,0.070,0.142,-0.099
-0.458,0.380,1.153,4.000,0.070,0.142,-0.099
-0.458,0.380,1.153,4.000,0.070,0.142,-0.099
-0.458,0.380,1.153,4.000,0.070,0.142,-0.099
-0.458,0.380,1.153,4.000,0.070,0.142,-0.099
-0.458,0.380,1.153,4.000,0.070,0.142,-0.099
-0.458,0.380,1.153,4.000,0.070,0.142,-0.099
-0.458,0.380,1.153,4.000,0.070,0.142,-0.099
-0.458,0.380,1.153,4.000,0.070,0.142,-0.099
