0	0.003	-1.457	0.007
0	0.004	-1.457	0.007
0	0.004	-1.457	0.007
0	0.004	-1.458	0.007
0	0.004	-1.458	0.007
0	0.004	-1.458	0.007
1	0.003	-1.461	0.002
1	0.001	-1.462	0.002
1	0.001	-1.463	0.003
1	0.002	-1.461	0.004
0	0.002	-1.457	0.005
0	0.003	-1.453	0.007
0	0.003	-1.449	0.008
0	0.002	-1.445	0.010
0	0.002	-1.440	0.011
0	0.003	-1.437	0.012
0	0.002	-1.433	0.013
0	0.002	-1.428	0.015
0	0.002	-1.422	0.015
0	0.002	-1.417	0.016
0	0.002	-1.412	0.017
0	0.002	-1.407	0.018
0	0.002	-1.402	0.018
0	0.002	-1.395	0.019
0	0.002	-1.390	0.019
0	0.002	-1.384	0.019
0	0.003	-1.378	0.019
0	0.003	-1.372	0.019
0	0.002	-1.367	0.019
0	0.002	-1.361	0.019
0	0.002	-1.356	0.018
0	0.002	-1.350	0.018
0	0.003	-1.344	0.017
0	0.002	-1.339	0.016
0	0.003	-1.333	0.015
0	0.002	-1.327	0.014
0	0.002	-1.322	0.013
0	0.002	-1.317	0.012
0	0.002	-1.313	0.011
0	0.003	-1.309	0.009
0	0.002	-1.305	0.008
0	0.002	-1.301	0.006
0	0.003	-1.296	0.005
1	0.003	-1.292	0.002
1	0.002	-1.289	0.001
1	0.003	-1.287	0.001
1	0.002	-1.289	0.001
1	0.002	-1.291	0.001
1	0.003	-1.292	0.001
1	0.003	-1.292	0.001
1	0.003	-1.295	0.001
1	0.002	-1.295	0.001
1	0.001	-1.296	0.001
1	0.000	-1.298	0.001
1	0.001	-1.299	0.001
1	0.003	-1.297	0.001
1	0.004	-1.297	0.001
1	0.004	-1.297	0.001
1	0.005	-1.296	0.001
1	0.005	-1.296	0.001
1	0.004	-1.296	0.001
1	0.003	-1.298	0.001
1	0.002	-1.299	0.001
1	-0.000	-1.300	0.001
1	0.001	-1.300	0.001
1	0.002	-1.297	0.001
1	0.003	-1.296	0.001
1	0.003	-1.296	0.001
1	0.004	-1.296	0.001
1	0.004	-1.296	0.001
1	0.004	-1.296	0.002
1	0.004	-1.295	0.002
1	0.005	-1.297	0.002
1	0.005	-1.296	0.002
1	0.005	-1.296	0.002
1	0.005	-1.296	0.002
1	0.005	-1.295	0.002
1	0.005	-1.295	0.002
1	0.005	-1.295	0.002
1	0.005	-1.295	0.002
1	0.005	-1.295	0.002
1	0.005	-1.295	0.002
1	0.005	-1.295	0.002
1	0.006	-1.295	0.002
1	0.006	-1.295	0.002
1	0.006	-1.295	0.002
1	0.006	-1.295	0.002
1	0.007	-1.294	0.003
0	0.006	-1.289	0.005
0	0.007	-1.284	0.007
0	0.008	-1.280	0.009
0	0.008	-1.278	0.011
0	0.006	-1.273	0.013
0	0.009	-1.261	0.016
0	0.011	-1.247	0.017
0	0.010	-1.240	0.017
0	0.009	-1.234	0.018
0	0.010	-1.225	0.019
0	0.010	-1.217	0.019
0	0.010	-1.211	0.019
0	0.010	-1.205	0.019
0	0.010	-1.193	0.019
0	0.010	-1.187	0.018
0	0.011	-1.181	0.017
0	0.010	-1.167	0.015
0	0.011	-1.159	0.014
0	0.010	-1.152	0.012
0	0.009	-1.146	0.011
0	0.008	-1.134	0.005
1	0.008	-1.126	0.004
1	0.009	-1.121	0.002
1	0.009	-1.121	0.001
1	0.008	-1.120	0.001
1	0.009	-1.119	0.001
1	0.009	-1.118	0.001
1	0.009	-1.118	0.001
1	0.009	-1.118	0.001
1	0.009	-1.118	0.001
1	0.009	-1.118	0.001
1	0.009	-1.118	0.001
1	0.009	-1.118	0.001
1	0.009	-1.118	0.001
1	0.009	-1.118	0.001
1	0.009	-1.118	0.001
1	0.009	-1.118	0.001
1	0.010	-1.119	0.001
1	0.010	-1.119	0.001
1	0.010	-1.122	0.001
1	0.010	-1.125	0.001
1	0.010	-1.124	0.001
1	0.010	-1.125	0.001
1	0.010	-1.126	0.001
1	0.010	-1.127	0.001
1	0.010	-1.126	0.001
1	0.009	-1.127	0.001
1	0.008	-1.127	0.001
1	0.008	-1.128	0.001
1	0.009	-1.127	0.001
1	0.010	-1.128	0.001
1	0.011	-1.127	0.001
1	0.011	-1.127	0.001
1	0.010	-1.128	0.001
1	0.010	-1.129	0.001
1	0.011	-1.128	0.001
1	0.011	-1.127	0.001
1	0.011	-1.129	0.001
1	0.009	-1.131	0.001
1	0.011	-1.131	0.002
1	0.013	-1.130	0.002
1	0.013	-1.130	0.002
1	0.013	-1.129	0.002
1	0.012	-1.127	0.002
1	0.012	-1.125	0.002
1	0.012	-1.125	0.002
1	0.012	-1.126	0.002
1	0.012	-1.125	0.002
1	0.012	-1.125	0.002
1	0.012	-1.125	0.002
1	0.012	-1.125	0.002
1	0.012	-1.125	0.002
1	0.012	-1.126	0.002
1	0.012	-1.126	0.002
1	0.012	-1.126	0.002
1	0.012	-1.126	0.002
1	0.012	-1.124	0.003
0	0.013	-1.121	0.005
0	0.014	-1.120	0.007
0	0.014	-1.117	0.009
0	0.014	-1.105	0.012
0	0.014	-1.098	0.013
0	0.014	-1.093	0.014
0	0.014	-1.088	0.015
0	0.014	-1.082	0.017
0	0.013	-1.070	0.019
0	0.013	-1.061	0.019
0	0.013	-1.055	0.019
0	0.013	-1.044	0.019
0	0.013	-1.037	0.019
0	0.013	-1.032	0.019
0	0.013	-1.027	0.018
0	0.013	-1.021	0.018
0	0.012	-1.017	0.017
0	0.011	-1.000	0.015
0	0.011	-0.988	0.013
0	0.011	-0.983	0.012
0	0.012	-0.980	0.011
0	0.011	-0.972	0.008
0	0.011	-0.964	0.005
1	0.011	-0.960	0.004
1	0.011	-0.957	0.002
1	0.011	-0.956	0.001
1	0.011	-0.957	0.001
1	0.011	-0.955	0.001
1	0.010	-0.953	0.001
1	0.009	-0.953	0.001
1	0.009	-0.953	0.001
1	0.009	-0.953	0.001
1	0.009	-0.953	0.001
1	0.009	-0.953	0.001
1	0.009	-0.953	0.001
1	0.008	-0.953	0.001
1	0.008	-0.953	0.001
1	0.008	-0.953	0.001
1	0.008	-0.953	0.001
1	0.008	-0.953	0.001
1	0.008	-0.953	0.001
1	0.008	-0.953	0.001
1	0.008	-0.953	0.001
1	0.008	-0.954	0.001
1	0.008	-0.956	0.001
1	0.008	-0.959	0.001
1	0.008	-0.959	0.001
1	0.007	-0.959	0.001
1	0.007	-0.959	0.001
1	0.009	-0.961	0.001
1	0.009	-0.962	0.001
1	0.008	-0.961	0.001
1	0.007	-0.961	0.001
1	0.007	-0.963	0.001
1	0.010	-0.965	0.001
1	0.011	-0.964	0.001
1	0.009	-0.965	0.001
1	0.007	-0.966	0.001
1	0.008	-0.963	0.001
1	0.008	-0.961	0.001
1	0.008	-0.960	0.001
1	0.007	-0.962	0.001
1	0.007	-0.961	0.001
1	0.007	-0.961	0.001
1	0.006	-0.960	0.001
1	0.006	-0.961	0.001
1	0.004	-0.965	0.002
1	0.004	-0.965	0.002
1	0.004	-0.963	0.002
1	0.004	-0.963	0.002
1	0.004	-0.963	0.002
1	0.004	-0.963	0.002
1	0.004	-0.963	0.002
1	0.004	-0.963	0.002
1	0.004	-0.963	0.002
1	0.004	-0.963	0.002
1	0.004	-0.963	0.002
1	0.005	-0.963	0.002
1	0.005	-0.963	0.002
1	0.005	-0.963	0.002
1	0.005	-0.960	0.003
0	0.005	-0.958	0.004
0	0.005	-0.957	0.005
0	0.005	-0.956	0.007
0	0.005	-0.954	0.008
0	0.009	-0.944	0.012
0	0.007	-0.934	0.013
0	0.006	-0.924	0.015
0	0.005	-0.919	0.016
0	0.005	-0.916	0.017
0	0.005	-0.904	0.019
0	0.005	-0.895	0.019
0	0.006	-0.884	0.019
0	0.005	-0.877	0.019
0	0.006	-0.869	0.019
0	0.005	-0.856	0.018
0	0.005	-0.844	0.017
0	0.004	-0.837	0.016
0	0.005	-0.827	0.014
0	0.005	-0.822	0.013
0	0.005	-0.820	0.012
0	0.003	-0.814	0.011
0	0.004	-0.802	0.008
0	0.004	-0.795	0.006
0	0.004	-0.793	0.005
1	0.004	-0.792	0.003
1	0.003	-0.787	0.001
1	0.003	-0.786	0.001
1	0.003	-0.786	0.001
1	0.003	-0.786	0.001
1	0.003	-0.786	0.001
1	0.003	-0.786	0.001
1	0.004	-0.786	0.001
1	0.004	-0.786	0.001
1	0.004	-0.786	0.001
1	0.004	-0.786	0.001
1	0.004	-0.786	0.001
1	0.004	-0.785	0.001
1	0.004	-0.785	0.001
1	0.004	-0.787	0.001
1	0.004	-0.789	0.001
1	0.004	-0.792	0.001
1	0.004	-0.792	0.001
1	0.004	-0.790	0.001
1	0.004	-0.792	0.001
1	0.004	-0.791	0.001
1	0.004	-0.791	0.001
1	0.005	-0.792	0.001
1	0.005	-0.793	0.001
1	0.005	-0.791	0.001
1	0.005	-0.790	0.001
1	0.005	-0.790	0.001
1	0.004	-0.792	0.001
1	0.003	-0.793	0.001
1	0.002	-0.794	0.001
1	0.001	-0.795	0.001
1	0.002	-0.795	0.001
1	0.004	-0.792	0.001
1	0.004	-0.790	0.001
1	0.003	-0.791	0.001
1	0.003	-0.790	0.001
1	0.003	-0.790	0.001
1	0.002	-0.791	0.001
1	0.001	-0.791	0.002
1	0.002	-0.789	0.002
1	0.001	-0.790	0.002
1	0.001	-0.790	0.002
1	0.001	-0.790	0.002
1	0.001	-0.790	0.002
1	0.001	-0.790	0.002
1	0.001	-0.790	0.002
1	0.001	-0.790	0.002
1	0.001	-0.790	0.002
1	0.001	-0.790	0.002
1	0.001	-0.790	0.002
1	0.001	-0.790	0.002
1	0.001	-0.790	0.002
1	0.001	-0.790	0.002
1	0.001	-0.790	0.002
1	0.002	-0.790	0.002
1	0.001	-0.789	0.003
0	0.003	-0.785	0.005
0	0.004	-0.782	0.007
0	0.004	-0.777	0.011
0	0.005	-0.774	0.012
0	0.008	-0.767	0.014
0	0.004	-0.749	0.017
0	0.003	-0.735	0.018
0	0.003	-0.729	0.018
0	0.002	-0.725	0.019
0	0.002	-0.716	0.019
0	0.002	-0.704	0.019
0	0.002	-0.692	0.018
0	0.001	-0.681	0.018
0	0.003	-0.672	0.017
0	0.002	-0.662	0.015
0	0.001	-0.653	0.013
0	0.002	-0.642	0.011
0	0.002	-0.635	0.008
0	0.002	-0.629	0.007
1	0.002	-0.624	0.003
1	0.003	-0.622	0.002
1	0.003	-0.620	0.001
1	0.003	-0.617	0.001
1	0.003	-0.615	0.001
1	0.002	-0.615	0.001
1	0.002	-0.615	0.001
1	0.002	-0.615	0.001
1	0.002	-0.615	0.001
1	0.002	-0.615	0.001
1	0.003	-0.615	0.001
1	0.003	-0.615	0.001
1	0.003	-0.615	0.001
1	0.003	-0.615	0.001
1	0.003	-0.615	0.001
1	0.003	-0.616	0.001
1	0.003	-0.619	0.001
1	0.003	-0.619	0.001
1	0.002	-0.620	0.001
1	0.001	-0.620	0.001
1	0.001	-0.621	0.001
1	0.001	-0.622	0.001
1	0.002	-0.621	0.001
1	0.002	-0.622	0.001
1	0.003	-0.621	0.001
1	0.003	-0.620	0.001
1	0.002	-0.623	0.001
1	-0.001	-0.624	0.001
1	0.001	-0.624	0.001
1	0.003	-0.622	0.001
1	0.004	-0.621	0.001
1	0.004	-0.621	0.001
1	0.001	-0.625	0.001
1	0.001	-0.624	0.001
1	0.002	-0.621	0.002
1	0.002	-0.620	0.002
1	0.003	-0.620	0.002
1	0.003	-0.621	0.002
1	0.003	-0.620	0.002
1	0.003	-0.620	0.002
1	0.003	-0.619	0.002
1	0.003	-0.619	0.002
1	0.003	-0.619	0.002
1	0.003	-0.619	0.002
1	0.003	-0.619	0.002
1	0.003	-0.620	0.002
1	0.003	-0.620	0.002
1	0.003	-0.620	0.002
1	0.003	-0.618	0.003
0	0.003	-0.615	0.004
0	0.002	-0.613	0.005
0	0.001	-0.611	0.008
0	0.001	-0.610	0.010
0	0.001	-0.610	0.012
0	0.004	-0.596	0.016
0	0.003	-0.589	0.017
0	0.004	-0.587	0.017
0	0.005	-0.584	0.018
0	0.003	-0.580	0.019
0	0.004	-0.575	0.019
0	0.004	-0.571	0.019
0	0.004	-0.569	0.019
0	0.004	-0.567	0.018
0	0.006	-0.564	0.018
0	0.004	-0.558	0.017
0	0.003	-0.555	0.015
0	0.003	-0.551	0.015
0	0.004	-0.547	0.012
0	0.005	-0.541	0.008
0	0.003	-0.536	0.007
0	0.002	-0.532	0.004
1	0.002	-0.526	0.004
1	0.003	-0.523	0.002
1	0.003	-0.522	0.001
1	0.003	-0.521	0.001
1	0.004	-0.519	0.001
1	0.004	-0.519	0.001
1	0.004	-0.519	0.001
1	0.004	-0.519	0.001
1	0.004	-0.518	0.001
1	0.004	-0.518	0.001
1	0.004	-0.518	0.001
1	0.004	-0.518	0.001
1	0.004	-0.517	0.001
1	0.004	-0.517	0.001
1	0.004	-0.517	0.001
1	0.004	-0.517	0.001
1	0.003	-0.517	0.001
1	0.003	-0.518	0.002
1	0.003	-0.520	0.002
1	0.004	-0.521	0.002
1	0.004	-0.520	0.002
1	0.005	-0.519	0.002
1	0.005	-0.518	0.002
1	0.004	-0.517	0.002
1	0.004	-0.517	0.002
1	0.004	-0.517	0.002
1	0.004	-0.517	0.002
1	0.004	-0.516	0.002
1	0.004	-0.516	0.002
1	0.004	-0.516	0.002
1	0.004	-0.516	0.002
1	0.003	-0.516	0.002
1	0.003	-0.515	0.002
1	0.003	-0.515	0.002
1	0.003	-0.515	0.002
1	0.003	-0.515	0.002
1	0.003	-0.514	0.002
1	0.003	-0.514	0.002
1	0.003	-0.514	0.002
1	0.003	-0.514	0.002
1	0.003	-0.513	0.002
1	0.003	-0.513	0.002
1	0.002	-0.513	0.002
1	0.002	-0.513	0.002
1	0.002	-0.512	0.002
1	0.002	-0.512	0.002
1	0.002	-0.512	0.002
1	0.002	-0.511	0.002
1	0.002	-0.511	0.002
1	0.002	-0.511	0.002
1	0.002	-0.511	0.002
1	0.001	-0.510	0.002
1	0.001	-0.510	0.002
1	0.001	-0.509	0.002
1	0.001	-0.509	0.002
1	0.001	-0.509	0.002
1	0.001	-0.508	0.002
1	0.000	-0.508	0.002
1	0.000	-0.508	0.002
1	0.000	-0.508	0.002
1	0.000	-0.507	0.002
1	-0.000	-0.507	0.002
1	-0.000	-0.507	0.002
1	-0.000	-0.506	0.002
1	-0.000	-0.506	0.002
1	-0.001	-0.506	0.002
1	-0.001	-0.506	0.002
1	-0.001	-0.505	0.002
1	-0.001	-0.505	0.002
1	-0.001	-0.505	0.002
1	-0.001	-0.504	0.002
1	-0.001	-0.504	0.002
1	-0.001	-0.504	0.002
1	-0.001	-0.504	0.002
1	-0.002	-0.503	0.002
1	-0.002	-0.503	0.002
1	-0.002	-0.503	0.002
1	-0.002	-0.502	0.002
1	-0.002	-0.502	0.002
1	-0.002	-0.502	0.002
1	-0.002	-0.502	0.002
1	-0.002	-0.501	0.002
1	-0.002	-0.501	0.002
1	-0.003	-0.501	0.002
1	-0.003	-0.500	0.002
1	-0.003	-0.500	0.002
1	-0.003	-0.500	0.002
1	-0.003	-0.500	0.002
1	-0.003	-0.499	0.002
1	-0.003	-0.499	0.002
1	-0.003	-0.499	0.002
1	-0.003	-0.498	0.002
1	-0.004	-0.498	0.002
1	-0.004	-0.498	0.002
1	-0.004	-0.498	0.002
1	-0.004	-0.497	0.002
1	-0.004	-0.497	0.002
1	-0.004	-0.497	0.002
1	-0.004	-0.496	0.002
1	-0.004	-0.496	0.002
1	-0.004	-0.496	0.002
1	-0.004	-0.496	0.002
1	-0.005	-0.495	0.002
1	-0.005	-0.495	0.002
1	-0.005	-0.494	0.002
1	-0.005	-0.494	0.002
1	-0.005	-0.494	0.002
1	-0.005	-0.494	0.002
1	-0.005	-0.493	0.002
1	-0.006	-0.493	0.002
1	-0.006	-0.492	0.002
1	-0.006	-0.492	0.002
1	-0.006	-0.492	0.002
1	-0.006	-0.492	0.002
1	-0.006	-0.491	0.002
1	-0.006	-0.491	0.002
1	-0.006	-0.491	0.002
1	-0.006	-0.490	0.002
1	-0.006	-0.490	0.002
1	-0.006	-0.490	0.002
