0.34328410029411	-0.14105527102947	-0.11897670477629	0.20941045880318	-1.2606292963028	0.00081522762775421	0.2829695045948	-0.030303716659546	0.085566937923431	-0.098482146859169
0.34357109665871	-0.14398704469204	-0.11831640452147	0.20991331338882	-1.2615923881531	0.00081662088632584	0.56897640228271	-0.030903100967407	0.08600914478302	-0.098691672086716
0.34326589107513	-0.14408728480339	-0.11820496618748	0.20996576547623	-1.2619532346725	0.00081534683704376	0.57107716798782	-0.030625104904175	0.086105942726135	-0.098773896694183
0.3431459069252	-0.14412376284599	-0.11819207668304	0.2100476026535	-1.2621521949768	0.00081495195627213	0.57175302505493	-0.030517816543579	0.086137592792511	-0.098751798272133
0.34312674403191	-0.14415922760963	-0.11818681657314	0.21012212336063	-1.2623510360718	0.00081496685743332	0.57165497541428	-0.030500888824463	0.086146712303162	-0.098741643130779
0.34312361478806	-0.14419549703598	-0.11818215996027	0.21018870174885	-1.2625477313995	0.0008150041103363	0.5715257525444	-0.030505299568176	0.086151301860809	-0.098737739026546
0.34312015771866	-0.14420099556446	-0.11817715317011	0.21024905145168	-1.2627410888672	0.00081489980220795	0.57149797677994	-0.030500411987305	0.086154043674469	-0.098735645413399
0.45140314102173	-0.13153378665447	-0.1292033046484	0.20763869583607	-1.2504941225052	0.0010869950056076	0.9720116853714	-0.037118792533875	0.080050706863403	-0.10011154413223
0.4654386639595	-0.13004831969738	-0.13039812445641	0.20754180848598	-1.2528756856918	0.00082483887672424	0.49623054265976	-0.039378345012665	0.07860141992569	-0.10033006966114
0.44576731324196	-0.13198937475681	-0.12945626676083	0.2086463868618	-1.2552735805511	0.00084218382835388	0.57492244243622	-0.040276706218719	0.078996777534485	-0.099904842674732
0.41945189237595	-0.13392508029938	-0.12738561630249	0.20914395153522	-1.2569007873535	0.00083465874195099	0.70318531990051	-0.037886381149292	0.080884516239166	-0.09977500885725
0.37040382623672	-0.13452741503716	-0.12210669368505	0.20955039560795	-1.2581981420517	0.00082516670227051	0.55993616580963	-0.033571600914001	0.083502650260925	-0.099646463990211
0.34200748801231	-0.13486015796661	-0.11820238828659	0.20981226861477	-1.2587324380875	0.00082328170537949	0.57047522068024	-0.030736684799194	0.085036098957062	-0.099533289670944
0.31651759147644	-0.13539500534534	-0.11399762332439	0.2099817097187	-1.259305357933	0.0008203536272049	0.58063769340515	-0.02859228849411	0.086352109909058	-0.099424302577972
0.31238934397697	-0.13661849498749	-0.113381549716	0.20994985103607	-1.2588653564453	0.00081242620944977	0.6053694486618	-0.027260899543762	0.087033152580261	-0.09924453496933
0.26904192566872	-0.13556203246117	-0.10434373468161	0.21011365950108	-1.2593150138855	0.00081343203783035	0.56372845172882	-0.024247825145721	0.08875298500061	-0.099360056221485
0.26370060443878	-0.13590550422668	-0.10333675891161	0.21005268394947	-1.2587888240814	0.00081363320350647	0.63256603479385	-0.023342609405518	0.089133203029633	-0.099273271858692
0.24219588935375	-0.13584971427917	-0.097986273467541	0.21004822850227	-1.2592018842697	0.00081545114517212	0.64309597015381	-0.022011399269104	0.090092241764069	-0.099289305508137
0.2182232439518	-0.13538967072964	-0.091691456735134	0.21014046669006	-1.2591596841812	0.00081437081098557	0.6664999127388	-0.01967465877533	0.091275453567505	-0.099294409155846
0.19473588466644	-0.13514673709869	-0.084711790084839	0.21013675630093	-1.2590202093124	0.00081514567136765	0.68559396266937	-0.017623424530029	0.092431306838989	-0.099282898008823
0.15214757621288	-0.1336764395237	-0.069933772087097	0.21030932664871	-1.2597908973694	0.00081551820039749	0.70094400644302	-0.014438986778259	0.094438016414642	-0.099361814558506
0.14678201079369	-0.13420797884464	-0.068314917385578	0.21010568737984	-1.2594643831253	0.00081551074981689	0.70719730854034	-0.01343959569931	0.094844222068787	-0.099270030856133
0.1261900216341	-0.13356538116932	-0.060328744351864	0.21028414368629	-1.259770154953	0.00081292539834976	0.64863693714142	-0.011422693729401	0.095929205417633	-0.099242702126503
0.10486876964569	-0.13208799064159	-0.051244847476482	0.21023540198803	-1.2599366903305	0.00081897526979446	0.72917956113815	-0.0096938014030457	0.096905589103699	-0.099253572523594
0.064879216253757	-0.12928213179111	-0.032108511775732	0.21025651693344	-1.2610074281693	0.00081856548786163	0.74663370847702	-0.0060954093933105	0.098987579345703	-0.099298775196075
0.059833530336618	-0.12998268008232	-0.029882568866014	0.21027900278568	-1.2602106332779	0.00081684440374374	0.75272578001022	-0.0050886869430542	0.099375069141388	-0.09916752576828
0.023655962198973	-0.12601667642593	-0.009431779384613	0.21036997437477	-1.2613670825958	0.00082246214151382	0.76796448230743	-0.001980185508728	0.10126495361328	-0.099248915910721
0.018647525459528	-0.12723381817341	-0.0069598779082298	0.21044808626175	-1.2602528333664	0.00082562863826752	0.77972894906998	-0.00075787305831909	0.1017330288887	-0.099070802330971
0.0011364648817107	-0.12446010112762	0.0041477815248072	0.2105515152216	-1.2602244615555	0.00082725286483765	0.70998281240463	0.00068342685699463	0.10258781909943	-0.099139086902142
-0.033866364508867	-0.11898044496775	0.028977490961552	0.2105904519558	-1.2615914344788	0.00083519518375397	0.79377436637878	0.0037316083908081	0.10460698604584	-0.099253065884113
-0.038683444261551	-0.12027361989021	0.031901471316814	0.21050032973289	-1.2611852884293	0.00084059685468674	0.79989951848984	0.0048625469207764	0.10511898994446	-0.099062718451023
-0.05536176264286	-0.11725668609142	0.044856905937195	0.21051143109798	-1.261305809021	0.00084250420331955	0.80704843997955	0.0065827965736389	0.1060808300972	-0.099052555859089
-0.088651448488235	-0.11017450690269	0.073349192738533	0.2105176448822	-1.2622028589249	0.00085220485925674	0.81978023052216	0.010207414627075	0.10811275243759	-0.099117398262024
-0.10768482089043	-0.1064310669899	0.090999945998192	0.21048955619335	-1.2622456550598	0.00085502117872238	0.82529652118683	0.012552499771118	0.10938811302185	-0.099044032394886
-0.11044319719076	-0.10771015286446	0.093092657625675	0.21049645543098	-1.2613427639008	0.00085853785276413	0.74884760379791	0.013319671154022	0.10975587368011	-0.098810099065304
-0.13949224352837	-0.097614213824272	0.12386026233435	0.21059973537922	-1.262023806572	0.00087304413318634	0.83008462190628	0.016489386558533	0.11147689819336	-0.098982401192188
-0.15696227550507	-0.093293458223343	0.14372199773788	0.21055918931961	-1.2618937492371	0.00087378919124603	0.82067137956619	0.018744349479675	0.11287689208984	-0.098850272595882
-0.17268677055836	-0.08785255998373	0.16285605728626	0.21052557229996	-1.2618780136108	0.00088653713464737	0.81951057910919	0.020809710025787	0.11401790380478	-0.098805263638496
-0.18764263391495	-0.081438839435577	0.1825405806303	0.21052406728268	-1.262139081955	0.00089223682880402	0.81669771671295	0.022675812244415	0.11508083343506	-0.098828412592411
-0.18978571891785	-0.082376256585121	0.18485262989998	0.21052965521812	-1.261293888092	0.00090009719133377	0.82036083936691	0.023270964622498	0.11540108919144	-0.098620347678661
-0.21525071561337	-0.068016454577446	0.22221811115742	0.21056784689426	-1.2622392177582	0.00091276317834854	0.73640137910843	0.026395499706268	0.117107629776	-0.098849147558212
-0.23076343536377	-0.0611412525177	0.24622312188148	0.21051304042339	-1.2623008489609	0.00094306468963623	0.80934941768646	0.028763771057129	0.11847716569901	-0.098696909844875
-0.23288059234619	-0.062055218964815	0.24900022149086	0.210533156991	-1.2613326311111	0.00092843174934387	0.80470526218414	0.029364466667175	0.11882585287094	-0.098444797098637
-0.25682285428047	-0.045611053705215	0.29096102714539	0.21048784255981	-1.2618792057037	0.00095964968204498	0.79226183891296	0.032794892787933	0.12060701847076	-0.098572418093681
-0.27105566859245	-0.035520158708096	0.31774860620499	0.21030353009701	-1.2610023021698	0.00097312778234482	0.77449375391006	0.035080015659332	0.121690928936	-0.09869909286499
-0.28317609429359	-0.023159565404058	0.34335768222809	0.210075289011	-1.2607439756393	0.00097902119159698	0.7633610367775	0.036612033843994	0.12246417999268	-0.099110588431358
-0.2946529686451	-0.0056774006225169	0.36917632818222	0.20946438610554	-1.2603607177734	0.00098411738872528	0.67768734693527	0.037901759147644	0.12242412567139	-0.10034936666489
-0.30589738488197	-0.017307883128524	0.37215420603752	0.20920577645302	-1.2609833478928	0.0019489750266075	0.7391015291214	0.039669394493103	0.12327134609222	-0.099078565835953
-0.30716276168823	-0.018699953332543	0.37247377634048	0.20917001366615	-1.2608131170273	0.0019708722829819	0.73697102069855	0.039898812770844	0.1233726143837	-0.098917931318283
-0.30750611424446	-0.019052658230066	0.37250816822052	0.20953360199928	-1.2582448720932	0.0017656311392784	0.033286266028881	0.040138959884644	0.12335002422333	-0.098833821713924
-0.30746307969093	-0.019261492416263	0.37251168489456	0.20999924838543	-1.2563147544861	0.0019173547625542	-0.0033746887929738	0.040087282657623	0.12340652942657	-0.098784208297729
-0.2755338549614	-0.17222693562508	0.18461294472218	0.20915600657463	-1.2490005493164	0.0092957392334938	-0.0038578771054745	0.034762740135193	0.12024641036987	-0.091287054121494
-0.27216398715973	-0.18840026855469	0.16443738341331	0.20774486660957	-1.2466990947723	0.0099885389208794	-0.0035482249222696	0.034214735031128	0.11974793672562	-0.090522438287735
-0.27187815308571	-0.19003613293171	0.1622713804245	0.20672537386417	-1.2454837560654	0.0099449977278709	-0.0037462234031409	0.034192502498627	0.1196585893631	-0.090456657111645
-0.27189120650291	-0.19023095071316	0.16203866899014	0.20646016299725	-1.244109749794	0.0098905637860298	-0.0035245902836323	0.034201085567474	0.11964285373688	-0.090452842414379
-0.20726478099823	-0.31149077415466	-0.012770227156579	0.20849506556988	-1.2260395288467	0.014426864683628	-0.0042477543465793	0.024871289730072	0.11447298526764	-0.085261084139347
-0.19987809658051	-0.32445466518402	-0.031540062278509	0.21026301383972	-1.219186425209	0.015044413506985	-0.0034606400877237	0.023641049861908	0.11390376091003	-0.084730081260204
-0.12128780037165	-0.39853686094284	-0.15891274809837	0.21033608913422	-1.2030502557755	0.017680160701275	-0.0040483931079507	0.013880014419556	0.10832023620605	-0.082076251506805
-0.065103814005852	-0.43063035607338	-0.22444945573807	0.21065552532673	-1.1908360719681	0.01876012980938	-0.0036276157479733	0.0074242353439331	0.10465431213379	-0.081115067005157
-0.033593289554119	-0.44245821237564	-0.25389510393143	0.21080654859543	-1.1830364465714	0.018934458494186	-0.0037814124953002	0.0041447877883911	0.10264998674393	-0.080853536725044
-0.030218666419387	-0.44383752346039	-0.25705629587173	0.21052914857864	-1.1808222532272	0.019126310944557	-0.0037330626510084	0.0038158297538757	0.10245037078857	-0.080809339880943
-0.030006319284439	-0.44400721788406	-0.25739574432373	0.21003520488739	-1.1802313327789	0.019249498844147	-0.0037221531383693	0.0038607716560364	0.10242420434952	-0.080799698829651
0.053239949047565	-0.45449128746986	-0.30849221348763	0.20964877307415	-1.170506477356	0.019168362021446	-0.0037412911187857	-0.0044723153114319	0.097785413265228	-0.080949433147907
0.062273606657982	-0.45572510361671	-0.31397831439972	0.20876450836658	-1.1677404642105	0.019132301211357	-0.0036552257370204	-0.0053322315216064	0.097271263599396	-0.080951727926731
0.1512954980135	-0.44346848130226	-0.33935424685478	0.20703321695328	-1.1576453447342	0.017889589071274	-0.0036650788970292	-0.013409912586212	0.092707216739655	-0.082101047039032
0.21879035234451	-0.42252632975578	-0.34389638900757	0.20864593982697	-1.1419219970703	0.016079269349575	-0.0034325264859945	-0.019078195095062	0.089418768882751	-0.083490580320358
0.25433799624443	-0.4073132276535	-0.34111547470093	0.20919570326805	-1.1321132183075	0.015125714242458	-0.0038085195701569	-0.022201597690582	0.087704539299011	-0.084449842572212
0.28475847840309	-0.39094763994217	-0.33494767546654	0.20956368744373	-1.125764966011	0.014218680560589	-0.0034556861501187	-0.024554014205933	0.086323618888855	-0.085420191287994
0.31344324350357	-0.37286826968193	-0.32598009705544	0.20972366631031	-1.1213573217392	0.013374581933022	-0.0035344697535038	-0.02682238817215	0.085038959980011	-0.086464591324329
0.31644687056541	-0.37096700072289	-0.32501766085625	0.21010339260101	-1.1166431903839	0.013273701071739	-0.0031378355342895	-0.026990652084351	0.084918975830078	-0.086556732654572
0.40000742673874	-0.29201316833496	-0.27124083042145	0.21004490554333	-1.105585694313	0.0088744089007378	-0.0034707605373114	-0.033635854721069	0.081218898296356	-0.091114953160286
0.43658038973808	-0.23882281780243	-0.22923186421394	0.21085107326508	-1.0962046384811	0.0054720640182495	-0.0029970544856042	-0.036409199237823	0.079592943191528	-0.094210878014565
0.45723333954811	-0.18723697960377	-0.18432666361332	0.2109272480011	-1.0915012359619	0.002768263220787	-0.0034880475141108	-0.038009405136108	0.078863143920898	-0.097132116556168
0.45926946401596	-0.1815523058176	-0.17950458824635	0.2109544724226	-1.0896159410477	0.0028163120150566	0.7351832985878	-0.038086771965027	0.078766882419586	-0.097477428615093
0.46439206600189	-0.13527719676495	-0.13582324981689	0.21185614168644	-1.0879892110825	0.00081348419189453	0.50941646099091	-0.038242816925049	0.079118072986603	-0.099914759397507
0.46522241830826	-0.13130174577236	-0.13101725280285	0.21191515028477	-1.0875437259674	0.00081384181976318	0.50042700767517	-0.038545191287994	0.079205691814423	-0.10011754184961
0.46546676754951	-0.13106843829155	-0.1304806470871	0.21185614168644	-1.0872994661331	0.00081513822078705	0.49665135145187	-0.038737297058105	0.079182922840118	-0.10014795511961
0.46570694446564	-0.13088725507259	-0.13040032982826	0.21173146367073	-1.0871838331223	0.00081440061330795	0.49523416161537	-0.038886904716492	0.07906448841095	-0.10026878118515
0.46579632163048	-0.13041366636753	-0.13043202459812	0.21171109378338	-1.0871149301529	0.00081484019756317	0.49601969122887	-0.038894414901733	0.078952610492706	-0.10035241395235
0.46582385897636	-0.13031926751137	-0.13044375181198	0.21173425018787	-1.0870568752289	0.00081470608711243	0.49601855874062	-0.03891122341156	0.078924775123596	-0.10036385804415
0.46582627296448	-0.13028700649738	-0.13044445216656	0.21177446842194	-1.0870096683502	0.00081474334001541	0.49600428342819	-0.038909673690796	0.078919351100922	-0.10036814212799
0.46583393216133	-0.13026602566242	-0.13044302165508	0.21181404590607	-1.0869719982147	0.00081564486026764	0.49574002623558	-0.038912236690521	0.078913152217865	-0.10037121921778
0.46583583950996	-0.13028313219547	-0.13043908774853	0.21185119450092	-1.0869369506836	0.00081486254930496	0.49561110138893	-0.038917005062103	0.078914761543274	-0.10037028044462
0.46588718891144	-0.13015665113926	-0.13045728206635	0.2119148671627	-1.0869266986847	0.00081455707550049	0.49549835920334	-0.038940966129303	0.078875362873077	-0.10038194805384
0.46594345569611	-0.1300528049469	-0.13046909868717	0.21201050281525	-1.0869488716125	0.00081457942724228	0.4955772459507	-0.038975596427917	0.078838765621185	-0.10039629042149
0.46596428751945	-0.13003733754158	-0.13046571612358	0.21211332082748	-1.0869853496552	0.00081466883420944	0.49562138319016	-0.038992285728455	0.078828930854797	-0.10040204226971
0.46597543358803	-0.13004297018051	-0.13046899437904	0.21222354471684	-1.0870307683945	0.0008152648806572	0.49560847878456	-0.039003610610962	0.078825771808624	-0.10040145367384
0.46598327159882	-0.13050077855587	-0.13051711022854	0.21247324347496	-1.0870852470398	0.00081431865692139	0.44463753700256	-0.039115190505981	0.078892171382904	-0.10025425255299
0.44367063045502	-0.1329732388258	-0.12932406365871	0.21314781904221	-1.0878829956055	0.00081761181354523	0.49320125579834	-0.038486838340759	0.079998075962067	-0.099755495786667
0.39510342478752	-0.1351308375597	-0.1250466555357	0.21366396546364	-1.0890946388245	0.00082168728113174	0.57307088375092	-0.035012722015381	0.082632422447205	-0.099489718675613
0.34436273574829	-0.13540403544903	-0.11847253143787	0.21401539444923	-1.0897525548935	0.00082108378410339	0.68934631347656	-0.030696511268616	0.085111558437347	-0.099470615386963
0.3381812274456	-0.13615143299103	-0.1176769733429	0.21422858536243	-1.0895044803619	0.00081568211317062	0.65860164165497	-0.029640674591064	0.085659503936768	-0.099294632673264
0.33767667412758	-0.13634619116783	-0.11760625243187	0.21441170573235	-1.0894374847412	0.00081588327884674	0.5502028465271	-0.029686748981476	0.085677862167358	-0.099226035177708
0.33758196234703	-0.13703407347202	-0.1175277158618	0.2141250371933	-1.0895488262177	0.00081604719161987	0.55377161502838	-0.029747009277344	0.085801899433136	-0.099187925457954
0.18967232108116	-0.13147158920765	-0.081398241221905	0.21505960822105	-1.0927673578262	0.0008307546377182	0.67741590738297	-0.019247531890869	0.092074811458588	-0.099794775247574
0.13014405965805	-0.13347764313221	-0.06164637580514	0.21497306227684	-1.0920470952988	0.00081599503755569	0.71972477436066	-0.011492252349854	0.095816135406494	-0.099406838417053
0.10414856672287	-0.13324728608131	-0.051190238445997	0.21502900123596	-1.0912239551544	0.00081606209278107	0.7182622551918	-0.0087844133377075	0.097192704677582	-0.099138312041759
0.10134038329124	-0.13375401496887	-0.050001341849566	0.21500797569752	-1.0900712013245	0.00081911683082581	0.73291110992432	-0.0085117220878601	0.097391724586487	-0.099011205136776
0.064226642251015	-0.12971253693104	-0.031952761113644	0.21546885371208	-1.0901045799255	0.00081289559602737	0.74204277992249	-0.0057389140129089	0.099064648151398	-0.099183239042759
0.023878250271082	-0.12635354697704	-0.0095784198492765	0.21560810506344	-1.0904395580292	0.00081957876682281	0.74343329668045	-0.0018559098243713	0.10131525993347	-0.09925139695406
0.018801933154464	-0.12756732106209	-0.0069122086279094	0.21565915644169	-1.0893923044205	0.00082606822252274	0.93266630172729	-0.00083577632904053	0.10178625583649	-0.099059499800205
-0.015367394313216	-0.12145262211561	0.015588479116559	0.21589916944504	-1.0899759531021	0.0008331686258316	0.78258794546127	0.0019423365592957	0.10346257686615	-0.099235877394676
-0.052849743515253	-0.11696467548609	0.043041281402111	0.216099396348	-1.090242266655	0.00084499269723892	0.94452923536301	0.0062553882598877	0.10587733983994	-0.099154889583588
-0.07294499874115	-0.11389202624559	0.059355273842812	0.21621266007423	-1.090191245079	0.00083333253860474	0.8010505437851	0.0085711479187012	0.10716485977173	-0.099101513624191
-0.091182135045528	-0.11123250424862	0.075134418904781	0.21665269136429	-1.0894638299942	0.00085191428661346	0.8246408700943	0.010939538478851	0.10839647054672	-0.098927855491638
-0.1368819475174	-0.097346484661102	0.1218196451664	0.21686162054539	-1.0904091596603	0.00087783485651016	0.74963319301605	0.01577353477478	0.11134642362595	-0.099136129021645
-0.15725350379944	-0.094451695680618	0.14371295273304	0.2170178592205	-1.0892815589905	0.00086361914873123	0.82139194011688	0.01913857460022	0.11300724744797	-0.098744548857212
-0.15964503586292	-0.095698416233063	0.14624828100204	0.21703918278217	-1.087939620018	0.00088568776845932	0.82123690843582	0.0196213722229	0.11341029405594	-0.098486244678497
-0.15983760356903	-0.096278764307499	0.14658932387829	0.2167175412178	-1.086776971817	0.00089015066623688	0.81002187728882	0.019601821899414	0.11354857683182	-0.098437272012234
-0.15999791026115	-0.096080765128136	0.14659172296524	0.21674185991287	-1.0852899551392	0.0008896216750145	0.80776804685593	0.019740581512451	0.11347877979279	-0.09843834489584
-0.16026435792446	-0.097976870834827	0.14686489105225	0.21632206439972	-1.0836235284805	0.00089186429977417	0.71671199798584	0.019908010959625	0.11380153894424	-0.098256200551987
-0.257668197155	-0.035504270344973	0.30159297585487	0.21690012514591	-1.0886356830597	0.00098228454589844	0.771763920784	0.031291484832764	0.12076580524445	-0.099532835185528
-0.27131378650665	-0.035295803099871	0.31895360350609	0.21602377295494	-1.0874577760696	0.00095532834529877	0.76212722063065	0.03511643409729	0.12185591459274	-0.098740175366402
-0.27176743745804	-0.030793545767665	0.32038423418999	0.21550843119621	-1.0866389274597	0.00094971060752869	0.7636501789093	0.034724473953247	0.12128937244415	-0.099323622882366
-0.27096757292747	-0.026850556954741	0.32026070356369	0.21498017013073	-1.0863170623779	0.00094407051801682	0.76197493076324	0.034035801887512	0.12075781822205	-0.10012620687485
-0.30342784523964	0.0022266812156886	0.39202791452408	0.21555143594742	-1.0895875692368	0.0010179653763771	0.74983656406403	0.039082527160645	0.12372297048569	-0.10021150112152
-0.30764910578728	0.0044436235912144	0.39965465664864	0.21565239131451	-1.0896159410477	0.0010102614760399	0.74142915010452	0.04012668132782	0.1240222454071	-0.10002014786005
-0.30786746740341	0.0063940309919417	0.40032827854156	0.21556466817856	-1.0896220207214	0.00098937004804611	0.66609615087509	0.040018320083618	0.12377661466599	-0.10032370686531
-0.30782371759415	0.0067948512732983	0.40041753649712	0.21553519368172	-1.0897215604782	0.00098937749862671	0.74115884304047	0.039957106113434	0.12373501062393	-0.10038793087006
-0.3078570663929	0.006826339289546	0.40039065480232	0.21550798416138	-1.0897808074951	0.00099732726812363	0.7404533624649	0.039980530738831	0.12372148036957	-0.10039072483778
-0.30788856744766	0.0068655395880342	0.40038567781448	0.21549850702286	-1.0898162126541	0.00098918378353119	0.74012321233749	0.040004312992096	0.12370628118515	-0.10039661824703
-0.30798125267029	0.0068022473715246	0.40038797259331	0.21548554301262	-1.0898985862732	0.0010033398866653	0.74016815423965	0.040062546730042	0.12369912862778	-0.1003732830286
-0.30807849764824	0.0068329679779708	0.40038642287254	0.2154728770256	-1.0899690389633	0.0009886771440506	0.74045652151108	0.040133595466614	0.12366634607315	-0.10037253051996
-0.30811169743538	0.0068291379138827	0.40038913488388	0.21549619734287	-1.0900245904922	0.0009886845946312	0.74047988653183	0.040158271789551	0.12365460395813	-0.10036551952362
-0.30812326073647	0.0067897294647992	0.40039348602295	0.21554484963417	-1.0900849103928	0.0010027885437012	0.74065053462982	0.040166258811951	0.1236600279808	-0.10035336762667
-0.30812355875969	0.0067992182448506	0.40039363503456	0.21559900045395	-1.0901216268539	0.00099664181470871	0.74065220355988	0.040166854858398	0.12365746498108	-0.10035561770201
-0.30814924836159	0.0067578949965537	0.40039902925491	0.2156326174736	-1.0901938676834	0.0010177716612816	0.74070674180984	0.040191113948822	0.12365835905075	-0.10034289956093
-0.30205589532852	-0.064164482057095	0.31902992725372	0.21525649726391	-1.0868149995804	0.0038406550884247	0.40520650148392	0.039018034934998	0.12248587608337	-0.096703000366688
-0.30132269859314	-0.071639493107796	0.31029289960861	0.21537303924561	-1.0847808122635	0.0042300820350647	0.20168077945709	0.038802742958069	0.12234449386597	-0.096335500478745
-0.29676219820976	-0.098598174750805	0.27838397026062	0.21535395085812	-1.0829315185547	0.0056095346808434	0.20597240328789	0.038078606128693	0.12191051244736	-0.094930119812489
-0.27447375655174	-0.18064953386784	0.17450587451458	0.21500118076801	-1.075162768364	0.0095563903450966	-0.0040940390899777	0.034598886966705	0.11996042728424	-0.090886853635311
-0.27198532223701	-0.18913893401623	0.16335219144821	0.21521177887917	-1.0705027580261	0.0098215416073799	-0.0034578430932015	0.034134745597839	0.11969810724258	-0.090507723391056
-0.27175617218018	-0.19011981785297	0.1621545702219	0.21527886390686	-1.068784236908	0.0098521336913109	-0.003440560773015	0.034109652042389	0.11968117952347	-0.090459227561951
-0.23739238083363	-0.26593878865242	0.056475128978491	0.21496123075485	-1.0626391172409	0.013213410973549	-0.0036652002017945	0.029025256633759	0.1168400645256	-0.087091252207756
-0.23371711373329	-0.27400588989258	0.04512757062912	0.21519716084003	-1.0569884777069	0.013179592788219	-0.0042662224732339	0.028552532196045	0.11646127700806	-0.086743049323559
-0.20299710333347	-0.32037803530693	-0.025323385372758	0.21499763429165	-1.0483369827271	0.015197739005089	-0.0034243618138134	0.024174094200134	0.11408174037933	-0.084873259067535
-0.19977325201035	-0.3255116045475	-0.032887607812881	0.21414132416248	-1.0458328723907	0.015516519546509	-0.0039729280397296	0.023781538009644	0.11383187770844	-0.084660291671753
-0.12134101241827	-0.3985880613327	-0.15905711054802	0.21278670430183	-1.0336307287216	0.018109075725079	-0.0036290816497058	0.013911128044128	0.10830444097519	-0.082065969705582
-0.065352156758308	-0.43056121468544	-0.22446501255035	0.21386829018593	-1.0207672119141	0.018670938909054	-0.003914606757462	0.0075786113739014	0.10461086034775	-0.081122659146786
-0.033490125089884	-0.442468136549	-0.25389629602432	0.21448858082294	-1.0130383968353	0.018991112709045	-0.003613693639636	0.00407874584198	0.10265481472015	-0.080854795873165
0.024310916662216	-0.45338314771652	-0.2939250767231	0.21479789912701	-1.0014008283615	0.019032016396523	-0.0039807958528399	-0.0016763210296631	0.09933602809906	-0.080798365175724
0.088414415717125	-0.45379781723022	-0.32366019487381	0.21590581536293	-0.98891931772232	0.01846519112587	-0.0036797958891839	-0.00787353515625	0.095876574516296	-0.08124241232872
0.095240041613579	-0.45392143726349	-0.32685321569443	0.2153072655201	-0.98596239089966	0.018487498164177	-0.0037312037311494	-0.0084452629089355	0.095513164997101	-0.081277653574944
0.095702327787876	-0.45394104719162	-0.32719576358795	0.2144280821085	-0.9849711060524	0.018760830163956	-0.0036657049786299	-0.0083771347999573	0.095472097396851	-0.081269353628159
0.21293342113495	-0.42364311218262	-0.34259098768234	0.21461507678032	-0.9687260389328	0.016315817832947	-0.0036215048749	-0.018673062324524	0.089758336544037	-0.08340685069561
0.280427724123	-0.39267560839653	-0.33510568737984	0.21470284461975	-0.95657306909561	0.014392606914043	-0.0036570187658072	-0.024246752262115	0.086543202400208	-0.085297383368015
0.28765073418617	-0.38938876986504	-0.33430197834969	0.21507292985916	-0.95273077487946	0.014239571988583	-0.0040057580918074	-0.024828910827637	0.086183249950409	-0.085513740777969
0.28824499249458	-0.38917109370232	-0.33421605825424	0.21529486775398	-0.95229828357697	0.014348447322845	-0.0035672609228641	-0.024796724319458	0.086193025112152	-0.085517853498459
0.3968334197998	-0.29397517442703	-0.27222940325737	0.21464335918427	-0.94278752803802	0.0090520977973938	-0.0034015078563243	-0.033349573612213	0.081419587135315	-0.091002404689789
0.4083936214447	-0.28372025489807	-0.26557320356369	0.21556919813156	-0.93523645401001	0.0081403777003288	-0.0033236562740058	-0.034126043319702	0.080830276012421	-0.091610431671143
0.40984946489334	-0.28276807069778	-0.26485878229141	0.21616843342781	-0.93115812540054	0.0081010088324547	-0.003468829439953	-0.034351170063019	0.080749988555908	-0.091676071286201
0.4542621076107	-0.19181421399117	-0.18815213441849	0.21589539945126	-0.92372411489487	0.0029741153120995	-0.0027462800499052	-0.037647604942322	0.079057276248932	-0.096863940358162
0.46313121914864	-0.1589682251215	-0.15859581530094	0.21568916738033	-0.91937190294266	0.0016603097319603	0.61517995595932	-0.038338184356689	0.078788042068481	-0.098693355917931
0.46403300762177	-0.15565904974937	-0.15542212128639	0.21603354811668	-0.91589897871017	0.001503512263298	0.62798488140106	-0.038419723510742	0.078800201416016	-0.098850786685944
0.46427726745605	-0.15520477294922	-0.15508125722408	0.21611431241035	-0.91460198163986	0.0013905167579651	0.60189110040665	-0.038546741008759	0.078723609447479	-0.098894640803337
0.4643426835537	-0.1551499068737	-0.15504457056522	0.21610695123672	-0.91450315713882	0.0013886988162994	0.58128559589386	-0.038607656955719	0.078693926334381	-0.098911352455616
0.46438428759575	-0.15497122704983	-0.15504084527493	0.21603222191334	-0.91488617658615	0.001454696059227	0.51931965351105	-0.038630902767181	0.078621447086334	-0.098999455571175
0.46582236886024	-0.13234043121338	-0.13315571844578	0.21640720963478	-0.91500496864319	0.00081575661897659	0.49628677964211	-0.038943588733673	0.078731715679169	-0.10025548934937
0.46597820520401	-0.13035419583321	-0.13075096905231	0.21652634441853	-0.91502612829208	0.00081475824117661	0.49600440263748	-0.03902792930603	0.078816592693329	-0.10037576407194
0.46600303053856	-0.13009886443615	-0.13050523400307	0.21652999520302	-0.91510003805161	0.00081586092710495	0.4961045384407	-0.039026260375977	0.078823685646057	-0.10038562864065
0.46600040793419	-0.13006798923016	-0.13047841191292	0.21651092171669	-0.9152125120163	0.00081512331962585	0.49570542573929	-0.039022624492645	0.078823804855347	-0.10038939863443
0.4659940302372	-0.13007074594498	-0.130480915308	0.21649797260761	-0.91532236337662	0.00081638991832733	0.49550896883011	-0.039021074771881	0.078826129436493	-0.10038486123085
0.46600288152695	-0.13005994260311	-0.13047811388969	0.21648542582989	-0.91544032096863	0.00081536918878555	0.49523320794106	-0.039025664329529	0.078821361064911	-0.10038844496012
0.46600753068924	-0.13006216287613	-0.13047917187214	0.21647547185421	-0.91556245088577	0.00081522017717361	0.495092689991	-0.039030849933624	0.078819692134857	-0.10038837045431
0.4660182595253	-0.13015328347683	-0.13046890497208	0.21648232638836	-0.91568285226822	0.00081513077020645	0.49506005644798	-0.039042532444	0.07883208990097	-0.10038578510284
0.46602001786232	-0.13034762442112	-0.1304504275322	0.2165430188179	-0.91578423976898	0.00081505626440048	0.44501596689224	-0.039060175418854	0.078862726688385	-0.1003801971674
0.42124742269516	-0.13334584236145	-0.1275487691164	0.21745871007442	-0.91729897260666	0.00082594901323318	0.49723401665688	-0.037260413169861	0.080884397029877	-0.09974829852581
0.39320802688599	-0.13512669503689	-0.12486765533686	0.21809902787209	-0.91859370470047	0.00082806497812271	0.49482876062393	-0.035221815109253	0.082543253898621	-0.09952911734581
0.38940268754959	-0.13588225841522	-0.12449116259813	0.21840140223503	-0.9190456867218	0.00082205235958099	0.49033308029175	-0.034374713897705	0.08306622505188	-0.099382132291794
0.38741636276245	-0.1373605877161	-0.12424070388079	0.21865278482437	-0.91864418983459	0.00081189721822739	0.55430459976196	-0.033171534538269	0.08383983373642	-0.099146701395512
0.27776595950127	-0.1364997625351	-0.10552047938108	0.21916055679321	-0.92054688930511	0.00082156807184219	0.66406238079071	-0.025644302368164	0.088472366333008	-0.099428094923496
0.24337124824524	-0.13583426177502	-0.098192438483238	0.21900670230389	-0.92034506797791	0.00081717967987061	0.73673844337463	-0.021860182285309	0.090109646320343	-0.099394381046295
0.21821127831936	-0.13581015169621	-0.091708578169346	0.21911227703094	-0.9203799366951	0.00081363320350647	0.71090966463089	-0.019570291042328	0.091375589370728	-0.099268041551113
0.21484552323818	-0.13617144525051	-0.090925194323063	0.21900501847267	-0.919378221035	0.00081237405538559	0.68593513965607	-0.018751382827759	0.091657102108002	-0.09915766119957
0.21493618190289	-0.13589096069336	-0.090908564627171	0.21894094347954	-0.91867566108704	0.00081383436918259	0.69032382965088	-0.019029021263123	0.091536045074463	-0.099150516092777
0.11628922820091	-0.13033406436443	-0.054851561784744	0.21882009506226	-0.92182570695877	0.00083018839359283	0.65101873874664	-0.012143850326538	0.096035599708557	-0.099539175629616
0.084162592887878	-0.13173516094685	-0.041609991341829	0.21865546703339	-0.92140418291092	0.00080804526805878	0.74059373140335	-0.0075790286064148	0.098195254802704	-0.099316790699959
0.062094017863274	-0.13060839474201	-0.030876003205776	0.21866270899773	-0.92111712694168	0.00081431865692139	0.7501100897789	-0.0054134130477905	0.099360108375549	-0.09916016459465
0.006569332908839	-0.12450844794512	0.0015033785020933	0.2187328338623	-0.92192262411118	0.00081530958414078	0.7727929353714	-0.0004919171333313	0.10237210988998	-0.099286198616028
-0.00096220383420587	-0.1267107129097	0.0054537174291909	0.2185885310173	-0.92073571681976	0.00082454830408096	0.7796231508255	0.0013446807861328	0.10310637950897	-0.098965413868427
-0.0018457712139934	-0.12704315781593	0.0058719152584672	0.21859164535999	-0.91955333948135	0.00083255022764206	0.79304784536362	0.0015509128570557	0.10318142175674	-0.098829001188278
-0.0016630756435916	-0.12659795582294	0.0058574555441737	0.21863299608231	-0.9184901714325	0.00083228945732117	0.72346550226212	0.0013704299926758	0.10309839248657	-0.098866157233715
-0.0011024222476408	-0.12569306790829	0.0057205334305763	0.2186339199543	-0.91794276237488	0.00081806629896164	0.80646896362305	0.0009424090385437	0.10294961929321	-0.098978690803051
-0.00064965611090884	-0.1248185262084	0.0055593852885067	0.21854747831821	-0.91818082332611	0.0008147731423378	0.80812865495682	0.0005764365196228	0.10283952951431	-0.099122025072575
-0.12387619912624	-0.096038162708282	0.11395751684904	0.21906670928001	-0.92208874225616	0.00087277591228485	0.88174247741699	0.011879205703735	0.11080074310303	-0.099712125957012
-0.15592405200005	-0.096266932785511	0.1430883705616	0.21763207018375	-0.9210050702095	0.00086961686611176	0.99943715333939	0.018789291381836	0.11339002847672	-0.098774246871471
-0.1729147285223	-0.088911391794682	0.16291023790836	0.21754638850689	-0.92045897245407	0.00086145848035812	0.8144279718399	0.021145582199097	0.11412137746811	-0.098709054291248
-0.18707326054573	-0.080928981304169	0.18243643641472	0.21821802854538	-0.92070937156677	0.00087942183017731	0.82474386692047	0.022256851196289	0.11506319046021	-0.098895616829395
-0.22596174478531	-0.062322214245796	0.24180518090725	0.2186361849308	-0.9213941693306	0.00093717873096466	0.82101935148239	0.02689266204834	0.11867570877075	-0.098870106041431
-0.24454979598522	-0.055846698582172	0.26920172572136	0.21802228689194	-0.92073053121567	0.00095906108617783	0.78809410333633	0.031060695648193	0.12002211809158	-0.098398014903069
-0.2681979238987	-0.036680452525616	0.31525126099586	0.21819238364697	-0.9209126830101	0.00094087421894073	0.77896493673325	0.033745288848877	0.122025847435	-0.098671078681946
-0.28198701143265	-0.024135705083609	0.34307673573494	0.21821317076683	-0.92099720239639	0.00099185109138489	0.70528310537338	0.035838901996613	0.12290585041046	-0.099019482731819
-0.28372010588646	-0.021642344072461	0.34602645039558	0.21786016225815	-0.92076903581619	0.0010047033429146	0.79004889726639	0.036269068717957	0.12268298864365	-0.099281191825867
-0.28350776433945	-0.016700226813555	0.34599369764328	0.21711358428001	-0.92054712772369	0.00099513679742813	0.79163455963135	0.036000370979309	0.12181723117828	-0.10022626817226
-0.28373783826828	-0.01259521394968	0.34542092680931	0.2163787484169	-0.91796338558197	0.0010379925370216	0.79568660259247	0.035949945449829	0.12103509902954	-0.10068824142218
-0.30523875355721	0.0060214158147573	0.39458963274956	0.21536399424076	-0.921246945858	0.0016628503799438	0.7416507601738	0.039455056190491	0.12323665618896	-0.10059164464474
-0.30773141980171	0.0071629406884313	0.39986908435822	0.21471637487411	-0.92195439338684	0.0012987926602364	0.74035984277725	0.039969086647034	0.12357825040817	-0.10037966817617
-0.30812472105026	0.0074726226739585	0.40030092000961	0.21464428305626	-0.9223011136055	0.00097272545099258	0.66615980863571	0.040152132511139	0.12353283166885	-0.10043670237064
-0.30824655294418	0.0071804178878665	0.40038460493088	0.21463318169117	-0.92246544361115	0.0010162144899368	0.73949748277664	0.040227591991425	0.12356686592102	-0.10039476305246
-0.30824267864227	0.0069586308673024	0.40043285489082	0.21456575393677	-0.92253631353378	0.0010269954800606	0.73922228813171	0.040227353572845	0.12360572814941	-0.10037698596716
-0.30822464823723	0.0070100375451148	0.40042749047279	0.21448421478271	-0.92260336875916	0.00098429620265961	0.73927837610245	0.040210366249084	0.12360018491745	-0.10039857774973
-0.30821621417999	0.0070506338961422	0.40042358636856	0.21441029012203	-0.92267036437988	0.00097371637821198	0.73921728134155	0.040205001831055	0.12359398603439	-0.10040652751923
-0.30817821621895	0.0071023711934686	0.40042144060135	0.21434943377972	-0.92270135879517	0.00098422169685364	0.73934191465378	0.040180861949921	0.12359344959259	-0.10040830075741
-0.30815723538399	0.007181650493294	0.4004137814045	0.21426218748093	-0.92270445823669	0.00097356736660004	0.73994833230972	0.040165483951569	0.12358415126801	-0.10042155534029
-0.30812764167786	0.0071791303344071	0.40041399002075	0.21417511999607	-0.92272567749023	0.0009736642241478	0.74000728130341	0.0401451587677	0.12359166145325	-0.10042244940996
-0.30808925628662	0.0071869739331305	0.40041425824165	0.21408978104591	-0.92275005578995	0.00097373872995377	0.73985874652863	0.040119051933289	0.12360048294067	-0.10042679309845
-0.30807885527611	0.0072157168760896	0.40040707588196	0.21398866176605	-0.92277491092682	0.00098426640033722	0.73951226472855	0.040109515190125	0.1236007809639	-0.10042610019445
-0.30809533596039	0.0071644675917923	0.40041306614876	0.21387627720833	-0.9228390455246	0.00098433345556259	0.73953688144684	0.040117084980011	0.12360841035843	-0.10042178630829
-0.3080932199955	0.0070536602288485	0.40042960643768	0.21377563476562	-0.92291355133057	0.0010066702961922	0.73962533473969	0.040116906166077	0.12362909317017	-0.1004064232111
-0.30807939171791	0.0070504322648048	0.40043669939041	0.21368262171745	-0.92297255992889	0.00097424536943436	0.73956739902496	0.040110409259796	0.12363034486771	-0.10042002797127
-0.3080757856369	0.0070299278013408	0.40043473243713	0.21358421444893	-0.92303478717804	0.00099388509988785	0.7395960688591	0.040108203887939	0.12363582849503	-0.1004086881876
-0.30850872397423	0.0066654761321843	0.4003532230854	0.21358820796013	-0.92263174057007	0.00098516047000885	0.66353714466095	0.040424883365631	0.12358659505844	-0.1003582701087
-0.30545222759247	-0.039788439869881	0.34826350212097	0.21336670219898	-0.92093849182129	0.0030436441302299	0.73808896541595	0.039629340171814	0.12297481298447	-0.097889840602875
-0.30193266272545	-0.069187708199024	0.31343144178391	0.21334940195084	-0.91853773593903	0.0042049065232277	0.232731372118	0.039013266563416	0.12238448858261	-0.096430294215679
-0.2907971739769	-0.12482203543186	0.24629929661751	0.21305100619793	-0.91353905200958	0.0069385170936584	-0.0039049263577908	0.037130832672119	0.12141990661621	-0.093565218150616
-0.28965273499489	-0.13060902059078	0.23909114301205	0.21240104734898	-0.91134005784988	0.0072482153773308	-0.0033133812248707	0.036914706230164	0.12128412723541	-0.093297503888607
-0.27369147539139	-0.18392269313335	0.17028702795506	0.21222868561745	-0.90585649013519	0.0096079334616661	-0.0039038311224431	0.034455060958862	0.11985504627228	-0.090730585157871
-0.26185762882233	-0.21548938751221	0.12788450717926	0.21216569840908	-0.90198731422424	0.011117309331894	-0.0033958256244659	0.032594919204712	0.1188557446003	-0.089285328984261
-0.23636716604233	-0.26859387755394	0.052795320749283	0.21329343318939	-0.89392161369324	0.013136468827724	-0.0037690531462431	0.028894066810608	0.11670181155205	-0.086981512606144
-0.20324641466141	-0.32001513242722	-0.024499986320734	0.21326786279678	-0.88405787944794	0.015262298285961	-0.0043349927291274	0.024222254753113	0.11414259672165	-0.084873341023922
-0.18239159882069	-0.34622636437416	-0.066197209060192	0.21228687465191	-0.87808167934418	0.016247801482677	-0.0033452645875514	0.021436631679535	0.11255156993866	-0.083870649337769
-0.18042193353176	-0.34897223114967	-0.07067446410656	0.21129970252514	-0.87658178806305	0.016362458467484	-0.003658200846985	0.021282076835632	0.11233058571815	-0.083773285150528
-0.1802968531847	-0.34935718774796	-0.071155287325382	0.21105451881886	-0.87545531988144	0.016497425734997	-0.0041569820605218	0.021309733390808	0.11230540275574	-0.083748519420624
-0.18018560111523	-0.34931975603104	-0.071206890046597	0.21354302763939	-0.86862075328827	0.015944786369801	-0.0036923394072801	0.021270751953125	0.11227676272392	-0.083759091794491
-0.17991530895233	-0.3492996096611	-0.071212403476238	0.21432814002037	-0.86481583118439	0.016054272651672	-0.003655246226117	0.021107494831085	0.1123303771019	-0.08376769721508
-0.17988649010658	-0.34949663281441	-0.071213230490685	0.21195673942566	-0.86331617832184	0.016246616840363	-0.0038165096193552	0.021159827709198	0.11236849427223	-0.083733707666397
0.095934979617596	-0.43855333328247	-0.30801007151604	0.21034203469753	-0.82419627904892	0.017959579825401	-0.0045324633829296	-0.0087577104568481	0.096297144889832	-0.082047894597054
0.12577101588249	-0.44811928272247	-0.33343422412872	0.21069695055485	-0.81353062391281	0.017906352877617	-0.0037679248489439	-0.011386215686798	0.094023436307907	-0.081774368882179
0.18744488060474	-0.43390581011772	-0.34378224611282	0.21032427251339	-0.80395132303238	0.016893200576305	-0.0036395005881786	-0.016570925712585	0.090915977954865	-0.082798428833485
0.22278323769569	-0.42150154709816	-0.34437134861946	0.2101516276598	-0.79767161607742	0.016235746443272	-0.0036569572985172	-0.019489705562592	0.089209616184235	-0.083583198487759
0.30682566761971	-0.37617439031601	-0.32699239253998	0.20943096280098	-0.78638184070587	0.013726189732552	-0.0032714367844164	-0.026325464248657	0.085380107164383	-0.086260706186295
0.33965438604355	-0.35329821705818	-0.31457427144051	0.20906223356724	-0.77891534566879	0.01220041513443	-0.0035582757554948	-0.028896331787109	0.0838463306427	-0.087597452104092
0.38492333889008	-0.31140601634979	-0.28619658946991	0.20858463644981	-0.77076083421707	0.0098181888461113	-0.0034278444945812	-0.032410323619843	0.081859827041626	-0.090008370578289
0.40732190012932	-0.28563383221626	-0.26707288622856	0.20812200009823	-0.76627850532532	0.008335754275322	-0.003339643124491	-0.034142673015594	0.080864608287811	-0.091502100229263
0.40961012244225	-0.28288778662682	-0.26501977443695	0.2078420817852	-0.76499915122986	0.0082341432571411	-0.0035606019664556	-0.034264981746674	0.080780833959579	-0.091659478843212
0.40975257754326	-0.28266042470932	-0.2647989988327	0.20725332200527	-0.76406461000443	0.0083924308419228	-0.003286351216957	-0.034237504005432	0.080795735120773	-0.091661311686039
0.45897939801216	-0.14532679319382	-0.14497418701649	0.20744523406029	-0.75454759597778	0.00081522017717361	0.53313589096069	-0.037689328193665	0.079287111759186	-0.099487535655499
0.46396726369858	-0.13148429989815	-0.13193391263485	0.207613453269	-0.75308191776276	0.00081370770931244	0.52847492694855	-0.03778475522995	0.079297691583633	-0.10021860897541
0.46522089838982	-0.13001826405525	-0.13058650493622	0.20771844685078	-0.75240850448608	0.00081457197666168	0.50261706113815	-0.038370847702026	0.079042196273804	-0.10031127929688
0.46561086177826	-0.12997494637966	-0.13045659661293	0.20778535306454	-0.75209271907806	0.00081456452608109	0.49636697769165	-0.03867506980896	0.078943341970444	-0.10034654289484
0.46576333045959	-0.13004504144192	-0.13044613599777	0.20782224833965	-0.75194084644318	0.00081455707550049	0.49466824531555	-0.038816452026367	0.078905463218689	-0.10036467760801
0.46583414077759	-0.13010774552822	-0.13044323027134	0.20784021914005	-0.75186306238174	0.00081466883420944	0.49415120482445	-0.038885474205017	0.078890711069107	-0.10037298500538
0.46586516499519	-0.13009431958199	-0.13044531643391	0.20785440504551	-0.7518173456192	0.00081532448530197	0.49396342039108	-0.038911104202271	0.07887852191925	-0.10037911683321
0.46588322520256	-0.13008411228657	-0.13045126199722	0.20788013935089	-0.75178253650665	0.00081509351730347	0.4939144551754	-0.038925290107727	0.078870952129364	-0.10037903487682
0.46589508652687	-0.13007916510105	-0.13045108318329	0.20789983868599	-0.75176602602005	0.00081527978181839	0.49383443593979	-0.038933575153351	0.078866630792618	-0.10038232058287
0.46589940786362	-0.13007162511349	-0.13045267760754	0.20792508125305	-0.75174820423126	0.00081499665975571	0.4938100874424	-0.038935899734497	0.078864008188248	-0.10038401186466
0.46590501070023	-0.13008877635002	-0.13045121729374	0.20795203745365	-0.75173306465149	0.00081529468297958	0.49381890892982	-0.038943648338318	0.078864365816116	-0.10038098692894
0.46591377258301	-0.13009795546532	-0.13045126199722	0.2079693377018	-0.75172525644302	0.00081492960453033	0.49384149909019	-0.038951218128204	0.078862428665161	-0.10038252919912
0.465915620327	-0.13009510934353	-0.13045178353786	0.20798663794994	-0.75171899795532	0.00081456452608109	0.49378624558449	-0.038951098918915	0.078861981630325	-0.10038469731808
0.44277033209801	-0.13246421515942	-0.1293725669384	0.20867583155632	-0.7520660161972	0.00081378966569901	0.51276975870132	-0.037705063819885	0.080248862504959	-0.099708043038845
0.4398627281189	-0.13369308412075	-0.12907409667969	0.20898845791817	-0.7517261505127	0.0008145198225975	0.52654469013214	-0.037312567234039	0.080705434083939	-0.099581778049469
0.43966057896614	-0.1342595666647	-0.1290171444416	0.20921202003956	-0.75156450271606	0.00081395357847214	0.52859979867935	-0.037421464920044	0.080775290727615	-0.09950052946806
0.43975386023521	-0.1345276683569	-0.12899598479271	0.20937626063824	-0.75154513120651	0.00081427395343781	0.52890145778656	-0.037564694881439	0.080771595239639	-0.099486917257309
0.43919920921326	-0.13490244746208	-0.12893323600292	0.20954754948616	-0.75107061862946	0.00081204622983932	0.68964427709579	-0.0372114777565	0.081017076969147	-0.099448792636395
0.26546892523766	-0.12880191206932	-0.10182841867208	0.2111748456955	-0.7558588385582	0.0008440762758255	0.63478744029999	-0.026680171489716	0.087303966283798	-0.1001084446907
0.22145898640156	-0.13580003380775	-0.091990694403648	0.21121400594711	-0.7570333480835	0.00082540512084961	0.68431252241135	-0.021068811416626	0.091161906719208	-0.099600866436958
0.21467357873917	-0.13858635723591	-0.090465731918812	0.21085773408413	-0.75524938106537	0.00081333518028259	0.67637228965759	-0.018664598464966	0.092156708240509	-0.099118925631046
0.21437375247478	-0.13771739602089	-0.090534135699272	0.21057994663715	-0.75383722782135	0.00081190466880798	0.68053048849106	-0.018666863441467	0.091938018798828	-0.099015854299068
0.21497038006783	-0.13666155934334	-0.09073644131422	0.21050253510475	-0.75313073396683	0.00081393867731094	0.67656755447388	-0.019152283668518	0.091649234294891	-0.099084176123142
0.097753077745438	-0.12973961234093	-0.046027593314648	0.21112833917141	-0.75659251213074	0.00083582848310471	0.77744281291962	-0.010977983474731	0.097155809402466	-0.099591687321663
0.081804022192955	-0.13336592912674	-0.040341928601265	0.21061278879642	-0.75548696517944	0.0008043572306633	0.73556911945343	-0.007212221622467	0.098621845245361	-0.099211297929287
0.026100108399987	-0.1278944760561	-0.010289040394127	0.21091729402542	-0.75630784034729	0.0008096843957901	0.7656324505806	-0.0023695230484009	0.10148590803146	-0.099212542176247
0.019023967906833	-0.128961160779	-0.0067594712600112	0.21062175929546	-0.7552136182785	0.0008256658911705	0.775819003582	-0.00091463327407837	0.10203120112419	-0.099007561802864
-0.03123077750206	-0.1177255064249	0.027538469061255	0.21131341159344	-0.75652033090591	0.00082225352525711	0.77604258060455	0.003011167049408	0.10427305102348	-0.099405065178871
-0.070289522409439	-0.11641889065504	0.058074679225683	0.21126966178417	-0.7574371099472	0.00083659589290619	0.87340939044952	0.0077918171882629	0.1075553894043	-0.099042758345604
-0.091872744262218	-0.11607908457518	0.075785204768181	0.21108807623386	-0.75556898117065	0.00085292756557465	0.81997334957123	0.011541724205017	0.1092035472393	-0.098565049469471
-0.093899562954903	-0.11572186648846	0.077597834169865	0.21060860157013	-0.75378036499023	0.00086283683776855	0.8297718167305	0.011708736419678	0.1092934012413	-0.098477318882942
-0.15119288861752	-0.093986123800278	0.13861726224422	0.21117922663689	-0.75485670566559	0.00086364895105362	0.82264167070389	0.017518043518066	0.11257714033127	-0.099009767174721
-0.15827594697475	-0.094103820621967	0.14553946256638	0.21099653840065	-0.75400894880295	0.00085732340812683	0.82116079330444	0.018900454044342	0.11320585012436	-0.098766729235649
-0.15882736444473	-0.093054637312889	0.14609837532043	0.21099416911602	-0.75344413518906	0.00085607171058655	0.82855594158173	0.018890023231506	0.11308616399765	-0.098801054060459
-0.15932746231556	-0.096883706748486	0.14672419428825	0.21060952544212	-0.7525622844696	0.00085049122571945	0.7431720495224	0.019152760505676	0.1137769818306	-0.098433636128902
-0.24711467325687	-0.046849586069584	0.27970424294472	0.21150207519531	-0.75589847564697	0.00090686976909637	0.79601514339447	0.030229091644287	0.12016901373863	-0.099142327904701
-0.2595379948616	-0.047097403556108	0.29466539621353	0.21092715859413	-0.75394839048386	0.0009462982416153	0.76234400272369	0.033883988857269	0.1210478246212	-0.098263695836067
-0.26059564948082	-0.045691799372435	0.29607132077217	0.21082815527916	-0.75275063514709	0.00097379088401794	0.77245765924454	0.034010648727417	0.12088352441788	-0.098259940743446
-0.25989583134651	-0.044000599533319	0.29605194926262	0.21089915931225	-0.75234723091125	0.00097298622131348	0.7747945189476	0.033391714096069	0.12076154351234	-0.098532699048519
-0.30176800489426	0.00065958208870143	0.38921684026718	0.21042837202549	-0.75487631559372	0.0010341703891754	0.68476897478104	0.038573324680328	0.1238714158535	-0.10000196844339
-0.30690366029739	0.0067481570877135	0.39915919303894	0.20935928821564	-0.75484108924866	0.00098438560962677	0.73604613542557	0.039592981338501	0.12373241782188	-0.10042405128479
-0.30756863951683	0.006957558915019	0.40021914243698	0.20942167937756	-0.7550978064537	0.0009729266166687	0.74110889434814	0.039781212806702	0.12376284599304	-0.10042657703161
-0.30769655108452	0.0068868417292833	0.40035101771355	0.20954811573029	-0.75518727302551	0.00095904618501663	0.7402755022049	0.039849460124969	0.12376084923744	-0.10041289776564
-0.30786570906639	0.0067777745425701	0.4003794491291	0.20958697795868	-0.75531017780304	0.00097265094518661	0.73964929580688	0.039970576763153	0.12373971939087	-0.10038608312607
-0.30794012546539	0.0068114171735942	0.40037950873375	0.20961906015873	-0.7553728222847	0.00095845013856888	0.73953849077225	0.040025591850281	0.12370952963829	-0.10038734972477
-0.30803880095482	0.0067432867363095	0.40039038658142	0.20965057611465	-0.75545382499695	0.00099252164363861	0.73937064409256	0.040097117424011	0.12369683384895	-0.10036364197731
-0.30806431174278	0.0067583681084216	0.40038976073265	0.20969748497009	-0.75548613071442	0.00098346173763275	0.73932009935379	0.040117025375366	0.12368378043175	-0.10036400705576
-0.30806455016136	0.0067591592669487	0.40039113163948	0.2097744345665	-0.75547784566879	0.00098348408937454	0.73926293849945	0.040119230747223	0.1236811876297	-0.10036283731461
-0.30801436305046	0.0068248733878136	0.40038532018661	0.20988455414772	-0.75542593002319	0.0009581446647644	0.73906433582306	0.040084540843964	0.12368005514145	-0.1003794670105
-0.3080743253231	0.0068698674440384	0.40038299560547	0.20991623401642	-0.75545769929886	0.00095760077238083	0.73914378881454	0.040141940116882	0.12365311384201	-0.10037936270237
-0.30814990401268	0.0068181175738573	0.40039241313934	0.20992968976498	-0.75550210475922	0.00098291784524918	0.73903322219849	0.040193319320679	0.1236452460289	-0.10036254674196
-0.30817368626595	0.006725843064487	0.40040454268456	0.20996558666229	-0.75552219152451	0.0010232180356979	0.73897886276245	0.040213644504547	0.12365555763245	-0.10034023970366
-0.30814453959465	0.0069368109107018	0.40038818120956	0.2099960744381	-0.75553220510483	0.0010286197066307	0.75937217473984	0.040184378623962	0.12364548444748	-0.10032589733601
-0.30824011564255	0.006755655631423	0.40041923522949	0.20985063910484	-0.75533354282379	0.0010292902588844	0.73828983306885	0.040256142616272	0.12365767359734	-0.10031300783157
-0.30214956402779	-0.06423195451498	0.31903192400932	0.20896527171135	-0.75309383869171	0.0038889870047569	0.001304914127104	0.039027690887451	0.12249898910522	-0.096696577966213
-0.30159103870392	-0.071905642747879	0.31029304862022	0.2090462744236	-0.7489857673645	0.0040231719613075	-0.0037878323346376	0.038987040519714	0.12233310937881	-0.096273735165596
-0.28346809744835	-0.15141421556473	0.21237985789776	0.20922526717186	-0.7408738732338	0.0080632194876671	-0.0035473008174449	0.035933792591095	0.12077364325523	-0.092277407646179
-0.28156661987305	-0.15993469953537	0.20186674594879	0.2085834145546	-0.73683261871338	0.0086851790547371	-0.0040782494470477	0.035613536834717	0.12058568000793	-0.091871753334999
-0.25135344266891	-0.2380392998457	0.095992043614388	0.208446636796	-0.7273126244545	0.011842869222164	-0.003464074106887	0.03105628490448	0.11795026063919	-0.088312663137913
-0.22073157131672	-0.2944358587265	0.01444482523948	0.20864313840866	-0.7196444272995	0.014315381646156	-0.0036117460113019	0.026600360870361	0.11550280451775	-0.085908763110638
-0.20176549255848	-0.32268145680428	-0.028618041425943	0.20994399487972	-0.71243357658386	0.015247449278831	-0.00381202949211	0.024060428142548	0.11395984888077	-0.084783256053925
-0.16338208317757	-0.36576902866364	-0.098845794796944	0.20846734941006	-0.70376777648926	0.017063848674297	-0.0038844593800604	0.018998801708221	0.11119917035103	-0.083145052194595
-0.1392510086298	-0.38741448521614	-0.137127161026	0.20885570347309	-0.69521456956863	0.017397843301296	-0.0037290118634701	0.016083300113678	0.10937857627869	-0.082421332597733
-0.091575749218464	-0.41841238737106	-0.19728375971317	0.2089246660471	-0.68548494577408	0.018481701612473	-0.0038056347984821	0.010418087244034	0.10626870393753	-0.081447169184685
-0.086606495082378	-0.42175740003586	-0.20374299585819	0.20886175334454	-0.6831955909729	0.018716052174568	-0.0037147521506995	0.0099097192287445	0.10591289401054	-0.081342965364456
-0.0090169357135892	-0.44772243499756	-0.27148142457008	0.20792211592197	-0.67291861772537	0.0195132791996	-0.0037373346276581	0.0015946626663208	0.10128968954086	-0.080797404050827
-0.0008686383953318	-0.45040374994278	-0.2787544131279	0.20683301985264	-0.67008996009827	0.019621878862381	-0.0037874616682529	0.00084444880485535	0.10072949528694	-0.080742053687572
-4.7814251047384e-06	-0.45064637064934	-0.27953532338142	0.20631809532642	-0.66875070333481	0.019479125738144	-0.0037649713922292	0.00076889991760254	0.10065945982933	-0.080738797783852
6.359456165228e-05	-0.45073473453522	-0.27961897850037	0.20618908107281	-0.66814941167831	0.019408822059631	-0.0036965166218579	0.00077849626541138	0.10066106915474	-0.080734759569168
0.14464271068573	-0.44304245710373	-0.33566516637802	0.20758911967278	-0.64524626731873	0.017564952373505	-0.0035823273938149	-0.012846529483795	0.093146741390228	-0.082096077501774
0.16036133468151	-0.4421346783638	-0.34168231487274	0.2083503305912	-0.63679432868958	0.017365008592606	-0.0037147775292397	-0.014303863048553	0.092208087444305	-0.082254275679588
0.16186434030533	-0.44204089045525	-0.34232836961746	0.20771907269955	-0.63427859544754	0.017423197627068	-0.0039014301728457	-0.014335572719574	0.09213462471962	-0.082258030772209
0.27478012442589	-0.39478290081024	-0.33507752418518	0.20777341723442	-0.62022370100021	0.014731779694557	-0.0033276237081736	-0.023753941059113	0.086882740259171	-0.08515302836895
0.28702488541603	-0.38966715335846	-0.33429902791977	0.20752899348736	-0.61581671237946	0.014308005571365	-0.0035229399800301	-0.024747967720032	0.08623942732811	-0.085485115647316
0.28811573982239	-0.38913029432297	-0.33421552181244	0.20777313411236	-0.6113224029541	0.014336682856083	-0.0032906685955822	-0.024738311767578	0.086188673973083	-0.085510797798634
0.28832268714905	-0.38908135890961	-0.3342062830925	0.20733155310154	-0.60851991176605	0.014409430325031	-0.0034275478683412	-0.024803876876831	0.086171656847	-0.085516646504402
0.42457926273346	-0.24902871251106	-0.23599307239056	0.20664870738983	-0.59296643733978	0.0061156004667282	-0.0029452652670443	-0.035519421100616	0.080249458551407	-0.093606628477573
0.44910106062889	-0.21096028387547	-0.20567891001701	0.20718814432621	-0.58523416519165	0.0038506910204887	0.29292240738869	-0.037394046783447	0.079015821218491	-0.09587237238884
0.46280798316002	-0.16101032495499	-0.16047765314579	0.20713509619236	-0.58230894804001	0.0017756670713425	0.688192486763	-0.038482010364532	0.078689754009247	-0.098656512796879
0.46422198414803	-0.15554390847683	-0.15562398731709	0.20731234550476	-0.58204829692841	0.0014829561114311	0.50416392087936	-0.038586586713791	0.078622370958328	-0.098971888422966
0.46579226851463	-0.1321773827076	-0.13325510919094	0.2076900601387	-0.58216243982315	0.00081545114517212	0.49728947877884	-0.038886815309525	0.078717231750488	-0.10023217648268
0.46597361564636	-0.13019016385078	-0.13078686594963	0.20773877203465	-0.58227926492691	0.00081496685743332	0.49730175733566	-0.038978159427643	0.078814446926117	-0.1003537401557
0.4659660756588	-0.12995646893978	-0.13051907718182	0.20778942108154	-0.5823672413826	0.00081502646207809	0.49692305922508	-0.038975715637207	0.078821808099747	-0.10037656128407
0.46597120165825	-0.12991698086262	-0.13049040734768	0.20785069465637	-0.58247327804565	0.00081498920917511	0.49609246850014	-0.038984090089798	0.078813433647156	-0.10038328915834
0.46597278118134	-0.12991206347942	-0.13048622012138	0.20791548490524	-0.58259063959122	0.00081551074981689	0.49562495946884	-0.038988173007965	0.078810334205627	-0.1003875285387
0.46597334742546	-0.12992569804192	-0.13048420846462	0.2079765945673	-0.5827100276947	0.00081505626440048	0.49546337127686	-0.038992136716843	0.078810691833496	-0.10038767009974
0.46548169851303	-0.12968850135803	-0.13048960268497	0.20810957252979	-0.5823512673378	0.00081437826156616	0.44747242331505	-0.03856572508812	0.078961700201035	-0.10038276016712
0.4656917154789	-0.12979850172997	-0.1304554194212	0.20812356472015	-0.58221173286438	0.00081472098827362	0.49780470132828	-0.038729280233383	0.078888177871704	-0.10039837658405
0.46583792567253	-0.12985436618328	-0.13045938313007	0.20815362036228	-0.58222097158432	0.00081513822078705	0.49694117903709	-0.03885892033577	0.07884269952774	-0.10040288418531
0.46590772271156	-0.12990747392178	-0.13046260178089	0.20819219946861	-0.58228892087936	0.00081571191549301	0.49572095274925	-0.038928329944611	0.078826427459717	-0.10040257871151
0.46595039963722	-0.1299421787262	-0.13046514987946	0.20823387801647	-0.58238220214844	0.00081495195627213	0.49542388319969	-0.038968980312347	0.078817814588547	-0.10040079057217
0.46597462892532	-0.12995317578316	-0.13046985864639	0.20827628672123	-0.58249425888062	0.00081497430801392	0.49544796347618	-0.038989514112473	0.078812301158905	-0.10039959102869
0.46584978699684	-0.13062128424644	-0.13054412603378	0.20849396288395	-0.58256995677948	0.00081468373537064	0.44579315185547	-0.039048612117767	0.078967422246933	-0.100167773664
0.46578413248062	-0.1313983798027	-0.13054296374321	0.20868968963623	-0.58263796567917	0.00081732869148254	0.49599274992943	-0.03915947675705	0.079101473093033	-0.10001441836357
0.37566703557968	-0.13351386785507	-0.1226192265749	0.20992209017277	-0.58556151390076	0.00082415342330933	0.5378246307373	-0.033853143453598	0.083121418952942	-0.099450632929802
0.36413177847862	-0.13505725562572	-0.12155778706074	0.21040298044682	-0.58570945262909	0.00081747025251389	0.56094706058502	-0.031804710626602	0.084305375814438	-0.09927324950695
0.36242219805717	-0.13627636432648	-0.12135995924473	0.21070304512978	-0.58565676212311	0.00081337988376617	0.65930283069611	-0.031348615884781	0.0847187936306	-0.099062524735928
0.36220678687096	-0.13638333976269	-0.1213271021843	0.2109230607748	-0.58506619930267	0.00081340223550797	0.60799008607864	-0.03122866153717	0.084749430418015	-0.09900589287281
0.21464139223099	-0.12965951859951	-0.088978007435799	0.21244414150715	-0.58978533744812	0.00084462016820908	0.68657916784286	-0.022479087114334	0.090186178684235	-0.099677510559559
0.154904961586	-0.13431166112423	-0.070477813482285	0.21182923018932	-0.5913662314415	0.00083030015230179	0.95418566465378	-0.015783846378326	0.094498187303543	-0.099544674158096
0.10669425874949	-0.13578851521015	-0.051773279905319	0.21083673834801	-0.59053546190262	0.00079784542322159	1.1133571863174	-0.0092922747135162	0.097578376531601	-0.09916128218174
0.10108768939972	-0.13527719676495	-0.049842450767756	0.21051880717278	-0.5885968208313	0.0008089616894722	0.88368636369705	-0.0081638693809509	0.097679078578949	-0.098927594721317
0.10176092386246	-0.1340796649456	-0.049905426800251	0.21030344069004	-0.58782559633255	0.00081890821456909	0.7353048324585	-0.0091136693954468	0.0973981320858	-0.098977357149124
0.10101620852947	-0.1346287727356	-0.049815036356449	0.21017214655876	-0.58690065145493	0.00080331414937973	0.75842040777206	-0.00860396027565	0.097587585449219	-0.09895371645689
-0.0042261420749128	-0.11891342699528	0.010494275949895	0.21032470464706	-0.58979076147079	0.00081276148557663	0.76616042852402	-0.00078678131103516	0.10255002975464	-0.099660195410252
-0.019248507916927	-0.12425140291452	0.0180633533746	0.20996135473251	-0.58887028694153	0.00080364197492599	0.78851467370987	0.0029946565628052	0.1042260825634	-0.099073454737663
-0.083027593791485	-0.10883168876171	0.070161238312721	0.21018469333649	-0.59165674448013	0.00082840025424957	0.72401237487793	0.0084065794944763	0.10774084925652	-0.099494963884354
-0.10851354151964	-0.10752692818642	0.090786181390285	0.21020133793354	-0.59062886238098	0.00083930790424347	0.82657873630524	0.013466954231262	0.10947546362877	-0.098900571465492
-0.1390215754509	-0.09931156039238	0.12382561713457	0.21036711335182	-0.59071826934814	0.00084081292152405	0.83145016431808	0.016245454549789	0.11179974675179	-0.098841443657875
-0.14357477426529	-0.099820174276829	0.12751613557339	0.20979960262775	-0.58924531936646	0.00086139142513275	0.82685089111328	0.017540365457535	0.11212909221649	-0.09859760850668
-0.19685319066048	-0.077130451798439	0.19709688425064	0.21065557003021	-0.59065026044846	0.00091865658760071	0.81640529632568	0.023423790931702	0.11612421274185	-0.098873354494572
-0.20416025817394	-0.076808609068394	0.20484361052513	0.21011355519295	-0.5891917347908	0.00085953623056412	0.72986161708832	0.025370448827744	0.11658003926277	-0.098501048982143
-0.20445801317692	-0.0758116543293	0.20554625988007	0.20992115139961	-0.58857542276382	0.00085952877998352	0.8142751455307	0.025189995765686	0.11651363968849	-0.098563812673092
-0.24098490178585	-0.054399576038122	0.26487976312637	0.21082957088947	-0.58978819847107	0.00088714063167572	0.80286359786987	0.029783844947815	0.11955013871193	-0.098771490156651
-0.24609151482582	-0.054233584553003	0.27151650190353	0.21049353480339	-0.58893644809723	0.00091469287872314	0.79218143224716	0.031278759241104	0.11995005607605	-0.098407387733459
-0.27915975451469	-0.024752555415034	0.33823055028915	0.21165372431278	-0.59034633636475	0.00095310062170029	0.78811991214752	0.035163968801498	0.12257644534111	-0.099188484251499
-0.28280580043793	-0.018247317522764	0.34488734602928	0.21056990325451	-0.58982789516449	0.00097399950027466	0.78966152667999	0.0357825756073	0.12208729982376	-0.099984176456928
-0.30536648631096	0.0044327904470265	0.39461332559586	0.20962360501289	-0.59041404724121	0.0013732016086578	0.70283943414688	0.039640694856644	0.12347248196602	-0.10034321248531
-0.30775761604309	0.006781367585063	0.39987167716026	0.20902368426323	-0.58982807397842	0.0010908618569374	0.74400371313095	0.040005415678024	0.12363943457603	-0.10030891746283
-0.30802756547928	0.0071393372491002	0.40029242634773	0.20907682180405	-0.58996558189392	0.00097151845693588	0.74166262149811	0.040092378854752	0.12361127138138	-0.10041212290525
-0.3079976439476	0.0070597194135189	0.40034955739975	0.20913183689117	-0.59002280235291	0.00094209611415863	0.74054944515228	0.040066421031952	0.12364000082016	-0.10041113942862
-0.30799895524979	0.0069239074364305	0.40037041902542	0.20914803445339	-0.59006685018539	0.00095910578966141	0.74003952741623	0.040071099996567	0.12366616725922	-0.10039038211107
-0.30797240138054	0.0069162887521088	0.40037056803703	0.20918229222298	-0.59013962745667	0.00097209215164185	0.73982572555542	0.040063172578812	0.12367150187492	-0.10038588941097
-0.30795881152153	0.0069240522570908	0.40036714076996	0.20927849411964	-0.5901762843132	0.00095897167921066	0.7407311797142	0.040053457021713	0.12367358803749	-0.10038775205612
-0.30801603198051	0.0068282270804048	0.40037846565247	0.20933759212494	-0.59027284383774	0.00098269432783127	0.7409542798996	0.040093004703522	0.123680382967	-0.10036630183458
-0.30807086825371	0.0067929225042462	0.40038684010506	0.20940631628036	-0.5903188586235	0.00099080801010132	0.73992902040482	0.04013592004776	0.1236732006073	-0.10035767406225
-0.30810305476189	0.0069064293056726	0.40038076043129	0.20948618650436	-0.59032106399536	0.00094219297170639	0.7406222820282	0.040158182382584	0.12364155054092	-0.10038297623396
-0.30805811285973	0.0068036825396121	0.40039351582527	0.20954509079456	-0.59032726287842	0.00098273903131485	0.74055528640747	0.040126621723175	0.12367027997971	-0.10036154836416
-0.30805602669716	0.0067158448509872	0.40040490031242	0.20958879590034	-0.59033876657486	0.0010204017162323	0.74023187160492	0.040128171443939	0.1236891746521	-0.10034541040659
-0.30813398957253	0.0069325626827776	0.40040135383606	0.20952787995338	-0.59036564826965	0.00098277628421783	0.74034202098846	0.040156751871109	0.12363696098328	-0.10038331151009
-0.3081551194191	0.0067713623866439	0.40042579174042	0.20942787826061	-0.59038805961609	0.0010248720645905	0.74296391010284	0.040176749229431	0.12368217110634	-0.10030271857977
-0.30556264519691	-0.04025399684906	0.34827134013176	0.20909850299358	-0.58768278360367	0.0030302330851555	0.31480577588081	0.039734989404678	0.12304866313934	-0.097777917981148
-0.3017315864563	-0.06908356398344	0.31343260407448	0.20857572555542	-0.58405375480652	0.0041257068514824	0.25975596904755	0.038903266191483	0.12240165472031	-0.096443898975849
-0.30130118131638	-0.072174496948719	0.30969187617302	0.20787221193314	-0.58245921134949	0.0042775869369507	0.25774306058884	0.038802444934845	0.12233909964561	-0.096304647624493
-0.30130451917648	-0.072546854615211	0.30929008126259	0.20626932382584	-0.58174824714661	0.0043719336390495	0.25661981105804	0.038836121559143	0.12232711911201	-0.096278198063374
-0.30173707008362	-0.072805024683475	0.30924692749977	0.20671330392361	-0.57744431495667	0.0040029585361481	-0.0041401842609048	0.039092630147934	0.12226402759552	-0.096228666603565
-0.24033606052399	-0.25344890356064	0.072268888354301	0.20816041529179	-0.56090009212494	0.012524858117104	-0.0037949471734464	0.029417544603348	0.11729869246483	-0.087678909301758
-0.20356251299381	-0.31833904981613	-0.022409053519368	0.2083402723074	-0.55010777711868	0.015231296420097	-0.0035929877776653	0.024202615022659	0.11423325538635	-0.084962248802185
-0.14335455000401	-0.3825646340847	-0.12892013788223	0.20882029831409	-0.53487187623978	0.017440602183342	-0.0038555320352316	0.016521841287613	0.10980120301247	-0.08258992433548
-0.11509722471237	-0.40467000007629	-0.16936810314655	0.20907865464687	-0.52609544992447	0.01806715130806	-0.0037203456740826	0.013101875782013	0.10781171917915	-0.081852711737156
-0.089101314544678	-0.42031115293503	-0.20074561238289	0.20906847715378	-0.5209179520607	0.018626019358635	-0.0036840662360191	0.010176092386246	0.10609164834023	-0.081377662718296
-0.086417652666569	-0.42223051190376	-0.20411470532417	0.20823922753334	-0.5191438794136	0.018931515514851	-0.0040030116215348	0.0099532902240753	0.10593119263649	-0.081298142671585
0.047307878732681	-0.45211932063103	-0.30277094244957	0.20695361495018	-0.50160837173462	0.019183471798897	-0.0036838431842625	-0.0039891302585602	0.098234504461288	-0.081017151474953
0.090709663927555	-0.45359149575233	-0.32460999488831	0.20846669375896	-0.48821222782135	0.018290042877197	-0.0037286609876901	-0.0079662501811981	0.095728367567062	-0.08125627040863
0.15469616651535	-0.44329959154129	-0.34049510955811	0.21009793877602	-0.47521913051605	0.017293244600296	-0.0036708239931613	-0.013853847980499	0.092508494853973	-0.082150384783745
0.16127462685108	-0.44222387671471	-0.34220123291016	0.21059086918831	-0.47114446759224	0.017382517457008	-0.0037337113171816	-0.014310896396637	0.092169433832169	-0.082243144512177
0.21994180977345	-0.42241621017456	-0.34420198202133	0.21045672893524	-0.46437162160873	0.016369789838791	-0.0034863643813878	-0.019246101379395	0.089361995458603	-0.083515971899033
0.22616498172283	-0.42055225372314	-0.34441623091698	0.20914833247662	-0.46081703901291	0.016678959131241	-0.0034627169370651	-0.019702881574631	0.089102774858475	-0.083606600761414
0.3902867436409	-0.29706645011902	-0.27332425117493	0.20919339358807	-0.43802377581596	0.0087999254465103	-0.0030544910114259	-0.032897174358368	0.081766456365585	-0.090802289545536
0.4231995344162	-0.26198992133141	-0.24818642437458	0.21020007133484	-0.42788451910019	0.0067444443702698	-0.0038987346924841	-0.035502076148987	0.080124616622925	-0.092889040708542
0.4265683889389	-0.2583526968956	-0.24548791348934	0.21042148768902	-0.4255498945713	0.0065890103578568	-0.0035451813600957	-0.035665154457092	0.080022305250168	-0.093098536133766
0.45583862066269	-0.18913693726063	-0.18607231974602	0.21110726892948	-0.41931089758873	0.0029733702540398	0.20918691158295	-0.03767254948616	0.078989148139954	-0.09702879935503
0.46336290240288	-0.15863099694252	-0.15837197005749	0.21129108965397	-0.41550686955452	0.0016832798719406	0.66154229640961	-0.038401812314987	0.078728467226028	-0.098729155957699
0.46508753299713	-0.13277001678944	-0.13356468081474	0.21167601644993	-0.41424360871315	0.00081393122673035	0.53751337528229	-0.038425743579865	0.079020470380783	-0.10007974505424
0.46549654006958	-0.13007602095604	-0.13080878555775	0.21167670190334	-0.41398358345032	0.00081417709589005	0.50154799222946	-0.038573145866394	0.078957378864288	-0.10034640133381
0.46568685770035	-0.1297275274992	-0.13053204119205	0.21174304187298	-0.41383039951324	0.00081457197666168	0.49652442336082	-0.03870715200901	0.078881680965424	-0.10038547217846
0.46578216552734	-0.12980669736862	-0.13049168884754	0.21178333461285	-0.41375339031219	0.00081509351730347	0.49498638510704	-0.038804888725281	0.078862696886063	-0.10038933157921
0.46583804488182	-0.12987674772739	-0.13048489391804	0.21181139349937	-0.41371753811836	0.00081506371498108	0.49455532431602	-0.038862600922585	0.078854084014893	-0.10038889199495
0.4659198820591	-0.12993587553501	-0.13048084080219	0.21182811260223	-0.41373962163925	0.0008150115609169	0.49580493569374	-0.038937896490097	0.078831732273102	-0.10039091855288
0.46594816446304	-0.12996897101402	-0.13047598302364	0.2118327319622	-0.41379290819168	0.00081555545330048	0.49535122513771	-0.038967087864876	0.078826904296875	-0.10039633512497
0.46596977114677	-0.12998071312904	-0.13047212362289	0.21183983981609	-0.4138602912426	0.00081567466259003	0.49535065889359	-0.038985192775726	0.078820407390594	-0.10040012747049
0.46598291397095	-0.12996557354927	-0.13047486543655	0.21185672283173	-0.41393950581551	0.00081593543291092	0.49528360366821	-0.038993924856186	0.07881361246109	-0.10040213912725
0.46599188446999	-0.12998247146606	-0.13047413527966	0.21187214553356	-0.41402113437653	0.00081541389226913	0.49528789520264	-0.039003327488899	0.078813076019287	-0.10040125995874
0.44316202402115	-0.13120719790459	-0.12926399707794	0.2122019380331	-0.41470623016357	0.00081789493560791	0.55350488424301	-0.037737220525742	0.079914540052414	-0.10007574409246
0.39519411325455	-0.13365019857883	-0.12514781951904	0.21272437274456	-0.41636079549789	0.00081674754619598	0.54088705778122	-0.034796983003616	0.082363396883011	-0.099569849669933
0.38911381363869	-0.13556760549545	-0.1244575381279	0.21270237863064	-0.41645655035973	0.00081752240657806	0.55714184045792	-0.033860862255096	0.083183139562607	-0.099382132291794
0.38779947161674	-0.1362015157938	-0.12432929873466	0.21267329156399	-0.41596582531929	0.00081287324428558	0.61513829231262	-0.033269971609116	0.083534449338913	-0.09927473962307
0.38780888915062	-0.13621835410595	-0.12431272119284	0.21260592341423	-0.41530379652977	0.00081337243318558	0.57967263460159	-0.033301502466202	0.083496153354645	-0.099247150123119
0.38822704553604	-0.13599202036858	-0.12435640394688	0.21256482601166	-0.41516125202179	0.00081463903188705	0.58224004507065	-0.033637315034866	0.083321899175644	-0.099275924265385
0.21863415837288	-0.12836894392967	-0.089353889226913	0.213776871562	-0.4210402071476	0.00084885954856873	0.53049993515015	-0.023547261953354	0.089627176523209	-0.10007961094379
0.15472948551178	-0.13330933451653	-0.070569090545177	0.21345230937004	-0.42250335216522	0.00082621723413467	0.80903851985931	-0.015283674001694	0.094367504119873	-0.099606968462467
0.14531177282333	-0.13709004223347	-0.067915417253971	0.21297308802605	-0.42046850919724	0.0007949024438858	1.0056591033936	-0.012199550867081	0.095559626817703	-0.0990259796381
0.1254485398531	-0.13511018455029	-0.060148380696774	0.2129820138216	-0.41933518648148	0.00081552565097809	1.0033404827118	-0.010858774185181	0.096224755048752	-0.098975449800491
0.086000375449657	-0.13045713305473	-0.042507655918598	0.21319419145584	-0.41972440481186	0.00081923604011536	0.79712998867035	-0.0081249177455902	0.097795277833939	-0.099269114434719
0.080549046397209	-0.13257174193859	-0.0402219183743	0.21299488842487	-0.41904300451279	0.00082046538591385	0.75213974714279	-0.0069673657417297	0.098499536514282	-0.099084697663784
0.026146788150072	-0.12557131052017	-0.010639413259923	0.21322716772556	-0.4197598695755	0.00082293152809143	0.76975500583649	-0.0023766756057739	0.10105127096176	-0.099323108792305
0.018875438719988	-0.12802901864052	-0.0069925296120346	0.21318183839321	-0.41880199313164	0.00082613527774811	0.70836675167084	-0.000803142786026	0.10186824202538	-0.099022850394249
0.018399901688099	-0.12772409617901	-0.0067079369910061	0.21328982710838	-0.41802176833153	0.00082875043153763	0.78867387771606	-0.00085759162902832	0.10182085633278	-0.098984271287918
0.017871182411909	-0.12833946943283	-0.0066038849763572	0.21344590187073	-0.41715681552887	0.00082904845476151	0.80362874269485	-0.00051918625831604	0.10195025801659	-0.098910957574844
-0.063087970018387	-0.10899020731449	0.05315912887454	0.21423935890198	-0.41941565275192	0.00082793086767197	0.80884873867035	0.0060648322105408	0.10583007335663	-0.099686793982983
-0.073239088058472	-0.11471023410559	0.060639314353466	0.21360050141811	-0.41952183842659	0.00080855935811996	0.80959862470627	0.0078105181455612	0.10755223035812	-0.099050231277943
-0.075006671249866	-0.11579950898886	0.06149035692215	0.21318681538105	-0.41914111375809	0.00080670416355133	0.81081545352936	0.008569061756134	0.10774281620979	-0.098872907459736
-0.14670369029045	-0.089510768651962	0.13613386452198	0.21325828135014	-0.42167595028877	0.00083059817552567	0.73244071006775	0.015215128660202	0.11199739575386	-0.099597334861755
-0.17019332945347	-0.08651252835989	0.16186152398586	0.2128721922636	-0.42228153347969	0.00083591789007187	0.81444728374481	0.019328534603119	0.11406287550926	-0.099130496382713
-0.17645765841007	-0.093317523598671	0.16567701101303	0.21274617314339	-0.42055907845497	0.00087186694145203	0.8853520154953	0.022644966840744	0.11497896909714	-0.098095990717411
-0.17675903439522	-0.092404909431934	0.16574303805828	0.21214827895164	-0.41757833957672	0.00090154260396957	0.85371893644333	0.02273029088974	0.11472859978676	-0.098014935851097
-0.17624884843826	-0.091067500412464	0.16559234261513	0.21182101964951	-0.41518044471741	0.00090029835700989	0.8399766087532	0.022335708141327	0.11455652117729	-0.098189234733582
-0.2601158618927	-0.033982291817665	0.30341747403145	0.21194472908974	-0.41989606618881	0.00088905543088913	0.77174001932144	0.032095223665237	0.12048840522766	-0.099523529410362
-0.28197979927063	-0.024497594684362	0.34201925992966	0.2116783708334	-0.41947770118713	0.00095821917057037	0.76177626848221	0.036317184567451	0.12267661094666	-0.099023140966892
-0.28451070189476	-0.022047568112612	0.34595316648483	0.21145875751972	-0.41898101568222	0.0009603425860405	0.75978624820709	0.036923140287399	0.12252479791641	-0.099140658974648
-0.30522695183754	-0.0011956272646785	0.3949294090271	0.21189260482788	-0.42018041014671	0.00096365809440613	0.67441719770432	0.039621829986572	0.12460371851921	-0.099356614053249
-0.30837255716324	0.00018337098299526	0.40032455325127	0.21182370185852	-0.41986355185509	0.00097246468067169	0.74094396829605	0.040657013654709	0.12472036480904	-0.09924778342247
-0.30848816037178	0.0033422100823373	0.40066730976105	0.21164259314537	-0.41940996050835	0.0010278671979904	0.74026650190353	0.040547415614128	0.12419536709785	-0.099783472716808
-0.30819824337959	0.0048090633936226	0.40058326721191	0.21152320504189	-0.41913640499115	0.0010295435786247	0.74012851715088	0.040284484624863	0.12400123476982	-0.10002701729536
-0.30809086561203	0.0050188712775707	0.40055897831917	0.21150666475296	-0.4189680814743	0.0010291412472725	0.73978364467621	0.040199518203735	0.12399527430534	-0.10005860030651
-0.30811706185341	0.0050784852355719	0.40055671334267	0.21148318052292	-0.41884976625443	0.0010291114449501	0.73952448368073	0.040216863155365	0.12398383021355	-0.10007099807262
-0.30816224217415	0.0055203009396791	0.40053555369377	0.21137247979641	-0.41857403516769	0.0009286031126976	0.73923647403717	0.040217727422714	0.1238951086998	-0.10014690458775
-0.3081576526165	0.0054988982155919	0.40055936574936	0.21132528781891	-0.41837322711945	0.0009286105632782	0.7391762137413	0.040220007300377	0.12389522790909	-0.10014699399471
-0.30816680192947	0.0054344120435417	0.40056875348091	0.2112942636013	-0.41818395256996	0.00094616413116455	0.66434997320175	0.040228232741356	0.12390476465225	-0.10013356804848
-0.30816349387169	0.0054715187288821	0.40056750178337	0.21124647557735	-0.41796541213989	0.0009286031126976	0.73647683858871	0.040226861834526	0.1238979101181	-0.10014481842518
-0.30816555023193	0.0053879078477621	0.4005783200264	0.2112205773592	-0.4177807867527	0.00094633549451828	0.73640710115433	0.040230453014374	0.1239125430584	-0.10013123601675
-0.30816420912743	0.0053997123613954	0.40058025717735	0.21118748188019	-0.417590290308	0.00092867016792297	0.73644173145294	0.040231615304947	0.12390890717506	-0.1001403555274
-0.30827480554581	0.0038137065712363	0.40071988105774	0.21143211424351	-0.41710239648819	0.0009324699640274	0.73311793804169	0.040346324443817	0.12419095635414	-0.099783003330231
-0.30818766355515	0.0039232652634382	0.40057256817818	0.21087671816349	-0.41645687818527	0.00093426555395126	-0.0039008688181639	0.040269836783409	0.1242082118988	-0.099852189421654
-0.28428849577904	-0.14319179952145	0.22207340598106	0.21027186512947	-0.40900558233261	0.0072717741131783	-0.0042730066925287	0.036120489239693	0.12101984024048	-0.092703081667423
-0.28170248866081	-0.15891695022583	0.20290720462799	0.21046684682369	-0.40526697039604	0.0079119130969048	-0.0060685486532748	0.03566138446331	0.12056705355644	-0.091942302882671
0.25088322162628	-0.34816867113113	-0.26748415827751	0.2155580073595	-0.33748778700829	0.012245558202267	-0.0034739994443953	-0.023542881011963	0.09075465798378	-0.087736673653126
0.42109552025795	-0.24474292993546	-0.22883874177933	0.2134213745594	-0.31684839725494	0.0056640580296516	-0.0036094840615988	-0.03585048019886	0.080619513988495	-0.093968972563744
0.43884009122849	-0.23380371928215	-0.22467897832394	0.21313448250294	-0.31452038884163	0.0050429925322533	-0.0034585993271321	-0.036666437983513	0.07953754067421	-0.094553582370281
0.44059810042381	-0.23249833285809	-0.22423204779625	0.21229150891304	-0.31476473808289	0.0050752758979797	-0.0040753246285021	-0.03661248087883	0.079448938369751	-0.094586350023746
0.44074976444244	-0.23240566253662	-0.22418421506882	0.21240571141243	-0.31462702155113	0.0052443295717239	-0.0033332109451294	-0.036600485444069	0.079442381858826	-0.094576761126518
0.44079321622849	-0.23244923353195	-0.22417913377285	0.21275620162487	-0.31446117162704	0.0052705779671669	-0.003254096955061	-0.036620795726776	0.07944068312645	-0.094578221440315
0.44077944755554	-0.2324540913105	-0.22417879104614	0.21293407678604	-0.31449443101883	0.005270279943943	-0.0032156624365598	-0.03661635518074	0.079442799091339	-0.094580851495266
0.44076383113861	-0.23244494199753	-0.22417837381363	0.21299515664577	-0.3145626783371	0.0052762925624847	-0.0032119222451001	-0.036608949303627	0.079443484544754	-0.094581238925457
0.44075652956963	-0.23244050145149	-0.2241782695055	0.21303349733353	-0.31458580493927	0.0052809715270996	-0.0032141320407391	-0.036606043577194	0.079443275928497	-0.094581216573715
0.44075828790665	-0.23243948817253	-0.22417835891247	0.21307042241096	-0.31457337737083	0.0052800327539444	-0.0032159383408725	-0.036607459187508	0.079442381858826	-0.094581469893456
0.44074520468712	-0.23243975639343	-0.22417840361595	0.21311488747597	-0.31446081399918	0.0053051486611366	-0.0032140251714736	-0.036600783467293	0.07944643497467	-0.094576083123684
0.44075375795364	-0.23244231939316	-0.2241787314415	0.21316926181316	-0.31426632404327	0.0052942410111427	-0.0032183073926717	-0.036607101559639	0.079444020986557	-0.094575963914394
0.4407539665699	-0.23244293034077	-0.22417834401131	0.21319144964218	-0.31411316990852	0.0052917525172234	-0.0032193108927459	-0.036607697606087	0.079444199800491	-0.094576224684715
0.44075158238411	-0.23244012892246	-0.22417822480202	0.21320071816444	-0.31397631764412	0.0052950903773308	-0.0032191011123359	-0.036606356501579	0.079444110393524	-0.094576291739941
0.44075065851212	-0.23244115710258	-0.22417841851711	0.21321161091328	-0.31384545564651	0.0052982270717621	-0.0032181378919631	-0.036606207489967	0.079444348812103	-0.094576112926006
0.44074901938438	-0.23244062066078	-0.22417823970318	0.21322038769722	-0.31370410323143	0.005297839641571	-0.0032181467395276	-0.036605000495911	0.079444915056229	-0.094575919210911
0.44075202941895	-0.23244051635265	-0.22417844831944	0.21322932839394	-0.31354793906212	0.0052955523133278	-0.0032183423172683	-0.036606162786484	0.079444259405136	-0.094575949013233
0.44075113534927	-0.23243939876556	-0.22417837381363	0.21323494613171	-0.31339257955551	0.0052921548485756	-0.0032163250725716	-0.036605700850487	0.07944443821907	-0.094576045870781
0.44075208902359	-0.23243990540504	-0.22417835891247	0.21324717998505	-0.31323179602623	0.0052917376160622	-0.0032173928339034	-0.036606192588806	0.079444319009781	-0.094575889408588
0.44075217843056	-0.23243960738182	-0.22417819499969	0.21325932443142	-0.31308501958847	0.005291648209095	-0.0032192231155932	-0.036606416106224	0.079444169998169	-0.094576172530651
0.44075214862823	-0.23244024813175	-0.22417834401131	0.21327514946461	-0.31294411420822	0.0052928924560547	-0.0032185346353799	-0.03660660982132	0.079444199800491	-0.09457578510046
0.44075185060501	-0.23244073987007	-0.2241777330637	0.21329243481159	-0.31280329823494	0.005293644964695	-0.0032158996909857	-0.036605998873711	0.079444617033005	-0.094575770199299
0.44075229763985	-0.23244139552116	-0.22417822480202	0.21330811083317	-0.31264850497246	0.0052917152643204	-0.0032193816732615	-0.036605983972549	0.079444766044617	-0.09457565844059
0.44075375795364	-0.23244175314903	-0.22417856752872	0.21331842243671	-0.31249448657036	0.0052883625030518	-0.0032180026173592	-0.036606729030609	0.079444617033005	-0.094575442373753
0.44075497984886	-0.23243987560272	-0.22417867183685	0.21331889927387	-0.31233865022659	0.0052841678261757	-0.003216253593564	-0.036606773734093	0.079444110393524	-0.094575829803944
0.44075441360474	-0.23244044184685	-0.22417819499969	0.21332086622715	-0.3121865093708	0.0052864849567413	-0.0032187316101044	-0.036606758832932	0.079444348812103	-0.094575732946396
0.44075337052345	-0.23243999481201	-0.22417840361595	0.21332380175591	-0.31204190850258	0.0052886679768562	-0.0032170903868973	-0.036606386303902	0.079444468021393	-0.094575621187687
0.44075426459312	-0.2324406504631	-0.2241782695055	0.21332995593548	-0.31189951300621	0.00528784096241	-0.0032197725959122	-0.036606758832932	0.07944443821907	-0.094575725495815
0.44075381755829	-0.2324406504631	-0.22417820990086	0.21333092451096	-0.31176093220711	0.0052884370088577	-0.0032182275317609	-0.036606341600418	0.079444468021393	-0.094575621187687
0.44075244665146	-0.23244014382362	-0.22417843341827	0.21332964301109	-0.3116135597229	0.0052901208400726	-0.0032175208907574	-0.036605894565582	0.079444646835327	-0.094575606286526
0.44075387716293	-0.23244112730026	-0.22417847812176	0.21332961320877	-0.31145688891411	0.0052896365523338	-0.0032161534763873	-0.036606669425964	0.079444617033005	-0.094575509428978
0.44075602293015	-0.23244073987007	-0.2241784632206	0.21332740783691	-0.31130224466324	0.0052864253520966	-0.0032198478002101	-0.036607384681702	0.079444110393524	-0.094575613737106
0.44075521826744	-0.23244136571884	-0.22417804598808	0.21332390606403	-0.31115677952766	0.0052880123257637	-0.0032166391611099	-0.03660674393177	0.079444527626038	-0.094575837254524
0.44075664877892	-0.23244015872478	-0.2241780012846	0.21331678330898	-0.31099990010262	0.0052846744656563	-0.0032180561684072	-0.036607772111893	0.079443871974945	-0.094575680792332
0.44075399637222	-0.2324393093586	-0.2241784632206	0.21330845355988	-0.31085753440857	0.0052868649363518	-0.0032189432531595	-0.036605939269066	0.079444468021393	-0.094575859606266
0.44075551629066	-0.23243764042854	-0.2241784632206	0.21330371499062	-0.31070297956467	0.0052881240844727	-0.0032147560268641	-0.036606699228287	0.079443663358688	-0.094576142728329
0.44075500965118	-0.23244071006775	-0.22417820990086	0.21329952776432	-0.31055927276611	0.0052881166338921	-0.0032211027573794	-0.036606833338737	0.079444468021393	-0.094575867056847
0.44075435400009	-0.23243947327137	-0.22417856752872	0.213289052248	-0.31041094660759	0.005288302898407	-0.0032170978374779	-0.036606162786484	0.079444468021393	-0.094575919210911
0.44075626134872	-0.23243971168995	-0.22417861223221	0.21327850222588	-0.31024733185768	0.0052838250994682	-0.0032182671129704	-0.036606982350349	0.079444110393524	-0.094575852155685
0.44075372815132	-0.23243862390518	-0.2241784632206	0.21326896548271	-0.31009510159492	0.0052860379219055	-0.0032188608311117	-0.036606013774872	0.079444319009781	-0.094576098024845
0.44075363874435	-0.23243814706802	-0.22417855262756	0.21326310932636	-0.30993458628654	0.0052867382764816	-0.0032170154154301	-0.036605805158615	0.079444348812103	-0.094575934112072
0.44075533747673	-0.23243796825409	-0.22417850792408	0.21325743198395	-0.30977612733841	0.0052900239825249	-0.0032160244882107	-0.03660649061203	0.079443782567978	-0.094576060771942
0.4407562315464	-0.23244012892246	-0.22417852282524	0.21325094997883	-0.30961456894875	0.0052868127822876	-0.0032203509472311	-0.036607086658478	0.079444050788879	-0.094575732946396
0.4407559633255	-0.23244048655033	-0.22417837381363	0.21324326097965	-0.30945345759392	0.0052857771515846	-0.0032171965576708	-0.036606758832932	0.079444259405136	-0.094575665891171
0.44075533747673	-0.2324393093586	-0.22417815029621	0.21323280036449	-0.30929529666901	0.0052851513028145	-0.0032190345227718	-0.036606624722481	0.079444229602814	-0.094575978815556
0.44075483083725	-0.23243850469589	-0.22417840361595	0.21322299540043	-0.30913800001144	0.0052872225642204	-0.0032163404393941	-0.03660637140274	0.079444259405136	-0.094576075673103
0.4407551586628	-0.23243996500969	-0.22417809069157	0.21321569383144	-0.30897250771523	0.0052865669131279	-0.0032181465066969	-0.036606326699257	0.079444319009781	-0.094575770199299
0.44075608253479	-0.23243972659111	-0.22417825460434	0.21321298182011	-0.30880692601204	0.0052857547998428	-0.0032192035578191	-0.036607131361961	0.07944393157959	-0.094575762748718
0.44075629115105	-0.23244066536427	-0.22417837381363	0.21321019530296	-0.30864709615707	0.0052864104509354	-0.0032179560512304	-0.0366071164608	0.079444229602814	-0.094575755298138
0.4407554268837	-0.23244009912014	-0.22417829930782	0.21320617198944	-0.30847772955894	0.0052843019366264	-0.0032173271756619	-0.036606431007385	0.079444319009781	-0.094575703144073
0.44075661897659	-0.23243999481201	-0.2241788059473	0.21320354938507	-0.30830916762352	0.0052836164832115	-0.0032183807343245	-0.036607220768929	0.079443991184235	-0.094575822353363
0.44075614213943	-0.23243945837021	-0.22417831420898	0.21320199966431	-0.30814853310585	0.0052845329046249	-0.0032185600139201	-0.036606639623642	0.079444110393524	-0.094575986266136
0.44075360894203	-0.23243951797485	-0.22417862713337	0.21320101618767	-0.30798986554146	0.0052876472473145	-0.0032160957343876	-0.036605730652809	0.07944467663765	-0.094575762748718
0.4407562315464	-0.23244069516659	-0.2241784632206	0.21320188045502	-0.30782148241997	0.0052860379219055	-0.0032182242721319	-0.03660686314106	0.079444259405136	-0.094575822353363
0.44075608253479	-0.23243992030621	-0.22417816519737	0.21319445967674	-0.30765452980995	0.0052859783172607	-0.0032174191437662	-0.036607041954994	0.079444169998169	-0.094575613737106
0.44075638055801	-0.23243960738182	-0.22417838871479	0.21318572759628	-0.3074968457222	0.0052852481603622	-0.0032203439623117	-0.036607056856155	0.079444020986557	-0.094575941562653
0.44075483083725	-0.2324401140213	-0.22417867183685	0.21317985653877	-0.3073251247406	0.0052852407097816	-0.0032166216988117	-0.036606132984161	0.079444587230682	-0.094575710594654
0.44075804948807	-0.23243933916092	-0.22417809069157	0.21317395567894	-0.30715209245682	0.0052830949425697	-0.0032174866646528	-0.036607906222343	0.079443484544754	-0.09457590430975
0.44075489044189	-0.23244059085846	-0.22417812049389	0.21316912770271	-0.30699640512466	0.0052876248955727	-0.0032181174028665	-0.036606252193451	0.079444885253906	-0.094575852155685
0.44075471162796	-0.23243987560272	-0.2241784632206	0.21316073834896	-0.30682361125946	0.0052854493260384	-0.0032190338242799	-0.036606013774872	0.07944467663765	-0.094575896859169
0.44075587391853	-0.23243953287601	-0.2241784632206	0.21315032243729	-0.30665621161461	0.0052862018346786	-0.003217272926122	-0.036606997251511	0.079444020986557	-0.094575889408588
0.44075584411621	-0.2324403822422	-0.22417862713337	0.21314258873463	-0.30648961663246	0.0052859336137772	-0.0032179940026253	-0.036606699228287	0.07944443821907	-0.094575695693493
0.44075644016266	-0.23243975639343	-0.22417818009853	0.21313548088074	-0.30632293224335	0.0052851587533951	-0.0032182012218982	-0.036606833338737	0.079444289207458	-0.094575889408588
0.44075572490692	-0.23243790864944	-0.22417844831944	0.21313080191612	-0.30615729093552	0.0052844360470772	-0.0032189257908612	-0.036606535315514	0.079443842172623	-0.094575971364975
0.44075557589531	-0.2324398458004	-0.22417847812176	0.21313120424747	-0.30598729848862	0.0052856877446175	-0.0032170086633414	-0.036606431007385	0.079444289207458	-0.094575852155685
0.44075652956963	-0.23243997991085	-0.22417813539505	0.21312741935253	-0.30580919981003	0.0052836239337921	-0.0032174226362258	-0.036606758832932	0.079444199800491	-0.094575718045235
0.44075739383698	-0.2324396520853	-0.22417812049389	0.21312367916107	-0.30563595890999	0.0052831918001175	-0.0032189420890063	-0.03660736978054	0.07944393157959	-0.094575874507427
0.44075495004654	-0.23244087398052	-0.2241782695055	0.21312415599823	-0.30546742677689	0.0052862539887428	-0.0032179988920689	-0.03660649061203	0.07944443821907	-0.094575628638268
0.44075578451157	-0.23244039714336	-0.22417844831944	0.21312180161476	-0.30528864264488	0.0052841976284981	-0.0032175392843783	-0.036606773734093	0.079444229602814	-0.094575688242912
0.44075632095337	-0.23244053125381	-0.22417822480202	0.21312001347542	-0.30511784553528	0.0052863508462906	-0.0032184435985982	-0.036607131361961	0.079444110393524	-0.094575822353363
0.44075480103493	-0.23243890702724	-0.22417795658112	0.21311818063259	-0.30495491623878	0.0052861273288727	-0.0032175660599023	-0.036606222391129	0.079444348812103	-0.09457615762949
0.44075748324394	-0.23243825137615	-0.22417858242989	0.21311776340008	-0.30477485060692	0.0052841454744339	-0.0032155246008188	-0.036607414484024	0.079443454742432	-0.094575986266136
0.44075691699982	-0.23244053125381	-0.2241784632206	0.21310898661613	-0.30461040139198	0.0052841305732727	-0.0032194759696722	-0.036607220768929	0.079444229602814	-0.094575770199299
0.44075602293015	-0.23243995010853	-0.2241787314415	0.21310067176819	-0.30444532632828	0.0052850022912025	-0.0032195888925344	-0.036607101559639	0.079444080591202	-0.094575673341751
0.44075480103493	-0.2324398458004	-0.22417852282524	0.21309040486813	-0.30428043007851	0.0052832067012787	-0.0032159448601305	-0.036606401205063	0.07944455742836	-0.094575665891171
0.44075629115105	-0.23243866860867	-0.22417838871479	0.21308407187462	-0.3041028380394	0.0052833706140518	-0.0032202824950218	-0.036606684327126	0.079444080591202	-0.094575881958008
0.44075655937195	-0.23244017362595	-0.22417818009853	0.21308135986328	-0.30392703413963	0.0052848383784294	-0.0032162920106202	-0.036606848239899	0.079444289207458	-0.094575747847557
0.44075691699982	-0.2324406504631	-0.22417822480202	0.21307460963726	-0.30374652147293	0.0052824094891548	-0.003219137666747	-0.036607384681702	0.079444199800491	-0.094575643539429
0.44075587391853	-0.23243902623653	-0.22417844831944	0.21306416392326	-0.30357798933983	0.0052822902798653	-0.0032174526713789	-0.036606550216675	0.079444169998169	-0.094575881958008
0.44075679779053	-0.23244015872478	-0.22417829930782	0.21306325495243	-0.30339798331261	0.0052833557128906	-0.0032161467242986	-0.036607161164284	0.079444140195847	-0.09457565844059
0.44075652956963	-0.23243902623653	-0.22417816519737	0.21305780112743	-0.30322930216789	0.0052816271781921	-0.0032205786556005	-0.036606967449188	0.079444080591202	-0.094576142728329
0.44075539708138	-0.23243898153305	-0.2241784632206	0.21305269002914	-0.30305933952332	0.0052833035588264	-0.0032168824691325	-0.036606550216675	0.079444289207458	-0.094575986266136
0.44075605273247	-0.23243987560272	-0.22417819499969	0.21304714679718	-0.3028812110424	0.0052828565239906	-0.0032174014486372	-0.036606535315514	0.079444199800491	-0.094575777649879
0.44075682759285	-0.23244051635265	-0.2241782695055	0.21303868293762	-0.30270811915398	0.0052803009748459	-0.0032172161154449	-0.036607503890991	0.079444050788879	-0.094575800001621
0.4407551586628	-0.23243856430054	-0.22417835891247	0.21302607655525	-0.30253639817238	0.0052826404571533	-0.0032199013512582	-0.036606639623642	0.079444020986557	-0.094575732946396
0.44075506925583	-0.23243926465511	-0.22417877614498	0.21302033960819	-0.30236434936523	0.0052838623523712	-0.0032184955198318	-0.036606401205063	0.079444259405136	-0.094575636088848
0.4407564997673	-0.23244006931782	-0.22417840361595	0.21301281452179	-0.30219408869743	0.0052837431430817	-0.0032174903899431	-0.036606967449188	0.079444140195847	-0.094575650990009
0.44075471162796	-0.23243917524815	-0.22417858242989	0.21300418674946	-0.30202135443687	0.0052842870354652	-0.0032170321792364	-0.036605894565582	0.079444617033005	-0.094575792551041
0.44075736403465	-0.23243905603886	-0.2241784632206	0.21299847960472	-0.30183601379395	0.0052805170416832	-0.0032191146165133	-0.036607354879379	0.079443842172623	-0.094575792551041
0.44075709581375	-0.23243951797485	-0.22417825460434	0.21299323439598	-0.30166473984718	0.0052812770009041	-0.0032188654877245	-0.03660748898983	0.07944393157959	-0.09457578510046
0.44075581431389	-0.23243996500969	-0.22417832911015	0.21298365294933	-0.30149531364441	0.0052827745676041	-0.0032170743215829	-0.036606654524803	0.079444319009781	-0.094575650990009
0.44075664877892	-0.23243966698647	-0.22417822480202	0.21297526359558	-0.30132076144218	0.0052832365036011	-0.0032189034391195	-0.036607146263123	0.079444050788879	-0.094575732946396
0.44075292348862	-0.23243917524815	-0.22417837381363	0.2129663079977	-0.30114480853081	0.0052846893668175	-0.0032163211144507	-0.036605328321457	0.079444736242294	-0.094575725495815
0.44075548648834	-0.23243866860867	-0.22417837381363	0.21296244859695	-0.30095958709717	0.0052830055356026	-0.0032189772464335	-0.036606356501579	0.079444020986557	-0.094575881958008
0.44075453281403	-0.23243886232376	-0.22417818009853	0.21296070516109	-0.3007815182209	0.0052825137972832	-0.0032179956324399	-0.036606118083	0.079444259405136	-0.094576060771942
0.44075667858124	-0.23243863880634	-0.22417835891247	0.21296115219593	-0.30059993267059	0.0052814930677414	-0.003216287586838	-0.036606818437576	0.079443991184235	-0.094575971364975
0.44075456261635	-0.2324403822422	-0.22417815029621	0.21295967698097	-0.30042800307274	0.0052799433469772	-0.0032169241458178	-0.036606267094612	0.079444736242294	-0.09457578510046
0.44075533747673	-0.23243913054466	-0.22417809069157	0.21295766532421	-0.30025261640549	0.0052814856171608	-0.003219973994419	-0.036606401205063	0.079444259405136	-0.094576083123684
0.44075575470924	-0.2324395775795	-0.22417841851711	0.21295757591724	-0.30007228255272	0.005281113088131	-0.0032179416157305	-0.036606714129448	0.079444140195847	-0.094575978815556
0.44075593352318	-0.23243917524815	-0.22417779266834	0.21295657753944	-0.29988831281662	0.0052806735038757	-0.0032181888818741	-0.036606773734093	0.079444020986557	-0.094575822353363
0.44075486063957	-0.23243853449821	-0.22417829930782	0.21295410394669	-0.29971292614937	0.0052798315882683	-0.0032172598876059	-0.036605983972549	0.079444408416748	-0.09457603096962
0.44075533747673	-0.23243896663189	-0.22417870163918	0.21295739710331	-0.29953473806381	0.0052800327539444	-0.0032182838767767	-0.036606326699257	0.079444229602814	-0.094576045870781
0.44075724482536	-0.23243889212608	-0.22417841851711	0.21296128630638	-0.2993575334549	0.0052784085273743	-0.0032190084457397	-0.036607429385185	0.079443663358688	-0.094576075673103
0.44075468182564	-0.23243933916092	-0.22417840361595	0.21296162903309	-0.29918593168259	0.005281426012516	-0.0032177406828851	-0.036606252193451	0.079444378614426	-0.094576001167297
0.44075402617455	-0.23243945837021	-0.22417847812176	0.21296298503876	-0.29900649189949	0.0052816346287727	-0.0032167311292142	-0.036605820059776	0.079444497823715	-0.094575867056847
