-0.0039979191496968	0.034337557852268	0.50422126054764	-1.0266034603119	-0.49571985006332	0.0019626840949059	0.28667587041855	0.0026935338973999	0.13843831419945	-0.096790052950382
-0.0028970101848245	-0.081934101879597	0.15484829246998	-1.0269393920898	-0.51374590396881	0.0016441382467747	0.83150613307953	0.0022377967834473	0.11477965116501	-0.099319495260715
-0.0018877187976614	-0.087740354239941	0.11617369949818	-1.028289437294	-0.51020467281342	0.0015947706997395	0.7894161939621	0.0015717744827271	0.11086639761925	-0.099160358309746
-0.0016321551520377	-0.094776511192322	0.11308927834034	-1.0286749601364	-0.50831371545792	0.0016076564788818	0.97792941331863	0.0017725229263306	0.11159116029739	-0.098650962114334
-0.0017127003520727	-0.099602535367012	0.11341886222363	-1.0286836624146	-0.50819838047028	0.0016194470226765	0.75207281112671	0.002072811126709	0.11242949962616	-0.09836520254612
-0.0017518752720207	-0.10069312900305	0.11353889852762	-1.028670668602	-0.50842761993408	0.001620952039957	0.74351680278778	0.0021548271179199	0.11264064908028	-0.098315879702568
-0.0017409868305549	-0.10063683241606	0.11351551860571	-1.0286859273911	-0.50857800245285	0.0016208328306675	0.74028795957565	0.0021477937698364	0.11263573169708	-0.098320238292217
0.0047647696919739	-0.030487414449453	0.013583949767053	-1.0265189409256	-0.52384465932846	0.0015017613768578	0.89908933639526	-0.00082015991210938	0.095619797706604	-0.10493748635054
-0.0029549074824899	0.12019625306129	0.60039269924164	-1.0093767642975	-0.48560547828674	0.0019905231893063	0.38599893450737	0.00078994035720825	0.13869369029999	-0.10198440402746
-0.004688142798841	0.12788817286491	0.67153578996658	-1.0073782205582	-0.4840372800827	0.0021029934287071	0.57934057712555	0.0018128156661987	0.14458972215652	-0.099069073796272
-0.0056944349780679	0.084230594336987	0.59202671051025	-1.007958650589	-0.48612007498741	0.0020391419529915	0.53802525997162	0.0029821395874023	0.14188313484192	-0.098373532295227
-0.0058108153752983	0.061866320669651	0.54287600517273	-1.0081067085266	-0.48599272966385	0.0019923895597458	0.56053322553635	0.0032026171684265	0.13952374458313	-0.098330453038216
-0.0053154602646828	0.041771113872528	0.49915906786919	-1.008228302002	-0.48562273383141	0.0019535720348358	0.52151888608932	0.0029962658882141	0.13737744092941	-0.09823440015316
-0.0048975581303239	0.023131974041462	0.45762559771538	-1.0083496570587	-0.48544779419899	0.0019167363643646	0.59646689891815	0.0028483867645264	0.13524162769318	-0.098151974380016
-0.0051654097624123	0.0070879720151424	0.41770619153976	-1.0085507631302	-0.48506420850754	0.0018798895180225	0.61368924379349	0.0031312704086304	0.13287782669067	-0.098281964659691
-0.0040588537231088	-0.0098400404676795	0.3795537352562	-1.0086772441864	-0.48503419756889	0.0018463358283043	0.62873619794846	0.0025393962860107	0.13088309764862	-0.098106659948826
-0.0038915346376598	-0.025447921827435	0.34280893206596	-1.0088871717453	-0.4853640794754	0.0018170438706875	0.64276075363159	0.0026156306266785	0.12882161140442	-0.097955644130707
-0.0036750775761902	-0.03848510608077	0.30721113085747	-1.0092324018478	-0.48587441444397	0.0017843209207058	0.65761148929596	0.0025599002838135	0.12650376558304	-0.098079308867455
-0.0028457189910114	-0.04979956522584	0.27276489138603	-1.0091409683228	-0.4858293235302	0.0017514824867249	0.60658746957779	0.0020104050636292	0.12401509284973	-0.098251670598984
-0.0033215840812773	-0.060430005192757	0.23938149213791	-1.009180188179	-0.48525488376617	0.0017211586236954	0.68912374973297	0.002490222454071	0.12160152196884	-0.098384082317352
-0.0029531482141465	-0.061423499137163	0.23574107885361	-1.0086691379547	-0.48383101820946	0.0017173252999783	0.69461709260941	0.0022380352020264	0.12132954597473	-0.098396025598049
-0.0024374595377594	-0.081883110105991	0.17942513525486	-1.0088038444519	-0.48482868075371	0.0016738511621952	0.7084087729454	0.0022662878036499	0.11768567562103	-0.098213329911232
-0.0021767946891487	-0.092260591685772	0.14656428992748	-1.0091496706009	-0.485018491745	0.0016484744846821	0.724145591259	0.002382218837738	0.11536592245102	-0.098163142800331
-0.0013797198189422	-0.099609188735485	0.11696906387806	-1.0091197490692	-0.48553106188774	0.0016222670674324	0.73669511079788	0.0018535256385803	0.11290401220322	-0.09829768538475
-0.0024225423112512	-0.098475910723209	0.11358965933323	-1.0095344781876	-0.48417168855667	0.0016174353659153	0.66838711500168	0.0025585889816284	0.1122887134552	-0.098517335951328
-0.0017559403786436	-0.10682272911072	0.08824860304594	-1.0099573135376	-0.48423427343369	0.0016012191772461	0.75061047077179	0.0023863911628723	0.11061662435532	-0.098378837108612
-0.0010478497715667	-0.11335033923388	0.061093937605619	-1.0101059675217	-0.48477405309677	0.0015788301825523	0.76111501455307	0.0020167827606201	0.10838162899017	-0.098375841975212
-0.00078568584285676	-0.11852397024632	0.034411706030369	-1.0102515220642	-0.48464387655258	0.0015287846326828	0.78675788640976	0.0020365715026855	0.1060237288475	-0.098430119454861
-0.00091209058882669	-0.12261422723532	0.0085333352908492	-1.0106991529465	-0.48445320129395	0.0015362352132797	0.78143346309662	0.002320408821106	0.10361176729202	-0.098567344248295
-0.00012697034981102	-0.130764529109	-0.037939138710499	-1.0113948583603	-0.48533535003662	0.0014822259545326	0.81198585033417	0.0023328065872192	0.099558353424072	-0.098527610301971
0.00091783446259797	-0.13220973312855	-0.064004391431808	-1.0112468004227	-0.48485180735588	0.0014834329485893	0.7274569272995	0.0017162561416626	0.096779227256775	-0.098633818328381
0.0013529103016481	-0.13402864336967	-0.086989268660545	-1.0110077857971	-0.48440572619438	0.0014708414673805	0.81575202941895	0.0016834735870361	0.094473361968994	-0.098614551126957
0.001637373236008	-0.13501559197903	-0.10897162556648	-1.0109808444977	-0.48418584465981	0.0014573037624359	0.82241249084473	0.0017948150634766	0.092209339141846	-0.098650686442852
0.0020512067712843	-0.13504004478455	-0.13020248711109	-1.0110310316086	-0.48402762413025	0.0014372542500496	0.83003443479538	0.0018141269683838	0.08991801738739	-0.098695352673531
0.0022390317171812	-0.13478693366051	-0.15061487257481	-1.0112943649292	-0.48405039310455	0.0014421939849854	0.83208501338959	0.0020970106124878	0.0877306163311	-0.098710402846336
0.0035000769421458	-0.13323889672756	-0.17033566534519	-1.0111972093582	-0.48429691791534	0.0014505758881569	0.75025403499603	0.0014041662216187	0.085431456565857	-0.098748631775379
0.0037063900381327	-0.12977628409863	-0.18950670957565	-1.0111086368561	-0.48400786519051	0.0014532431960106	0.83240222930908	0.0015887022018433	0.082920014858246	-0.09878933429718
0.0037997683975846	-0.12661163508892	-0.20781862735748	-1.0114337205887	-0.4837449491024	0.0014528930187225	0.83012342453003	0.0020712614059448	0.080657869577408	-0.098813205957413
0.0044740475714207	-0.12252338975668	-0.22533890604973	-1.0118094682693	-0.48368957638741	0.0014701262116432	0.82940423488617	0.0019854307174683	0.078361362218857	-0.098898187279701
0.0056301695294678	-0.11696784198284	-0.24221755564213	-1.0117833614349	-0.48343887925148	0.0014818012714386	0.82325285673141	0.0014301538467407	0.075925886631012	-0.098903670907021
0.0053258878178895	-0.11498855054379	-0.24425010383129	-1.0115302801132	-0.48196741938591	0.0015230029821396	0.81438457965851	0.0017112493515015	0.075407177209854	-0.098895326256752
0.0063797109760344	-0.11177944391966	-0.25840985774994	-1.0115365982056	-0.48209416866302	0.0014931038022041	0.74318766593933	0.0014238357543945	0.073713630437851	-0.098864987492561
0.0083041982725263	-0.099446728825569	-0.28625479340553	-1.0114271640778	-0.48308411240578	0.0015767738223076	0.79817605018616	0.00096797943115234	0.069559633731842	-0.098858773708344
0.0084281079471111	-0.088365852832794	-0.30182322859764	-1.0115401744843	-0.48269903659821	0.0016115009784698	0.78710162639618	0.0016188621520996	0.066669493913651	-0.098866932094097
0.0084003303200006	-0.084547705948353	-0.30384412407875	-1.0115683078766	-0.48096525669098	0.0016180910170078	0.78081780672073	0.001562237739563	0.065877884626389	-0.09895732998848
0.010354390367866	-0.070775344967842	-0.32577782869339	-1.0119614601135	-0.48187264800072	0.0016576126217842	0.77191120386124	0.0015004873275757	0.062418550252914	-0.099004089832306
0.011947412975132	-0.058429777622223	-0.338293582201	-1.0117663145065	-0.4823294878006	0.0016897991299629	0.75845909118652	0.00091934204101562	0.059792250394821	-0.099083423614502
0.011647501960397	-0.056097265332937	-0.33961805701256	-1.0115365982056	-0.48223346471786	0.0016992464661598	0.6762467622757	0.0011656284332275	0.059247404336929	-0.099295504391193
0.011386383324862	-0.055036351084709	-0.33964782953262	-1.0116540193558	-0.48187857866287	0.0017010904848576	0.74927234649658	0.0012792348861694	0.058976471424103	-0.099583633244038
0.011280528269708	-0.054246533662081	-0.33969482779503	-1.0117456912994	-0.48128658533096	0.0017023235559464	0.74741268157959	0.0012719631195068	0.058803856372833	-0.099657244980335
0.010947527363896	-0.17980536818504	-0.44548168778419	-1.0116649866104	-0.47662845253944	0.006400853395462	-0.003962729126215	0.00094485282897949	0.059781283140182	-0.093432195484638
0.010876437649131	-0.19352553784847	-0.45684045553207	-1.0117689371109	-0.47169488668442	0.0070580020546913	-0.0034578579943627	0.00092720985412598	0.059857487678528	-0.092746809124947
0.0088129248470068	-0.28236410021782	-0.48939815163612	-1.0117974281311	-0.46222847700119	0.010847881436348	-0.0039014623034745	0.00099897384643555	0.064517289400101	-0.089018814265728
0.0077734827063978	-0.31949695944786	-0.49730411171913	-1.0117491483688	-0.45621973276138	0.01226357370615	-0.0034908305387944	0.0010547637939453	0.066955059766769	-0.087509743869305
0.007687009871006	-0.32337120175362	-0.49815264344215	-1.0116845369339	-0.45348653197289	0.01242296397686	-0.0036114691756666	0.0010496377944946	0.067193359136581	-0.087343722581863
0.0052368249744177	-0.39474049210548	-0.49016678333282	-1.0112419128418	-0.44458585977554	0.015356205403805	-0.0039525674656034	0.001198410987854	0.074174046516418	-0.084506064653397
0.0035200465936214	-0.43513119220734	-0.46481040120125	-1.0107299089432	-0.43349394202232	0.01717010140419	-0.0038830698467791	0.0012900829315186	0.080238670110703	-0.08276204764843
0.0018561067990959	-0.4581952393055	-0.42207959294319	-1.0104908943176	-0.42148524522781	0.018651857972145	-0.0037473444826901	0.0014212131500244	0.086741536855698	-0.081496894359589
0.0016415510326624	-0.46068131923676	-0.41749128699303	-1.0104366540909	-0.41792836785316	0.018758036196232	-0.0036584970075637	0.0014396905899048	0.087444186210632	-0.081327766180038
0.00037832299130969	-0.4638903439045	-0.36230197548866	-1.0110658407211	-0.41009339690208	0.019315592944622	-0.0038523159455508	0.0015363693237305	0.093601077795029	-0.080706097185612
-0.00083091703709215	-0.45232200622559	-0.28851357102394	-1.0113564729691	-0.40162426233292	0.019711494445801	-0.0037577238399535	0.0016142129898071	0.10052236914635	-0.080425046384335
-0.0009208542178385	-0.45096853375435	-0.28059071302414	-1.0081264972687	-0.39687240123749	0.019853830337524	-0.0036362372338772	0.0016573667526245	0.10122972726822	-0.080384455621243
-0.0025423725601286	-0.40766307711601	-0.15761494636536	-1.0082349777222	-0.38111883401871	0.019488207995892	-0.0036741632502526	0.0019198656082153	0.11068654060364	-0.080966599285603
-0.0024927200283855	-0.40331071615219	-0.14441080391407	-1.0097762346268	-0.37514439225197	0.019411776214838	-0.0037593387532979	0.0017880201339722	0.11172357201576	-0.080944761633873
-0.0040030679665506	-0.30777674913406	0.046183872967958	-1.0085941553116	-0.3592814207077	0.017222113907337	-0.0034997116308659	0.0020390748977661	0.12340277433395	-0.083191223442554
-0.0041949395090342	-0.29763755202293	0.066648811101913	-1.0076731443405	-0.35460484027863	0.016878120601177	-0.003815311472863	0.0020819902420044	0.12462204694748	-0.083368793129921
-0.0042053670622408	-0.29642871022224	0.068846084177494	-1.008467912674	-0.35182386636734	0.016849096864462	-0.0035788067616522	0.0020772218704224	0.12473884224892	-0.083399444818497
-0.0041824756190181	-0.29622483253479	0.069081977009773	-1.0067484378815	-0.34881764650345	0.016941528767347	-0.0034487475641072	0.0020769238471985	0.12472730875015	-0.083406500518322
-0.0041899946518242	-0.29625234007835	0.069107629358768	-1.0062223672867	-0.34643402695656	0.016782596707344	-0.0035033617168665	0.0020568370819092	0.12473982572556	-0.083397261798382
-0.0042862617410719	-0.2963103055954	0.069109685719013	-1.0053894519806	-0.34436103701591	0.016642592847347	-0.0035842955112457	0.0021175146102905	0.12475562095642	-0.083396829664707
-0.0042171557433903	-0.29625150561333	0.069110438227654	-1.005179643631	-0.34333157539368	0.016659375280142	-0.0035555921494961	0.0020806789398193	0.12474572658539	-0.083403043448925
-0.0058782417327166	0.026070419698954	0.55357021093369	-1.0047783851624	-0.31841811537743	0.0061721168458462	-0.0026557520031929	0.0023893117904663	0.14301803708076	-0.09485487639904
-0.0060557965189219	0.11943702399731	0.68219971656799	-1.0053563117981	-0.3091256916523	0.0027734041213989	0.47127085924149	0.0024725198745728	0.14594838023186	-0.098147861659527
-0.0059725525788963	0.12755982577801	0.69622218608856	-1.0047875642776	-0.30578774213791	0.0021421685814857	0.64465302228928	0.0025537014007568	0.14655622839928	-0.098312094807625
-0.0060435361228883	0.12947662174702	0.69751715660095	-1.0046330690384	-0.30534905195236	0.0027618445456028	0.49068933725357	0.0024957060813904	0.14644736051559	-0.098398827016354
-0.0060641327872872	0.13105683028698	0.69765591621399	-1.0046654939651	-0.30592906475067	0.0039766207337379	0.22223344445229	0.0024075508117676	0.14620164036751	-0.098615936934948
-0.0059640272520483	0.12937277555466	0.69767099618912	-1.0045479536057	-0.30652868747711	0.0021681450307369	0.57337087392807	0.0024266242980957	0.14649748802185	-0.098289877176285
-0.0019494005246088	0.014534279704094	0.44383883476257	-1.003177523613	-0.31481602787971	0.0019164606928825	0.57225626707077	0.00079566240310669	0.13475030660629	-0.09794944524765
-0.0062058391049504	0.013226287439466	0.41577684879303	-1.0032720565796	-0.31175053119659	0.0018640756607056	0.83052206039429	0.0032880902290344	0.13148352503777	-0.099335752427578
-0.0058778044767678	-0.029617132619023	0.31459328532219	-1.0045971870422	-0.31078597903252	0.001780416816473	0.79556715488434	0.0038648843765259	0.12600284814835	-0.098914727568626
-0.0043229386210442	-0.046959716826677	0.27326339483261	-1.0053156614304	-0.30866968631744	0.0017476156353951	0.7129470705986	0.0030711889266968	0.12371492385864	-0.098621040582657
-0.0032845151145011	-0.059775207191706	0.23937593400478	-1.005575299263	-0.30741518735886	0.0017204508185387	0.69579565525055	0.002441942691803	0.12152975797653	-0.098474688827991
-0.0028607898857445	-0.082280308008194	0.17985734343529	-1.0061515569687	-0.30817094445229	0.0016759559512138	0.71141290664673	0.0026899576187134	0.11784240603447	-0.098134770989418
-0.003445222042501	-0.091218441724777	0.14652223885059	-1.0070295333862	-0.30795723199844	0.0016501732170582	0.72536498308182	0.0033107995986938	0.11522233486176	-0.098359495401382
-0.0027718557976186	-0.092153877019882	0.14291575551033	-1.0073775053024	-0.30721405148506	0.0016456805169582	0.7292503118515	0.0028073787689209	0.11492896080017	-0.098361916840076
-0.00031983200460672	-0.089546345174313	0.14217965304852	-1.0068278312683	-0.30612921714783	0.0016381964087486	0.65833377838135	0.00061637163162231	0.11430892348289	-0.098576545715332
-0.0021937657147646	-0.088146887719631	0.14198826253414	-1.0067163705826	-0.30329105257988	0.0015955679118633	0.75363427400589	0.0019605159759521	0.11399954557419	-0.09864480048418
0.00058473134413362	-0.12924244999886	-0.023379119113088	-1.0080407857895	-0.30955013632774	0.0015156269073486	0.84973973035812	0.0017187595367432	0.10105863213539	-0.098473288118839
0.0016157770296559	-0.13211522996426	-0.06259798258543	-1.0076061487198	-0.30911174416542	0.0014878883957863	0.79574596881866	0.0012569427490234	0.096947222948074	-0.098437838256359
0.00042051676427945	-0.13146211206913	-0.066756822168827	-1.0080863237381	-0.30819615721703	0.0014825761318207	0.80739629268646	0.0020906925201416	0.096317499876022	-0.098658695816994
0.00036096334224567	-0.13259293138981	-0.066991500556469	-1.0082198381424	-0.30870181322098	0.0014848336577415	0.80751514434814	0.0021747350692749	0.096478939056396	-0.098641492426395
0.0045661358162761	-0.13615225255489	-0.16101509332657	-1.0084413290024	-0.31320869922638	0.0014508068561554	0.90060317516327	0.00053822994232178	0.086933583021164	-0.098640613257885
0.0028010990936309	-0.12886169552803	-0.1721108853817	-1.007945895195	-0.31071135401726	0.001446507871151	1.0962851047516	0.0018103122711182	0.084482878446579	-0.098857462406158
0.003806960536167	-0.12451815605164	-0.20616582036018	-1.008220911026	-0.30985695123672	0.0014595240354538	0.82562255859375	0.001839280128479	0.080435663461685	-0.09892400354147
0.0048922528512776	-0.11662845313549	-0.24028673768044	-1.0088667869568	-0.30939748883247	0.001476489007473	0.82630920410156	0.0021021366119385	0.076068639755249	-0.098897755146027
0.0074141104705632	-0.10485769808292	-0.27170816063881	-1.0085853338242	-0.30915233492851	0.0015460029244423	0.88055551052094	0.0010188817977905	0.071531027555466	-0.098893098533154
0.0067261592485011	-0.10065729916096	-0.2754844725132	-1.0082138776779	-0.30724927783012	0.0015722513198853	0.79099637269974	0.001612663269043	0.070496469736099	-0.098905526101589
0.0091634765267372	-0.081573635339737	-0.31197410821915	-1.0089123249054	-0.30871886014938	0.0016154386103153	0.91470366716385	0.0016692876815796	0.064977407455444	-0.098947048187256
0.01066511683166	-0.069613732397556	-0.32683312892914	-1.008920788765	-0.30878901481628	0.0016598701477051	0.77017050981522	0.001326322555542	0.062193512916565	-0.098943576216698
0.011291645467281	-0.059457469731569	-0.33816185593605	-1.0093379020691	-0.30978053808212	0.0016916543245316	0.76306688785553	0.0016515254974365	0.059936136007309	-0.099256724119186
0.011322138831019	-0.055904299020767	-0.339584171772	-1.0096998214722	-0.30972641706467	0.0017008297145367	0.74866491556168	0.0015467405319214	0.059210449457169	-0.09943725168705
0.012207509949803	-0.095504574477673	-0.39259678125381	-1.0098965167999	-0.31139340996742	0.0020531639456749	0.79847925901413	0.0010256767272949	0.057332843542099	-0.097276583313942
0.012326154857874	-0.099525295197964	-0.39828908443451	-1.0100389719009	-0.31139802932739	0.0020986124873161	0.78876572847366	0.00093936920166016	0.057065904140472	-0.097016043961048
0.011009300127625	-0.18468621373177	-0.45177328586578	-1.0112068653107	-0.30596888065338	0.0055789910256863	0.0012050678487867	0.00090479850769043	0.059557735919952	-0.093143977224827
0.0095418989658356	-0.25280633568764	-0.48125073313713	-1.0115921497345	-0.30008661746979	0.0085921511054039	-0.0035279779694974	0.00095474720001221	0.06273353099823	-0.090216375887394
0.0093474229797721	-0.25995606184006	-0.48441553115845	-1.0115904808044	-0.29820027947426	0.0088253654539585	-0.0034739400725812	0.00097775459289551	0.063030064105988	-0.089904837310314
0.0093823848292232	-0.26059737801552	-0.48475548624992	-1.0127849578857	-0.29581141471863	0.0086589753627777	-0.0037416804116219	0.00095546245574951	0.063036173582077	-0.089885883033276
0.0095174014568329	-0.26063358783722	-0.48479220271111	-1.0097420215607	-0.28930902481079	0.0097356103360653	-0.0039114998653531	0.00097382068634033	0.063010931015015	-0.089892394840717
0.0046206759288907	-0.40652051568031	-0.47843918204308	-1.0096888542175	-0.27003306150436	0.015928693115711	-0.0043155620805919	0.001267671585083	0.076456427574158	-0.084103502333164
0.0021104947663844	-0.45512926578522	-0.42354273796082	-1.0084095001221	-0.25409391522408	0.018412046134472	-0.0037502353079617	0.0013672113418579	0.086332976818085	-0.081687226891518
0.00034754682565108	-0.4635803103447	-0.36295160651207	-1.0083607435226	-0.2423859089613	0.019264526665211	-0.0036983273457736	0.001577615737915	0.093531966209412	-0.080738477408886
-0.00028294065850787	-0.46015608310699	-0.32404485344887	-1.007475733757	-0.2360614836216	0.019509389996529	-0.0037455041892827	0.0015887022018433	0.09738352894783	-0.080464519560337
-0.00039651765837334	-0.45965382456779	-0.31986737251282	-1.0064101219177	-0.23407657444477	0.019468553364277	-0.0037199936341494	0.0016145706176758	0.097775667905807	-0.080435171723366
-0.00042924893205054	-0.45956367254257	-0.3194188773632	-1.0060478448868	-0.2331779897213	0.019457012414932	-0.0037167272530496	0.0016224980354309	0.09781488776207	-0.080431684851646
-0.00033673038706183	-0.45938414335251	-0.31937074661255	-1.0083136558533	-0.230324447155	0.019699200987816	-0.0037311338819563	0.0015676021575928	0.09779080748558	-0.080445684492588
-0.0027743934188038	-0.38851583003998	-0.11674289405346	-1.0062574148178	-0.21068948507309	0.018990032374859	-0.0038257469423115	0.0018950700759888	0.11338047683239	-0.081413425505161
-0.0033289114944637	-0.3582281768322	-0.048255354166031	-1.0059560537338	-0.20226699113846	0.018444731831551	-0.0037526302039623	0.0019235610961914	0.11796863377094	-0.081901684403419
-0.0038474937900901	-0.32984763383865	0.0072405068203807	-1.0057153701782	-0.19692555069923	0.017666228115559	-0.0036223612260073	0.0020359754562378	0.12128630280495	-0.082562834024429
-0.0037583482917398	-0.32678556442261	0.01319929305464	-1.0048861503601	-0.19454571604729	0.017668433487415	-0.0036315869074315	0.0019784569740295	0.12162591516972	-0.08262212574482
-0.0038221650756896	-0.32642865180969	0.013839177787304	-1.0037351846695	-0.19286718964577	0.017573866993189	-0.0035186391323805	0.0020155310630798	0.12166093289852	-0.082632601261139
-0.0046010343357921	-0.24051505327225	0.16393326222897	-1.0048414468765	-0.18169608712196	0.015473511070013	-0.0032625594176352	0.0021065473556519	0.12949950993061	-0.085044875741005
-0.0047880583442748	-0.23127239942551	0.18004958331585	-1.003607749939	-0.17770048975945	0.015162080526352	-0.0036104700993747	0.0021643042564392	0.13028727471828	-0.085291340947151
-0.0048094135709107	-0.230524122715	0.18177996575832	-1.0026679039001	-0.17503532767296	0.014972433447838	-0.0035345568321645	0.0021802186965942	0.13041578233242	-0.08527047932148
-0.0057528084143996	-0.066204749047756	0.43232828378677	-1.0018275976181	-0.16394996643066	0.0090738199651241	-0.0031181236263365	0.0023491978645325	0.14016638696194	-0.090870410203934
-0.0057451254688203	-0.048700377345085	0.45923069119453	-1.0019572973251	-0.16231805086136	0.0086245834827423	-0.0037057518493384	0.0023113489151001	0.14108385145664	-0.091406635940075
-0.0058508845977485	-0.046811580657959	0.46211943030357	-1.001590013504	-0.16122756898403	0.0085519626736641	-0.0033004726283252	0.0023746490478516	0.14118529856205	-0.091459795832634
-0.0061834049411118	0.11318603903055	0.67238020896912	-1.0009868144989	-0.15071545541286	0.0030957497656345	0.32336330413818	0.0025413632392883	0.14554834365845	-0.098109856247902
-0.006126987747848	0.15420697629452	0.72680991888046	-1.0019114017487	-0.14460870623589	0.00215008482337	0.64622116088867	0.0026898384094238	0.14678786695004	-0.099420040845871
-0.006086319219321	0.158980935812	0.73255223035812	-1.0018972158432	-0.14362804591656	0.0021532215178013	0.52115643024445	0.0025742650032043	0.14683245122433	-0.09970011562109
-0.005111136008054	0.11047802865505	0.64068639278412	-1.0019702911377	-0.14596411585808	0.002073846757412	0.52004098892212	0.0022603273391724	0.14354605972767	-0.098984614014626
-0.0061148745007813	0.10735804587603	0.63061285018921	-1.0019034147263	-0.14562836289406	0.002063013613224	0.53200972080231	0.0028961896896362	0.14283993840218	-0.099221900105476
-0.0061275255866349	0.082615979015827	0.58745366334915	-1.0021296739578	-0.14550048112869	0.0020331293344498	0.54520869255066	0.0032920837402344	0.14162673056126	-0.098351709544659
-0.0042228507809341	0.041860710829496	0.5041463971138	-1.0023763179779	-0.14646261930466	0.0019601881504059	0.57231736183167	0.0022999048233032	0.13796883821487	-0.097901999950409
-0.0048156147822738	0.039468698203564	0.49497404694557	-1.0020495653152	-0.14553228020668	0.001949854195118	0.52523881196976	0.0026749968528748	0.13721525669098	-0.098122246563435
-0.0047259735874832	0.038194946944714	0.49410250782967	-1.001793384552	-0.14508014917374	0.0019506216049194	0.58403140306473	0.0026555061340332	0.13731810450554	-0.097995482385159
-0.0044125779531896	0.0068627377040684	0.42186084389687	-1.0021431446075	-0.14647343754768	0.001885250210762	0.60384833812714	0.0026699304580688	0.13341942429543	-0.098035529255867
-0.0051232376135886	-0.022673308849335	0.34723058342934	-1.0031114816666	-0.14745688438416	0.001818310469389	0.63575106859207	0.0034966468811035	0.12895992398262	-0.098128899931908
-0.0041317143477499	-0.036292415112257	0.30742415785789	-1.0032575130463	-0.14685833454132	0.0017811842262745	0.65888077020645	0.0028253793716431	0.12621465325356	-0.098361991345882
-0.0042961821891367	-0.037571847438812	0.30315351486206	-1.0029202699661	-0.14560270309448	0.0017768628895283	0.59848028421402	0.0029480457305908	0.12586550414562	-0.098370164632797
-0.0047548501752317	-0.037935271859169	0.30275222659111	-1.0030701160431	-0.14524161815643	0.0017789416015148	0.66227996349335	0.0032823085784912	0.12587696313858	-0.09837406873703
-0.002523674396798	-0.077940963208675	0.1864300519228	-1.0031143426895	-0.14824597537518	0.0016751140356064	0.83616888523102	0.0021926164627075	0.11794243752956	-0.098439179360867
-0.0029450666625053	-0.077618569135666	0.17321901023388	-1.0024341344833	-0.14654718339443	0.0016550198197365	0.71809715032578	0.0024077296257019	0.11622780561447	-0.098721958696842
-0.0022418489679694	-0.079603433609009	0.17216718196869	-1.001385807991	-0.14528051018715	0.0016577430069447	0.7223082780838	0.0019265413284302	0.11638259887695	-0.098589904606342
-0.0017395791364834	-0.080825001001358	0.17223009467125	-1.0000734329224	-0.14442947506905	0.0016620606184006	0.65013110637665	0.0015813112258911	0.11655496060848	-0.098455861210823
-0.0044517419300973	-0.074142076075077	0.17122574150562	-0.99997961521149	-0.143301025033	0.0016448125243187	0.72525238990784	0.0032068490982056	0.11536271870136	-0.099140383303165
-0.0051097967661917	-0.072658479213715	0.17088270187378	-1.0004103183746	-0.14054600894451	0.0016429573297501	0.73095035552979	0.0037825107574463	0.11518283188343	-0.09925577044487
-0.0044324458576739	-0.077189289033413	0.17154709994793	-1.0006996393204	-0.13877493143082	0.0016554556787014	0.7264711856842	0.0034962892532349	0.11602434515953	-0.098822668194771
0.00071729894261807	-0.13692420721054	-0.060594268143177	-1.0016950368881	-0.15176053345203	0.0014662221074104	0.86662912368774	0.0023019909858704	0.098264783620834	-0.09851162135601
0.0018558606971055	-0.13668298721313	-0.12493243813515	-1.0013284683228	-0.15305387973785	0.0014481842517853	0.79622602462769	0.002075731754303	0.090877085924149	-0.098581224679947
0.0024483324959874	-0.13216263055801	-0.15048605203629	-1.0013384819031	-0.15205724537373	0.0014388635754585	1.2169072628021	0.0018126368522644	0.087336003780365	-0.098769932985306
0.003692323109135	-0.13233253359795	-0.1870246976614	-1.0013208389282	-0.15280909836292	0.0014489144086838	0.97873669862747	0.0017611980438232	0.083647862076759	-0.098663866519928
0.0032107655424625	-0.12583167850971	-0.19184900820255	-1.0009635686874	-0.15128959715366	0.0014501661062241	0.8357253074646	0.0018833875656128	0.082031637430191	-0.098972849547863
0.0035193592775613	-0.12682716548443	-0.19216386973858	-1.000426530838	-0.1496437638998	0.0014597773551941	0.83255308866501	0.0017085671424866	0.082164898514748	-0.098864674568176
0.0040129511617124	-0.12759885191917	-0.19203224778175	-0.99955898523331	-0.14848598837852	0.0014459192752838	0.74998199939728	0.0012841820716858	0.082283332943916	-0.098857901990414
0.0044017871841788	-0.12747630476952	-0.19206428527832	-0.99824625253677	-0.14726392924786	0.0014543160796165	0.82966423034668	0.00094449520111084	0.082247778773308	-0.098787330091
0.0043030716478825	-0.12851487100124	-0.19196146726608	-0.99711686372757	-0.14616896212101	0.0014453530311584	0.83413475751877	0.0011026263237	0.082440555095673	-0.098689302802086
0.012817025184631	-0.075861752033234	-0.32259967923164	-0.99446314573288	-0.16007013618946	0.001636914908886	0.90353900194168	0.00013834238052368	0.063945174217224	-0.099273316562176
0.013560462743044	-0.050440065562725	-0.34699502587318	-0.99283295869827	-0.16153740882874	0.0017112605273724	0.74348133802414	0.00051689147949219	0.058257713913918	-0.099181577563286
0.012746063061059	-0.042220130562782	-0.35042265057564	-0.99254059791565	-0.16064292192459	0.00173095241189	0.65888142585754	0.0011349320411682	0.05664399266243	-0.099142223596573
0.012183357961476	-0.040198475122452	-0.35099732875824	-0.99321174621582	-0.15913900732994	0.0017420426011086	0.72786235809326	0.0017231702804565	0.056278377771378	-0.09916490316391
0.012485295534134	-0.041361093521118	-0.3508095741272	-0.99330717325211	-0.15844193100929	0.0017358399927616	0.73290771245956	0.0014588236808777	0.056480273604393	-0.099201202392578
0.012391100637615	-0.038627985864878	-0.3509213924408	-0.99332761764526	-0.15664127469063	0.0017389394342899	0.72601878643036	0.0012075901031494	0.055893838405609	-0.09944710880518
0.012389129959047	-0.037764199078083	-0.35094743967056	-0.99323183298111	-0.154466599226	0.0017396807670593	0.72059297561646	0.0010543465614319	0.055687680840492	-0.099516041576862
0.012474400922656	-0.038639694452286	-0.35081893205643	-0.99315899610519	-0.15263570845127	0.0017377324402332	0.65099066495895	0.0010280609130859	0.055834412574768	-0.099533602595329
0.012465816922486	-0.039717093110085	-0.35061547160149	-0.99310892820358	-0.15129226446152	0.0017354376614094	0.72956764698029	0.0010561347007751	0.056024774909019	-0.099579259753227
0.012754026800394	-0.039437688887119	-0.35065576434135	-0.99268972873688	-0.14978072047234	0.0017364621162415	0.72790348529816	0.00075244903564453	0.055970638990402	-0.099553637206554
0.0035428102128208	-0.40862780809402	-0.43173325061798	-0.98910194635391	-0.12270383536816	0.016148991882801	-0.0058007752522826	0.0013064742088318	0.081723093986511	-0.084144830703735
0.001923450618051	-0.45515012741089	-0.41852754354477	-0.98976278305054	-0.11196061968803	0.018298655748367	-0.0032201656140387	0.0014153718948364	0.08687698841095	-0.081664532423019
0.0010473653674126	-0.4639131128788	-0.39151558279991	-0.99018388986588	-0.10466134548187	0.019028514623642	-0.0036291994620115	0.0014683604240417	0.090493306517601	-0.080978237092495
0.00096716725965962	-0.46450120210648	-0.38861495256424	-0.99171447753906	-0.10141939669847	0.019032053649426	-0.0037347949109972	0.0014626979827881	0.090822339057922	-0.080916777253151
0.00091610569506884	-0.46471190452576	-0.38830381631851	-0.9920392036438	-0.099331319332123	0.01901963353157	-0.0037116147577763	0.0014830827713013	0.090880632400513	-0.08089505136013
-0.0014071370242164	-0.44115951657295	-0.25303941965103	-0.99112397432327	-0.086525961756706	0.019298709928989	-0.0039327079430223	0.0017427206039429	0.10337856411934	-0.080587834119797
-0.0013578206999227	-0.43845760822296	-0.23851574957371	-0.9896833896637	-0.079084657132626	0.019793592393398	-0.0037155076861382	0.0016634464263916	0.10465653240681	-0.080499723553658
-0.0016516695031896	-0.43848320841789	-0.23695653676987	-0.98910474777222	-0.074568331241608	0.019818101078272	-0.0036432382185012	0.0017808675765991	0.10486745834351	-0.080450162291527
-0.0015826872549951	-0.43841016292572	-0.23678901791573	-0.98936975002289	-0.07196007668972	0.019651636481285	-0.0037137246690691	0.0017210841178894	0.10487729310989	-0.080437481403351
-0.0041526812128723	-0.28278878331184	0.086370781064034	-0.98749709129333	-0.047260634601116	0.016424108296633	-0.0037427071947604	0.002075731754303	0.12536871433258	-0.084064424037933
-0.0046907030045986	-0.23617148399353	0.17172122001648	-0.98714983463287	-0.038106814026833	0.015342455357313	-0.0038072864990681	0.0021414756774902	0.12992054224014	-0.085143521428108
-0.0047606094740331	-0.23100514709949	0.18088586628437	-0.98751813173294	-0.035193294286728	0.015012785792351	-0.0036346658598632	0.0021430850028992	0.13036993145943	-0.085269972681999
-0.0051330216228962	-0.1666556596756	0.28359085321426	-0.98519670963287	-0.028261162340641	0.013039320707321	-0.0032569239847362	0.0022053718566895	0.13484689593315	-0.08729962259531
-0.0054033100605011	-0.15968056023121	0.29461911320686	-0.98407059907913	-0.025705263018608	0.012539327144623	-0.0035068113356829	0.0023229122161865	0.13531155884266	-0.087511949241161
-0.0052974428981543	-0.15901508927345	0.29580271244049	-0.98411679267883	-0.023187458515167	0.012308962643147	-0.0034086853265762	0.0022402405738831	0.13537147641182	-0.08752017468214
-0.0053069498389959	-0.15897560119629	0.29593014717102	-0.98375928401947	-0.021478280425072	0.012307517230511	-0.0034367784392089	0.0022473931312561	0.13537999987602	-0.087515272200108
-0.0051160654984415	-0.15892533957958	0.29594403505325	-0.97961813211441	-0.017743960022926	0.012796465307474	-0.0031672504264861	0.0022107362747192	0.13535054028034	-0.087519913911819
-0.0058170119300485	0.12593846023083	0.6862741112709	-0.97681534290314	-0.0035370066761971	0.002120241522789	0.51867038011551	0.0024035573005676	0.14587754011154	-0.098497688770294
-0.0057944152504206	0.15491361916065	0.72821968793869	-0.97662824392319	-0.002347320318222	0.0021586306393147	0.51773780584335	0.0024803876876831	0.14689490199089	-0.099407985806465
-0.0063829743303359	0.15566188097	0.73292434215546	-0.97753715515137	-0.0012655854225159	0.0021734647452831	0.49663424491882	0.0031318664550781	0.14751043915749	-0.099002867937088
-0.0050769047811627	0.058042865246534	0.519087433815	-0.97865468263626	-0.011519722640514	0.0028710663318634	0.46904611587524	0.002343475818634	0.1370604634285	-0.099726662039757
-0.0049313609488308	0.0034011593088508	0.38989982008934	-0.97866296768188	-0.013440005481243	0.0019046738743782	0.76772004365921	0.0023563504219055	0.12979920208454	-0.099682472646236
-0.0052820793353021	-0.026497539132833	0.31172221899033	-0.97902369499207	-0.010208159685135	0.0017699599266052	0.79520010948181	0.0029669404029846	0.1249895170331	-0.099642537534237
-0.003831889713183	-0.046811427921057	0.27292031049728	-0.97872990369797	-0.0079748332500458	0.0017465129494667	0.68792474269867	0.0026763081550598	0.12358406931162	-0.098587341606617
-0.0051288167014718	-0.048607531934977	0.26879382133484	-0.97879076004028	-0.0062017291784286	0.0017467327415943	0.68539440631866	0.0036640167236328	0.12337678670883	-0.098597750067711
-0.0048150415532291	-0.050496526062489	0.26854199171066	-0.9790598154068	-0.0053492486476898	0.0017505250871181	0.68318355083466	0.0035582780838013	0.12370282411575	-0.098411731421947
-0.0018422142602503	-0.095333576202393	0.13012373447418	-0.97904926538467	-0.010241776704788	0.0016308687627316	0.73641580343246	0.0020190477371216	0.11384326964617	-0.098506160080433
-0.0021021668799222	-0.095460653305054	0.11448487639427	-0.978196144104	-0.0081320367753506	0.0016112327575684	0.83229970932007	0.0022496581077576	0.11193127185106	-0.098681434988976
-0.0018042086157948	-0.098997093737125	0.11337444186211	-0.97827178239822	-0.0077721551060677	0.0016173310577869	0.7405452132225	0.0021593570709229	0.11239471286535	-0.098453156650066
-0.0044030463322997	-0.094454191625118	0.11268812417984	-0.9785670042038	-0.0062718130648136	0.001612700521946	0.74491381645203	0.0038169026374817	0.11152366548777	-0.098975270986557
-0.0011419355869293	-0.13384132087231	-0.025964016094804	-0.98016184568405	-0.012437518686056	0.0015236213803291	0.79447185993195	0.0034191012382507	0.10159134119749	-0.09830354899168
-0.00016418285667896	-0.13150583207607	-0.041735924780369	-0.98074507713318	-0.011854408308864	0.0014803037047386	1.3015031814575	0.0025510191917419	0.099312819540501	-0.098586186766624
0.0023873823229223	-0.13041107356548	-0.1045906022191	-0.98097133636475	-0.012686796486378	0.001459114253521	0.89970934391022	0.00064355134963989	0.091893345117569	-0.099117122590542
0.0039682616479695	-0.13073249161243	-0.14845497906208	-0.97984021902084	-0.010185105726123	0.0014408230781555	0.82669240236282	0.0002974271774292	0.087203361093998	-0.09866601228714
0.0034394653048366	-0.13261400163174	-0.15288230776787	-0.97896945476532	-0.0080081280320883	0.0014406964182854	0.8305801153183	0.0010424852371216	0.087078921496868	-0.098580047488213
0.0016360299196094	-0.13239395618439	-0.15327854454517	-0.97955447435379	-0.006895724684	0.0014369562268257	0.83444309234619	0.002490758895874	0.087015569210052	-0.09884887188673
0.00064044509781525	-0.13092383742332	-0.15347035229206	-0.98046255111694	-0.0054213618859649	0.0014385432004929	1.0802824497223	0.0032880306243896	0.086778528988361	-0.098992578685284
0.0029281449969858	-0.12670068442822	-0.1540012806654	-0.97997677326202	-0.0025071892887354	0.0014443174004555	0.8855407834053	0.0009647011756897	0.085985884070396	-0.09913008660078
0.0037250299938023	-0.12940675020218	-0.15373812615871	-0.97875851392746	-0.00021155131980777	0.0014459267258644	0.8312184214592	0.00046956539154053	0.086420603096485	-0.098685406148434
0.0031521522905678	-0.13267098367214	-0.15332679450512	-0.97825640439987	0.00063156662508845	0.0014406740665436	0.98000031709671	0.0012081265449524	0.087035745382309	-0.09856840223074
0.0040825600735843	-0.13154943287373	-0.15351231396198	-0.97739684581757	0.0018574981950223	0.0014449506998062	0.82237827777863	0.00027191638946533	0.086818739771843	-0.098658129572868
0.01075476873666	-0.077049776911736	-0.31855189800262	-0.97978991270065	-0.012017363682389	0.0016407929360867	0.90009677410126	0.0021194219589233	0.064585156738758	-0.099180229008198
0.011912665329874	-0.098443023860455	-0.39043068885803	-0.98179060220718	-0.012710073962808	0.0027406252920628	0.63772809505463	0.0012238621711731	0.058072991669178	-0.097374811768532
0.01222104486078	-0.10005380958319	-0.39805659651756	-0.98141801357269	-0.012260859832168	0.0029483735561371	0.59423530101776	0.0009722113609314	0.057174690067768	-0.097086317837238
0.011511588469148	-0.15580686926842	-0.43616169691086	-0.98205095529556	-0.0099320001900196	0.005248237401247	0.0018769629532471	0.00090795755386353	0.058488041162491	-0.094449616968632
0.010911494493484	-0.19091181457043	-0.45583942532539	-0.9821942448616	-0.0079693496227264	0.0068938061594963	-0.0035699848085642	0.00090479850769043	0.059720642864704	-0.092839159071445
0.010821247473359	-0.19464200735092	-0.45795252919197	-0.98202246427536	-0.0074099507182837	0.0070208311080933	-0.0035191581118852	0.0009191632270813	0.059841170907021	-0.092669129371643
0.008835663087666	-0.28210923075676	-0.48951736092567	-0.98168909549713	0.0025578867644072	0.010434500873089	-0.0043127597309649	0.00099635124206543	0.064440950751305	-0.08903868496418
0.0069952644407749	-0.34554025530815	-0.49830031394958	-0.98088485002518	0.01303275860846	0.013311691582203	-0.0034756443928927	0.0010862350463867	0.06911501288414	-0.086488053202629
0.0059666689485312	-0.37602519989014	-0.4966017305851	-0.9802365899086	0.019048549234867	0.014495052397251	-0.0035813562572002	0.0011500120162964	0.071905709803104	-0.085256844758987
0.0058347587473691	-0.37918356060982	-0.49641919136047	-0.97970944643021	0.020600708201528	0.014630429446697	-0.0035971298348159	0.0011659860610962	0.072185471653938	-0.085121348500252
0.0042879157699645	-0.41876572370529	-0.47968798875809	-0.97974455356598	0.027239117771387	0.016269028186798	-0.0039304280653596	0.0012449026107788	0.077296555042267	-0.083488561213017
0.0026670179795474	-0.44885921478271	-0.44558769464493	-0.97876930236816	0.037472374737263	0.017815984785557	-0.0039069303311408	0.0013620853424072	0.083430379629135	-0.082072027027607
0.0025005675852299	-0.45227137207985	-0.44192624092102	-0.97880721092224	0.041887748986483	0.01814778894186	-0.0036003913264722	0.0013501048088074	0.084121339023113	-0.081872276961803
0.002440283074975	-0.4525058567524	-0.44153264164925	-0.97862964868546	0.045846715569496	0.018142655491829	-0.0037375218234956	0.001375138759613	0.084174118936062	-0.081856414675713
-8.446865103906e-05	-0.45911374688148	-0.3324823975563	-0.97770798206329	0.06127192825079	0.019404970109463	-0.004067883361131	0.0015732645988464	0.09641370177269	-0.080658867955208
-0.00039460285915993	-0.45962452888489	-0.3207736313343	-0.97681969404221	0.064433217048645	0.019589893519878	-0.0037069313693792	0.001617968082428	0.097687691450119	-0.080443285405636
-0.0023863464593887	-0.40859669446945	-0.16192969679832	-0.97688895463943	0.081372767686844	0.019207462668419	-0.0037585310637951	0.0018360614776611	0.11030967533588	-0.080988921225071
-0.0026380440685898	-0.40342578291893	-0.14487360417843	-0.97792917490005	0.08699931204319	0.019179180264473	-0.0037509272806346	0.001858115196228	0.11168897151947	-0.080937281250954
-0.0025826038327068	-0.40258201956749	-0.1430424451828	-0.97683477401733	0.091775879263878	0.019348703324795	-0.003631206927821	0.0018558502197266	0.11177709698677	-0.080961182713509
-0.0043665897101164	-0.27909776568413	0.096437402069569	-0.97765958309174	0.1111419275403	0.01625632122159	-0.0034170295111835	0.0021029114723206	0.12607705593109	-0.083994165062904
-0.0051255277357996	-0.17203035950661	0.27452349662781	-0.97572648525238	0.12662015855312	0.013286106288433	-0.0035715494304895	0.0022128820419312	0.13446068763733	-0.087152943015099
-0.0052876751869917	-0.16061444580555	0.29364511370659	-0.97500896453857	0.13205567002296	0.012831263244152	-0.0037826404441148	0.0022619366645813	0.13532270491123	-0.087446071207523
-0.0056905844248831	-0.092609956860542	0.39579772949219	-0.97440123558044	0.13845247030258	0.010410830378532	-0.0033070179633796	0.0023612380027771	0.13908722996712	-0.089796714484692
-0.0055708005093038	-0.08532790094614	0.40676632523537	-0.97431725263596	0.1405882537365	0.010175764560699	-0.0035118989180773	0.0022765398025513	0.13946130871773	-0.090034075081348
-0.0060044070705771	0.016018323600292	0.54848843812943	-0.97442996501923	0.14728301763535	0.0063553228974342	-0.0029635797254741	0.0023942589759827	0.14343637228012	-0.093939900398254
-0.0059918072074652	0.026611844077706	0.56370609998703	-0.9757371544838	0.15078094601631	0.0061556994915009	-0.0034403570462018	0.0023665428161621	0.1438602656126	-0.09429357200861
-0.0059269582852721	0.1194941624999	0.68328821659088	-0.97500264644623	0.15741431713104	0.0028220154345036	0.51445960998535	0.0023908019065857	0.14602762460709	-0.098094820976257
-0.0054737334139645	0.15368746221066	0.72792863845825	-0.97490608692169	0.15999257564545	0.0021522045135498	0.62273341417313	0.0022554397583008	0.14701843261719	-0.09914218634367
-0.0058538760058582	0.11383766680956	0.63969022035599	-0.97583866119385	0.15674948692322	0.0020642168819904	0.61033034324646	0.0025447010993958	0.14284387230873	-0.099638149142265
-0.0067596849985421	0.1040990576148	0.63081783056259	-0.97563588619232	0.15763515233994	0.0020702965557575	0.53214949369431	0.0036280751228333	0.14347384870052	-0.098515585064888
-0.0063959765248001	0.10202686488628	0.62999039888382	-0.97572582960129	0.1578097641468	0.0020749606192112	0.53062009811401	0.0034586787223816	0.14376205205917	-0.098268933594227
-0.0057840328663588	0.10071961581707	0.63001596927643	-0.97574752569199	0.1577086597681	0.0020767562091351	0.52881860733032	0.0030640959739685	0.1439606398344	-0.09803069382906
-0.0024540040176362	0.10587541759014	0.62949991226196	-0.97453016042709	0.15898223221302	0.0020688399672508	0.53995501995087	0.00035566091537476	0.14291785657406	-0.09889717400074
-0.0041849464178085	-0.00039774793549441	0.40244844555855	-0.9740486741066	0.15361204743385	0.0018661320209503	0.53585755825043	0.0025589466094971	0.13213424384594	-0.09808661788702
-0.0051762307994068	-0.0044859265908599	0.37722724676132	-0.97380119562149	0.15644067525864	0.0018283799290657	0.70994687080383	0.0030357241630554	0.12968917191029	-0.098887033760548
-0.0039151930250227	-0.0057976837269962	0.37462604045868	-0.97325378656387	0.15960511565208	0.0018261969089508	0.77284866571426	0.0020496249198914	0.12951935827732	-0.098792515695095
-0.0031832936219871	-0.070903316140175	0.22244131565094	-0.97327017784119	0.15612173080444	0.0017154365777969	0.7276246547699	0.0028537511825562	0.12130609154701	-0.097820945084095
-0.0026475319173187	-0.082544662058353	0.17791701853275	-0.97329616546631	0.15626305341721	0.0016730614006519	0.70445364713669	0.0025404691696167	0.11767191439867	-0.098131462931633
-0.0019575834739953	-0.090807773172855	0.14625379443169	-0.97329163551331	0.15640276670456	0.0016447603702545	0.7217104434967	0.0020939111709595	0.1150855794549	-0.098316565155983
-0.0015793177299201	-0.10804560035467	0.091969765722752	-0.97333037853241	0.15520961582661	0.0016060657799244	0.67099702358246	0.0023391246795654	0.11128034442663	-0.098088674247265
-0.00098516524303705	-0.11811091005802	0.037767134606838	-0.97293192148209	0.1542494148016	0.001561276614666	0.76783537864685	0.0021694898605347	0.10637411475182	-0.098442390561104
-0.0010178909869865	-0.12310589849949	0.0088960779830813	-0.97299456596375	0.15458431839943	0.0015227347612381	0.78489482402802	0.0025148391723633	0.10377538949251	-0.098499335348606
-0.00027687207330018	-0.1215627938509	0.005573479924351	-0.97262340784073	0.15624353289604	0.0015129819512367	0.78848302364349	0.0017588138580322	0.10306446254253	-0.098654299974442
-0.0011978418333456	-0.12127900123596	0.0051684584468603	-0.97275984287262	0.15821036696434	0.0014795511960983	0.80130958557129	0.0024943947792053	0.10297198593616	-0.098648950457573
-0.0010417392477393	-0.1230765208602	0.0053571336902678	-0.97291767597198	0.15911649167538	0.0015301033854485	0.70653975009918	0.0025003552436829	0.10332533717155	-0.098505660891533
0.00026702624745667	-0.1223574206233	0.0052822614088655	-0.97247588634491	0.16038438677788	0.0015337616205215	0.78703415393829	0.0013591647148132	0.10316050797701	-0.098558522760868
0.0044778143055737	-0.14190340042114	-0.15245920419693	-0.97149181365967	0.15008659660816	0.0014394819736481	0.86919832229614	0.0010086894035339	0.088940165936947	-0.098378702998161
0.0044667292386293	-0.13410638272762	-0.17068439722061	-0.97021496295929	0.15015032887459	0.0014409497380257	0.87139356136322	0.00075346231460571	0.085570499300957	-0.098529182374477
0.00090548279695213	-0.12716136872768	-0.17328903079033	-0.97135430574417	0.15219430625439	0.0014591217041016	0.82467329502106	0.0032191872596741	0.084059089422226	-0.099038131535053
0.0014614862157032	-0.12460989505053	-0.17390884459019	-0.97320640087128	0.15573184192181	0.0014383122324944	0.83181649446487	0.0026845932006836	0.083615764975548	-0.099197164177895
0.0027848584577441	-0.12816579639912	-0.17352578043938	-0.97373223304749	0.15782035887241	0.0014387294650078	0.83232706785202	0.0018065571784973	0.084263302385807	-0.098879560828209
0.0031910943798721	-0.13108456134796	-0.17307256162167	-0.97372710704803	0.15856166183949	0.0014388561248779	0.74971115589142	0.0016123652458191	0.084789603948593	-0.098723106086254
0.0031283688731492	-0.13235004246235	-0.17285148799419	-0.97377502918243	0.15882588922977	0.0014565661549568	0.83088129758835	0.0017335414886475	0.085027724504471	-0.098690003156662
0.012165544554591	-0.087588898837566	-0.31031537055969	-0.97259330749512	0.14579796791077	0.0016182288527489	0.92478877305984	-0.00014424324035645	0.066551029682159	-0.099213562905788
0.012318028137088	-0.070810362696648	-0.32666823267937	-0.97101604938507	0.14586916565895	0.0016624219715595	0.77040678262711	-0.00026959180831909	0.062420982867479	-0.098755769431591
0.011538961902261	-0.067914001643658	-0.32834315299988	-0.97024488449097	0.14611807465553	0.0016697347164154	0.97359150648117	0.00033664703369141	0.061722304672003	-0.098960593342781
0.011875117197633	-0.1243624612689	-0.41096878051758	-0.97022825479507	0.1434328854084	0.003321073949337	0.50226658582687	0.00084453821182251	0.058224022388458	-0.095901243388653
0.011937369592488	-0.13017164170742	-0.41984051465988	-0.97044676542282	0.14365050196648	0.0035521015524864	0.38162988424301	0.00088685750961304	0.057781752198935	-0.095572717487812
0.012149929068983	-0.13008561730385	-0.42079329490662	-0.96901363134384	0.1461177021265	0.0040568932890892	0.25902235507965	0.00075459480285645	0.057576462626457	-0.095591813325882
0.01186223141849	-0.13027822971344	-0.42089560627937	-0.96803343296051	0.14822262525558	0.0041809156537056	0.18613600730896	0.00088733434677124	0.057601496577263	-0.095582559704781
0.011828565038741	-0.13034780323505	-0.42090666294098	-0.96814858913422	0.14983136951923	0.004135325551033	0.22723858058453	0.00091230869293213	0.05761481076479	-0.0955860465765
0.0057739084586501	-0.37382405996323	-0.48187279701233	-0.96688663959503	0.17196016013622	0.014029614627361	-0.0051863887347281	0.0011583566665649	0.073290012776852	-0.085560947656631
0.0035270003136247	-0.43332755565643	-0.4639199078083	-0.96686816215515	0.18560822308064	0.017105169594288	-0.0032023140229285	0.0012646913528442	0.080231748521328	-0.082844749093056
0.0031814456451684	-0.43955343961716	-0.46199211478233	-0.96583092212677	0.18946923315525	0.017209492623806	-0.0035578813403845	0.0013373494148254	0.080939739942551	-0.082533828914165
0.0031253646593541	-0.43995705246925	-0.46178495883942	-0.96516942977905	0.19033901393414	0.017137356102467	-0.0037784674204886	0.0013697743415833	0.080971628427505	-0.082522720098495
0.00057558412663639	-0.46177884936333	-0.36705809831619	-0.9643748998642	0.20359587669373	0.018865495920181	-0.0040909852832556	0.0015048980712891	0.092924818396568	-0.080898135900497
0.0002055592922261	-0.46395564079285	-0.35688656568527	-0.96358674764633	0.20590899884701	0.019087798893452	-0.003665943397209	0.0015737414360046	0.094174802303314	-0.080641806125641
-0.001285188132897	-0.4407654106617	-0.24966637790203	-0.96199727058411	0.22203740477562	0.019398160278797	-0.0038141899276525	0.0017077922821045	0.10365922749043	-0.080575503408909
-0.0015561358304694	-0.43893092870712	-0.23815369606018	-0.96163529157639	0.22861021757126	0.019754588603973	-0.0036719818599522	0.0017251968383789	0.10478952527046	-0.080427221953869
-0.0016193276969716	-0.43848484754562	-0.23691760003567	-0.9610470533371	0.23130087554455	0.019522815942764	-0.0037396841216832	0.0017345547676086	0.10487272590399	-0.08042685687542
-0.0034861364401877	-0.33825904130936	-0.013016946613789	-0.96061795949936	0.25078338384628	0.017769180238247	-0.0036184408236295	0.0019322037696838	0.11990008503199	-0.082524001598358
-0.004217304289341	-0.30110105872154	0.06029212847352	-0.95972400903702	0.2598203420639	0.016968064010143	-0.0037574335001409	0.0020912289619446	0.1242877393961	-0.083281263709068
-0.0047878017649055	-0.23795260488987	0.16892130672932	-0.95862346887589	0.26935607194901	0.015199705958366	-0.0034635018091649	0.0021985173225403	0.12978586554527	-0.085077032446861
-0.0048335418105125	-0.23133639991283	0.18058532476425	-0.95853567123413	0.27270457148552	0.01489595323801	-0.0036770883016288	0.0021799206733704	0.13038302958012	-0.085233561694622
-0.0047370544634759	-0.23042795062065	0.18183746933937	-0.95760089159012	0.27450799942017	0.014862928539515	-0.0034943665377796	0.0021400451660156	0.13040424883366	-0.085278287529945
-0.0047958372160792	-0.23036760091782	0.18197229504585	-0.95650744438171	0.27639871835709	0.014869630336761	-0.0034430574160069	0.002177894115448	0.13041958212852	-0.085273154079914
-0.0047333054244518	-0.23031412065029	0.18198648095131	-0.9555389881134	0.27893710136414	0.01484651863575	-0.0033881689887494	0.0021436214447021	0.1304102987051	-0.085277557373047
-0.0048014391213655	-0.23037308454514	0.18198843300343	-0.9539378285408	0.28236943483353	0.014779787510633	-0.0034233219921589	0.0021839737892151	0.13042336702347	-0.085267215967178
-0.0048112096264958	-0.23044058680534	0.18198835849762	-0.95346808433533	0.28442206978798	0.014725714921951	-0.0035338872112334	0.0021777153015137	0.13044059276581	-0.085260115563869
-0.0047739562578499	-0.23030489683151	0.18198797106743	-0.9512927532196	0.28675198554993	0.014902532100677	-0.0033633704297245	0.0021759271621704	0.1304122209549	-0.08527360111475
-0.0043360814452171	-0.23061905801296	0.18198841810226	-0.9541944861412	0.29138132929802	0.013589322566986	-0.0030358007643372	0.0019950270652771	0.13051065802574	-0.085114441812038
-0.0043974621221423	-0.23032274842262	0.18198800086975	-0.95454585552216	0.29298463463783	0.012399613857269	-0.0038430825807154	0.0019772052764893	0.13044905662537	-0.085163936018944
-0.0047517498023808	-0.23044650256634	0.18198820948601	-0.9542481303215	0.2957361638546	0.0090236887335777	-0.0026909336447716	0.0020996332168579	0.13047158718109	-0.085116103291512
-0.0046773101203144	-0.23049362003803	0.1819880604744	-0.95316827297211	0.29769191145897	0.0040564686059952	0.060819189995527	0.0020689964294434	0.13046726584435	-0.085131160914898
-0.0046568983234465	-0.23157693445683	0.18198798596859	-0.95246678590775	0.29956990480423	0.0032058209180832	0.56727015972137	0.0021348595619202	0.13064973056316	-0.084928259253502
-0.0032370472326875	-0.043537311255932	0.3210666179657	-0.95164489746094	0.29939091205597	0.0018025748431683	0.84040403366089	0.0016701221466064	0.12781473994255	-0.09745842218399
-0.0031215955968946	-0.025991905480623	0.33629286289215	-0.95131754875183	0.29916825890541	0.0018066838383675	0.65282499790192	0.001793384552002	0.12782672047615	-0.098404586315155
-0.0061353272758424	-0.021209334954619	0.33766874670982	-0.95284485816956	0.30055031180382	0.0018018670380116	0.65439653396606	0.0038387775421143	0.12740677595139	-0.099046692252159
-0.0041268053464592	-0.056674212217331	0.24631085991859	-0.95343178510666	0.29909518361092	0.0017239451408386	0.67811000347137	0.0029495358467102	0.12188624590635	-0.098680287599564
-0.0037470001261681	-0.069456771016121	0.20776656270027	-0.95323300361633	0.30049440264702	0.0016921833157539	0.63248389959335	0.0029836893081665	0.11920459568501	-0.098545029759407
-0.0025627259165049	-0.089901484549046	0.14949767291546	-0.95364874601364	0.30025047063828	0.0016486048698425	0.72078049182892	0.002534031867981	0.11535042524338	-0.098363980650902
-0.0022189405281097	-0.091355316340923	0.14311882853508	-0.95350009202957	0.30152583122253	0.0016424544155598	0.72985988855362	0.0023136734962463	0.11479242146015	-0.098353773355484
-0.0016531758010387	-0.099996574223042	0.11665714532137	-0.95354390144348	0.30115994811058	0.0016228817403316	0.73826724290848	0.0020831227302551	0.11292846500874	-0.098251774907112
-0.0011177568230778	-0.09910710901022	0.11357945203781	-0.95326888561249	0.30203521251678	0.0016178414225578	0.74229121208191	0.0015853047370911	0.11239209771156	-0.098410688340664
-0.0011971173807979	-0.11937610059977	0.040407814085484	-0.95360195636749	0.2997173666954	0.0015663504600525	0.6897497177124	0.0024121999740601	0.10688050091267	-0.098278567194939
-0.0012929191580042	-0.11785600334406	0.031983006745577	-0.95446461439133	0.30089271068573	0.0015540942549706	0.76876056194305	0.0024527311325073	0.10565805435181	-0.098532021045685
0.00029553493368439	-0.12946109473705	-0.035485584288836	-0.95493620634079	0.29927980899811	0.0015057474374771	0.79341900348663	0.0018314719200134	0.099606782197952	-0.098659701645374
0.00016342381422874	-0.12835471332073	-0.043103065341711	-0.95537823438644	0.30116301774979	0.0014978870749474	0.79974639415741	0.0019561052322388	0.098532199859619	-0.098723754286766
0.0028788070194423	-0.13649709522724	-0.10401122272015	-0.95485407114029	0.29892808198929	0.0014634653925896	0.81891423463821	0.00080490112304688	0.092998161911964	-0.098477013409138
0.0025277792010456	-0.13286256790161	-0.14806886017323	-0.95526385307312	0.29927176237106	0.0014371871948242	0.75067275762558	0.0016223192214966	0.087641045451164	-0.098780028522015
0.0027988078072667	-0.13149707019329	-0.15298075973988	-0.95526379346848	0.30157876014709	0.0014402791857719	0.831498503685	0.0014607310295105	0.086907535791397	-0.098805315792561
0.0040329205803573	-0.12781113386154	-0.20374083518982	-0.95588272809982	0.2995086312294	0.0014611482620239	0.83493649959564	0.001740574836731	0.081254318356514	-0.09882877022028
0.0039027079474181	-0.12398277968168	-0.20969684422016	-0.9562856554985	0.30176705121994	0.0014921501278877	0.81752645969391	0.0018623471260071	0.080041021108627	-0.098872773349285
0.0046189725399017	-0.1238938421011	-0.21026165783405	-0.95606070756912	0.30332559347153	0.0014669001102448	0.83181780576706	0.0012019276618958	0.079944893717766	-0.098873570561409
0.0047573479823768	-0.12527549266815	-0.21014100313187	-0.95572882890701	0.3040686249733	0.0014699622988701	0.82530480623245	0.0011795163154602	0.080180436372757	-0.098763048648834
0.0097097791731358	-0.099276125431061	-0.29259479045868	-0.95511746406555	0.29677963256836	0.0015382021665573	0.83441799879074	0.00061523914337158	0.069259226322174	-0.09883289039135
0.01002461835742	-0.086875788867474	-0.30282482504845	-0.95387142896652	0.29733920097351	0.0015629529953003	0.70872986316681	6.1869621276855e-05	0.066354975104332	-0.098719216883183
0.0094588221982121	-0.086529068648815	-0.30347442626953	-0.95285534858704	0.29782816767693	0.0014878772199154	0.79418075084686	0.00053441524505615	0.066145271062851	-0.098962709307671
0.011501529254019	-0.072986386716366	-0.36810898780823	-0.95446878671646	0.29254707694054	0.0017175897955894	0.77699154615402	0.00079345703125	0.057709738612175	-0.098802573978901
0.011942384764552	-0.12443510442972	-0.41523841023445	-0.95423656702042	0.29481714963913	0.0041082873940468	0.23001579940319	0.00082075595855713	0.057694911956787	-0.095920369029045
0.011934158392251	-0.12997353076935	-0.4202988743782	-0.95350879430771	0.29542225599289	0.0042755678296089	0.19249054789543	0.00085633993148804	0.057670369744301	-0.095626950263977
0.01202277559787	-0.13038714230061	-0.42084208130836	-0.95212924480438	0.29663762450218	0.0041561909019947	0.23652811348438	0.00082296133041382	0.057625129818916	-0.095600225031376
0.012004534713924	-0.13023866713047	-0.4209004342556	-0.95071423053741	0.29882249236107	0.0041936859488487	0.21168239414692	0.00080376863479614	0.057590246200562	-0.095586664974689
0.0096050929278135	-0.24680046737194	-0.47793537378311	-0.95110702514648	0.3069089949131	0.0090954042971134	-0.0041242195293307	0.00098520517349243	0.062529057264328	-0.090496934950352
0.0078916708007455	-0.3156909942627	-0.49607333540916	-0.95171856880188	0.31389245390892	0.012001857161522	-0.003477682126686	0.0010210871696472	0.066754624247551	-0.087676145136356
0.0076665892265737	-0.32296621799469	-0.49802067875862	-0.95168215036392	0.31556212902069	0.012203529477119	-0.0034722718410194	0.0010437369346619	0.067171603441238	-0.087364807724953
0.0077097238972783	-0.32358172535896	-0.49822974205017	-0.94982481002808	0.31749746203423	0.012105852365494	-0.0037853096146137	0.0010499358177185	0.067178592085838	-0.087339907884598
0.0044738533906639	-0.41293227672577	-0.47988197207451	-0.9482838511467	0.32898479700089	0.015930108726025	-0.0041203750297427	0.0012422204017639	0.076801717281342	-0.083771556615829
0.0026345762889832	-0.44804066419601	-0.44560873508453	-0.94653308391571	0.3411585688591	0.017789833247662	-0.0038348126690835	0.0014069676399231	0.083347290754318	-0.082123294472694
0.0011291984701529	-0.4632443189621	-0.39442348480225	-0.94723278284073	0.35401222109795	0.019023708999157	-0.0036643892526627	0.0014676451683044	0.090134501457214	-0.081047266721725
0.0003644431126304	-0.46436932682991	-0.35982513427734	-0.94654625654221	0.36061838269234	0.019277594983578	-0.0037316340021789	0.0015206336975098	0.093915775418282	-0.080640621483326
0.00025959737831727	-0.46423700451851	-0.35611045360565	-0.94491463899612	0.36267045140266	0.019292943179607	-0.0037630696315318	0.0015552639961243	0.094277262687683	-0.080608315765858
-0.0013498961925507	-0.44101315736771	-0.24958330392838	-0.94430267810822	0.37589913606644	0.019697695970535	-0.003804228734225	0.0017128586769104	0.10372005403042	-0.080525517463684
-0.0020181098952889	-0.42431455850601	-0.19734463095665	-0.94405096769333	0.3834713101387	0.019534900784492	-0.0036813870538026	0.0017707347869873	0.10789173841476	-0.080621935427189
-0.0020863257814199	-0.42231717705727	-0.19173531234264	-0.94488674402237	0.38640582561493	0.019446324557066	-0.0037295508664101	0.0017760992050171	0.10830356180668	-0.080646641552448
-0.0032573682256043	-0.36158868670464	-0.056307196617126	-0.9431186914444	0.3992026746273	0.018542237579823	-0.0035117124207318	0.0019326210021973	0.11739148199558	-0.081870213150978
-0.0034205743577331	-0.35528376698494	-0.04176614060998	-0.9426526427269	0.40431749820709	0.018452361226082	-0.0037240139208734	0.0019533038139343	0.11838389933109	-0.081944152712822
-0.003392439102754	-0.35451626777649	-0.040204264223576	-0.9423919916153	0.4071903526783	0.018352776765823	-0.0036303729284555	0.0019274353981018	0.11847352981567	-0.081959158182144
-0.0046414043754339	-0.24367186427116	0.15813064575195	-0.94201463460922	0.42085227370262	0.01537462323904	-0.0033677269238979	0.0021381974220276	0.12921507656574	-0.08496567606926
-0.0047312006354332	-0.23175963759422	0.1794268488884	-0.94191026687622	0.42461213469505	0.014913361519575	-0.0037155114114285	0.0021193027496338	0.130286693573	-0.085249185562134
-0.0049477270804346	-0.23038618266582	0.18171346187592	-0.94098299741745	0.42609375715256	0.014816053211689	-0.0034953386057168	0.0022408366203308	0.13039015233517	-0.085292518138885
-0.0046557104215026	-0.2302451133728	0.18195874989033	-0.94151675701141	0.42785233259201	0.014746449887753	-0.0034153677988797	0.0020594596862793	0.13039155304432	-0.085295617580414
-0.0059333015233278	0.00056454661535099	0.5243507027626	-0.93815577030182	0.44766634702682	0.0075541734695435	-0.0026779959443957	0.0024436712265015	0.14265693724155	-0.093524545431137
-0.0059576691128314	0.024686006829143	0.5611144900322	-0.93747526407242	0.45553225278854	0.006562240421772	-0.0037993020378053	0.0023851990699768	0.14381848275661	-0.09422205388546
-0.0059556043706834	0.14429107308388	0.71473330259323	-0.93658101558685	0.46102479100227	0.0021390691399574	0.78438460826874	0.0025476813316345	0.14670018851757	-0.098819963634014
-0.0056000631302595	0.15503649413586	0.73139697313309	-0.93651866912842	0.46134787797928	0.002156350761652	0.51423138380051	0.0024148225784302	0.14733839035034	-0.098983407020569
-0.0065617067739367	0.15764752030373	0.73304331302643	-0.93663865327835	0.46176990866661	0.002154815942049	0.50354224443436	0.0031032562255859	0.14718946814537	-0.099273256957531
-0.0056248940527439	0.1583259999752	0.73315238952637	-0.93644165992737	0.46260178089142	0.0021533891558647	0.50424253940582	0.0023909211158752	0.14706444740295	-0.099393650889397
-0.0056314314715564	0.15768577158451	0.73324757814407	-0.93638551235199	0.4629425406456	0.0021550543606281	0.50098377466202	0.0024057626724243	0.14716652035713	-0.099281139671803
-0.005678815767169	0.15721735358238	0.73330175876617	-0.93636780977249	0.4630341231823	0.002155639231205	0.49795299768448	0.0024529695510864	0.14725399017334	-0.099199198186398
-0.0057536005042493	0.15698306262493	0.73332434892654	-0.93634080886841	0.46305504441261	0.0021561942994595	0.49627956748009	0.0025142431259155	0.14730124175549	-0.099157325923443
-0.0057990895584226	0.15686321258545	0.73333477973938	-0.93630808591843	0.46306055784225	0.0021564662456512	0.49556630849838	0.0025508403778076	0.14732660353184	-0.099135041236877
-0.0058281808160245	0.15680260956287	0.73337268829346	-0.93628144264221	0.4630551636219	0.0021563693881035	0.44567117094994	0.0025746822357178	0.14734156429768	-0.099123030900955
-0.0058551295660436	0.15677858889103	0.73334717750549	-0.93626487255096	0.46304416656494	0.0021564662456512	0.49572420120239	0.0025977492332458	0.14734728634357	-0.099120661616325
-0.005902863573283	0.15676012635231	0.7333979010582	-0.93623214960098	0.462950527668	0.0021559149026871	0.49633947014809	0.0026298761367798	0.14735154807568	-0.099138021469116
-0.005940018221736	0.15680500864983	0.73340564966202	-0.9362216591835	0.46281653642654	0.0021557845175266	0.49558621644974	0.0026531219482422	0.14734442532063	-0.099155060946941
-0.0059337913990021	0.15684425830841	0.73340100049973	-0.93619501590729	0.46269690990448	0.0021556504070759	0.4953236579895	0.0026423931121826	0.14733743667603	-0.099163204431534
-0.0059417840093374	0.15687429904938	0.73339653015137	-0.93616539239883	0.46258956193924	0.0021557994186878	0.49548521637917	0.0026469826698303	0.14733231067657	-0.099166594445705
-0.0061481902375817	0.15745975077152	0.7332957983017	-0.93601268529892	0.46270772814751	0.0021572336554527	0.49792543053627	0.0027199387550354	0.14724014699459	-0.099227465689182
-0.0071208938024938	0.15900106728077	0.73312026262283	-0.93622934818268	0.46298587322235	0.0021528899669647	0.44872242212296	0.0033373832702637	0.14700162410736	-0.099452011287212
-0.0054396232590079	0.064024560153484	0.55872732400894	-0.93694108724594	0.45872884988785	0.0020138323307037	0.57712340354919	0.0032510757446289	0.14116129279137	-0.097617365419865
-0.0043936902657151	0.013111220672727	0.42833861708641	-0.93652403354645	0.45705679059029	0.0018811076879501	0.6806828379631	0.002427339553833	0.13324356079102	-0.098534464836121
-0.0041723125614226	-0.0042681246995926	0.38000613451004	-0.93591785430908	0.45822215080261	0.0018303021788597	0.83542239665985	0.0023472309112549	0.12999561429024	-0.098683476448059
-0.0042547979392111	-0.0083522917702794	0.37514692544937	-0.93574774265289	0.45896631479263	0.0018338710069656	0.64050328731537	0.002531111240387	0.13005033135414	-0.098431594669819
-0.0036947862245142	-0.047892794013023	0.2801276743412	-0.9362518787384	0.45672857761383	0.0017589256167412	0.76207250356674	0.0026290416717529	0.12467333674431	-0.098236307501793
-0.0035980658140033	-0.070796333253384	0.21169809997082	-0.93618762493134	0.45650452375412	0.0016997195780277	0.69015741348267	0.0029606819152832	0.11992493271828	-0.098285652697086
-0.0032195865642279	-0.072894729673862	0.20431500673294	-0.9362645149231	0.45769196748734	0.0016933232545853	0.70419806241989	0.0027199983596802	0.11934146285057	-0.098305240273476
-0.00020678767759819	-0.099365718662739	0.12338411808014	-0.93458211421967	0.4543744623661	0.0016318149864674	0.72779643535614	0.00095129013061523	0.11363884806633	-0.09819458425045
-0.0008703256607987	-0.097591251134872	0.11403286457062	-0.93365573883057	0.45530942082405	0.0016151890158653	0.66430312395096	0.0013555884361267	0.11214596033096	-0.098407357931137
-0.0025739814154804	-0.11316837370396	0.039578352123499	-0.93411755561829	0.45419520139694	0.0015585198998451	0.98822581768036	0.0031119585037231	0.10574755072594	-0.098825946450233
-0.0025560876820236	-0.11216149479151	0.031227422878146	-0.93407851457596	0.45645299553871	0.001534216105938	1.0897891521454	0.0031782984733582	0.10462966561317	-0.098985992372036
-0.00055865501053631	-0.12981241941452	-0.056539975106716	-0.93436068296432	0.45409893989563	0.0014726221561432	0.73659485578537	0.0026638507843018	0.097270905971527	-0.098921500146389
0.00027344425325282	-0.13129691779613	-0.086555436253548	-0.93491667509079	0.45584261417389	0.0014689192175865	0.92669600248337	0.0024634599685669	0.094114392995834	-0.098811246454716
0.0014552557840943	-0.13131642341614	-0.089748211205006	-0.93485617637634	0.45749482512474	0.0014663115143776	1.1076115369797	0.0014545321464539	0.093705266714096	-0.098772056400776
0.0020481937099248	-0.13677874207497	-0.12789264321327	-0.93457573652267	0.4562204182148	0.0014463886618614	0.83228290081024	0.0018970370292664	0.090477615594864	-0.0985923781991
0.0020062709227204	-0.13546350598335	-0.13221929967403	-0.93472999334335	0.4565789103508	0.0014429688453674	0.82827758789062	0.0019384026527405	0.089789211750031	-0.098675340414047
0.0020311975385994	-0.13547120988369	-0.13263073563576	-0.9348167181015	0.45664730668068	0.001443974673748	0.82814007997513	0.0018863677978516	0.089731425046921	-0.098707295954227
-0.00060857168864459	-0.13090628385544	-0.13313929736614	-0.93611335754395	0.45812743902206	0.0014480277895927	0.73660463094711	0.0038174986839294	0.088893473148346	-0.099107526242733
0.0020219995640218	-0.12636046111584	-0.13368378579617	-0.9360625743866	0.46178734302521	0.0014405101537704	1.0906438827515	0.0012601613998413	0.088039070367813	-0.09925701469183
0.0068273236975074	-0.11071795225143	-0.25972244143486	-0.93566232919693	0.45593675971031	0.0015079900622368	0.85064995288849	0.0013989210128784	0.073681771755219	-0.098955594003201
0.0068979999050498	-0.099566929042339	-0.27464166283607	-0.93569260835648	0.45811772346497	0.0015473365783691	0.78605276346207	0.0014139413833618	0.070460736751556	-0.098794683814049
0.0070429518818855	-0.10166309773922	-0.27564743161201	-0.93540441989899	0.45877230167389	0.0015145912766457	0.80848520994186	0.0014256238937378	0.070682406425476	-0.098753161728382
0.010420114733279	-0.078203275799751	-0.32204985618591	-0.93605756759644	0.45403710007668	0.001637265086174	0.71869504451752	0.0017865896224976	0.063968688249588	-0.099025934934616
0.01267216168344	-0.053156096488237	-0.34660655260086	-0.93676596879959	0.45022976398468	0.001705601811409	0.76004946231842	0.0016738176345825	0.058738261461258	-0.09932092577219
0.012811816297472	-0.045970302075148	-0.34979209303856	-0.9368571639061	0.44936549663544	0.0017234049737453	0.744364798069	0.0013468861579895	0.057322651147842	-0.099345736205578
0.012093001976609	-0.043123636394739	-0.35023120045662	-0.93743002414703	0.44974192976952	0.0017323903739452	0.7393673658371	0.0017473101615906	0.056727737188339	-0.09954009950161
0.012366037815809	-0.042144291102886	-0.35050922632217	-0.93765223026276	0.4506142437458	0.0017335042357445	0.73666030168533	0.0014299750328064	0.056575685739517	-0.099409438669682
0.012577653862536	-0.042779222130775	-0.35042119026184	-0.9377298951149	0.45099678635597	0.001732125878334	0.73772430419922	0.0012964010238647	0.056690812110901	-0.099377147853374
0.012706399895251	-0.043507110327482	-0.35009959340096	-0.93764746189117	0.45101228356361	0.0017301924526691	0.73888283967972	0.0010889172554016	0.056752800941467	-0.099594399333
0.012689269147813	-0.043882679194212	-0.34994766116142	-0.93762600421906	0.45081168413162	0.001729492098093	0.73979920148849	0.0010812878608704	0.056786090135574	-0.099685922265053
0.01269038580358	-0.043848901987076	-0.34994503855705	-0.93761944770813	0.45065316557884	0.0017298012971878	0.73976612091064	0.0010783076286316	0.056776314973831	-0.099693670868874
0.012710057199001	-0.043710827827454	-0.34996804594994	-0.93759876489639	0.45052722096443	0.0017300508916378	0.73956656455994	0.0010542869567871	0.056752294301987	-0.099683053791523
0.012675240635872	-0.043752402067184	-0.34996530413628	-0.93759536743164	0.45041334629059	0.0017301812767982	0.73952698707581	0.0010997653007507	0.05676057934761	-0.099683508276939
0.012653443962336	-0.04369493201375	-0.34996965527534	-0.93761396408081	0.45022615790367	0.0015892572700977	0.69309294223785	0.0011152625083923	0.056733906269073	-0.099734485149384
0.012701706029475	-0.043758787214756	-0.34997200965881	-0.93761032819748	0.4501648247242	0.0017148852348328	0.74144160747528	0.0010989904403687	0.056759804487228	-0.099692963063717
0.012681181542575	-0.043778292834759	-0.34996500611305	-0.93762564659119	0.45008552074432	0.0017282329499722	0.74055427312851	0.0011160969734192	0.056764215230942	-0.099693119525909
0.012654817663133	-0.043730981647968	-0.34996947646141	-0.93767672777176	0.45001766085625	0.0017300173640251	0.73925387859344	0.0011482834815979	0.056755989789963	-0.09969823807478
0.0126848584041	-0.043827537447214	-0.34996458888054	-0.93770575523376	0.44990965723991	0.001729778945446	0.73934090137482	0.0011171102523804	0.05677604675293	-0.099691160023212
0.012436026707292	-0.067597538232803	-0.3723212480545	-0.93793958425522	0.45009037852287	0.0017342567443848	0.73480296134949	0.0010126233100891	0.05659019947052	-0.098798640072346
0.012025668285787	-0.12315015494823	-0.41569083929062	-0.93748497962952	0.45354598760605	0.0038940273225307	0.28384566307068	0.00088012218475342	0.057429194450378	-0.095955170691013
0.011937188915908	-0.12958793342113	-0.4203474521637	-0.93731039762497	0.45584645867348	0.0042405724525452	0.17451450228691	0.00087738037109375	0.057589799165726	-0.095635242760181
0.011932496912777	-0.13044102489948	-0.42084774374962	-0.93708783388138	0.45681110024452	0.0040774121880531	0.19613221287727	0.0008741021156311	0.057638168334961	-0.095597483217716
0.0097316466271877	-0.24673943221569	-0.47792980074883	-0.93600088357925	0.46569550037384	0.0090516284108162	-0.0042157350108027	0.00095027685165405	0.062510251998901	-0.090504676103592
0.0094392169266939	-0.25941497087479	-0.48405942320824	-0.93547260761261	0.4713277220726	0.0099449306726456	-0.0033293522428721	0.00097417831420898	0.063025206327438	-0.089930444955826
0.0062533752061427	-0.36672016978264	-0.49507236480713	-0.93448877334595	0.48370730876923	0.014279551804066	-0.0040694153867662	0.0011392831802368	0.071273058652878	-0.085674472153187
0.0058772447519004	-0.37830072641373	-0.49625486135483	-0.9346449971199	0.48736128211021	0.014719747006893	-0.003344016848132	0.0011583566665649	0.072138875722885	-0.085162423551083
0.0036164657212794	-0.433389544487	-0.4654640853405	-0.93424868583679	0.49832218885422	0.017046459019184	-0.0040999255143106	0.0012689828872681	0.080028712749481	-0.082849122583866
0.0025556532200426	-0.45060682296753	-0.44406044483185	-0.93382877111435	0.50462478399277	0.017921455204487	-0.0035882387310266	0.0013646483421326	0.083758592605591	-0.081963449716568
0.0024357738438994	-0.45231986045837	-0.44176188111305	-0.93372392654419	0.50636327266693	0.017865136265755	-0.0037053995765746	0.0013732314109802	0.084135264158249	-0.08187147974968
0.0011349350679666	-0.46325728297234	-0.3940104842186	-0.93454647064209	0.51441097259521	0.01879408210516	-0.0038971740286797	0.0014564394950867	0.09013956785202	-0.081047110259533
0.0010585675481707	-0.4644787311554	-0.3888832628727	-0.93291109800339	0.51828461885452	0.019057393074036	-0.0036988160572946	0.0014580488204956	0.090779155492783	-0.080926470458508
0.000944719533436	-0.46468615531921	-0.38833257555962	-0.93225431442261	0.52051323652267	0.01904858648777	-0.0037074144929647	0.0014966726303101	0.090873241424561	-0.08090402930975
0.00099888991098851	-0.46449336409569	-0.38827341794968	-0.93184244632721	0.52489060163498	0.019320592284203	-0.003781333565712	0.0014910101890564	0.09084215760231	-0.080921173095703
-0.0012244682293385	-0.44140803813934	-0.25303664803505	-0.93044519424438	0.5411182641983	0.019700471311808	-0.0038890042342246	0.0016712546348572	0.10341569781303	-0.080565482378006
-0.0024385959841311	-0.40673923492432	-0.15465654432774	-0.92978763580322	0.55142062902451	0.019305154681206	-0.003723522182554	0.0018342733383179	0.11092188954353	-0.080951631069183
-0.0029246301855892	-0.38281807303429	-0.09905694425106	-0.92896723747253	0.55755925178528	0.018831845372915	-0.0036753248423338	0.0018720030784607	0.11474239826202	-0.081356830894947
-0.003380386158824	-0.3573816716671	-0.046355988830328	-0.92817538976669	0.56265741586685	0.018281608819962	-0.0036047152243555	0.0019445419311523	0.11807239055634	-0.081911437213421
-0.0038127177394927	-0.3296922147274	0.0074445996433496	-0.9277281165123	0.56853669881821	0.01771130040288	-0.003529395442456	0.0020269751548767	0.12128314375877	-0.082571275532246
-0.0040964153595269	-0.29984697699547	0.062488853931427	-0.92744100093842	0.57458573579788	0.016977898776531	-0.0035367072559893	0.0020365118980408	0.12437453866005	-0.083330199122429
-0.0046978932805359	-0.23769845068455	0.1691572368145	-0.92591696977615	0.58278149366379	0.015239030122757	-0.0033549680374563	0.0021430253982544	0.12976852059364	-0.085098892450333
-0.0050443862564862	-0.19976338744164	0.23150561749935	-0.92598766088486	0.58906829357147	0.014066159725189	-0.0035259469877928	0.0022166967391968	0.13266214728355	-0.08623530715704
-0.0049991281703115	-0.19570599496365	0.23819990456104	-0.92606377601624	0.59150618314743	0.01386022567749	-0.003577557625249	0.0021682977676392	0.13296243548393	-0.086344912648201
-0.0050209942273796	-0.19520576298237	0.23891906440258	-0.92381471395493	0.59349083900452	0.013961777091026	-0.0033851750195026	0.0022138953208923	0.132976770401	-0.086363323032856
