-0.42607393860817	-0.25332340598106	-0.25603979825974	0.2052559107542	-0.54398393630981	0.0053019300103188	0.28285998106003	0.033957958221436	0.079162441194057	-0.093724749982357
-0.42646208405495	-0.25346454977989	-0.25603982806206	0.20495870709419	-0.54546117782593	0.0053171962499619	0.56906419992447	0.034141838550568	0.079084165394306	-0.093654148280621
-0.42636370658875	-0.2535907626152	-0.2560398876667	0.204993724823	-0.54545611143112	0.0054776296019554	0.5712548494339	0.034103035926819	0.079129226505756	-0.093622237443924
-0.4263351559639	-0.25361183285713	-0.25603973865509	0.2050703316927	-0.54552620649338	0.0054795369505882	0.57189959287643	0.03409206867218	0.079141989350319	-0.093622863292694
-0.42634189128876	-0.25361543893814	-0.25603973865509	0.20510265231133	-0.54570454359055	0.0054652690887451	0.57178491353989	0.034095823764801	0.079141557216644	-0.093623213469982
-0.42634177207947	-0.25360852479935	-0.25603979825974	0.20511062443256	-0.5458836555481	0.0054575204849243	0.57166302204132	0.034095525741577	0.079140082001686	-0.093623757362366
-0.42634165287018	-0.25361442565918	-0.25603976845741	0.20512408018112	-0.54606091976166	0.0054568275809288	0.57161593437195	0.034095644950867	0.079141154885292	-0.093623206019402
-0.046320483088493	-0.026690982282162	-0.027487413957715	0.19734962284565	-0.50177800655365	0.0043773800134659	0.22341528534889	0.0025326609611511	0.088319458067417	-0.10670647770166
-0.41659647226334	-0.14059619605541	-0.15414807200432	0.20321318507195	-0.521240234375	0.0025106742978096	0.64628356695175	0.032812356948853	0.08015850931406	-0.10011196136475
-0.45335707068443	-0.1768873333931	-0.18898855149746	0.20373906195164	-0.52761828899384	0.0023894384503365	0.5804523229599	0.035925269126892	0.078469425439835	-0.097981862723827
-0.457554012537	-0.18057011067867	-0.19272920489311	0.20338374376297	-0.52871608734131	0.0025581642985344	0.58227330446243	0.036429464817047	0.078109011054039	-0.097756333649158
-0.44089218974113	-0.22691339254379	-0.23318199813366	0.20321772992611	-0.52583414316177	0.0048477649688721	0.55511569976807	0.035238206386566	0.078606076538563	-0.095156602561474
-0.42626318335533	-0.25475642085075	-0.25597384572029	0.20330063998699	-0.52192461490631	0.0064740777015686	0.57792735099792	0.034090638160706	0.079272374510765	-0.093547865748405
-0.42470183968544	-0.25772529840469	-0.2584211230278	0.20362135767937	-0.52026736736298	0.006444476544857	0.59431964159012	0.033978402614594	0.079336196184158	-0.093389943242073
-0.3916007578373	-0.3016337454319	-0.29147401452065	0.20360186696053	-0.5156717300415	0.0090125724673271	0.60960245132446	0.031513512134552	0.080841585993767	-0.090859994292259
-0.36801454424858	-0.3267670571804	-0.30895867943764	0.20328655838966	-0.5105704665184	0.010678142309189	0.56455826759338	0.02971351146698	0.081914603710175	-0.089415550231934
-0.36541354656219	-0.32945030927658	-0.31083616614342	0.20340862870216	-0.5091078877449	0.010764293372631	0.63266146183014	0.029496371746063	0.082040682435036	-0.089274898171425
-0.31927478313446	-0.36701261997223	-0.33295622467995	0.20348523557186	-0.50396358966827	0.012850061058998	0.64227646589279	0.026002585887909	0.084162823855877	-0.087118268013
-0.28876474499702	-0.38754233717918	-0.34291180968285	0.20331230759621	-0.49798345565796	0.014091953635216	0.66657662391663	0.023618936538696	0.08558078110218	-0.085930168628693
-0.25856867432594	-0.40459248423576	-0.34905958175659	0.20344023406506	-0.49221578240395	0.01508229970932	0.68603181838989	0.021185159683228	0.087042011320591	-0.084926381707191
-0.22741965949535	-0.41941022872925	-0.35213321447372	0.20349504053593	-0.48810362815857	0.015848562121391	0.69240421056747	0.0186647772789	0.088564522564411	-0.084041595458984
-0.19563652575016	-0.4318588078022	-0.35207235813141	0.20345956087112	-0.48260927200317	0.016682669520378	0.70949953794479	0.016111612319946	0.090108446776867	-0.083252772688866
-0.19204504787922	-0.43325346708298	-0.35206571221352	0.20341858267784	-0.48045581579208	0.016747042536736	0.71735966205597	0.015756666660309	0.09030470252037	-0.083170332014561
-0.16275407373905	-0.44201767444611	-0.34876269102097	0.20333497226238	-0.47504949569702	0.017349593341351	0.73384100198746	0.013326674699783	0.091765135526657	-0.082577146589756
-0.13021390140057	-0.44947370886803	-0.34212052822113	0.20341351628304	-0.47005358338356	0.017883524298668	0.74132227897644	0.010439783334732	0.093492217361927	-0.082020029425621
-0.09773987531662	-0.4541038274765	-0.33210137486458	0.20327197015285	-0.46521487832069	0.018298655748367	0.74916809797287	0.0075682401657104	0.095214359462261	-0.081590563058853
-0.06563800573349	-0.45605248212814	-0.31870731711388	0.20341326296329	-0.45848962664604	0.018727466464043	0.69194120168686	0.004638671875	0.096989251673222	-0.081256583333015
-0.0066737192682922	-0.45137456059456	-0.28382527828217	0.20328976213932	-0.44866985082626	0.018989540636539	0.78137505054474	-0.0011503398418427	0.10045322030783	-0.081002295017242
0.02580127120018	-0.44453239440918	-0.25916615128517	0.20327067375183	-0.44267156720161	0.019007235765457	0.78494793176651	-0.0044456720352173	0.1024381890893	-0.081023797392845
0.054376251995564	-0.43490096926689	-0.2330109924078	0.20294566452503	-0.43714103102684	0.01880044490099	0.78970217704773	-0.0074609220027924	0.1042495071888	-0.08119884878397
0.081243112683296	-0.42253762483597	-0.20428991317749	0.20285077393055	-0.43034422397614	0.0185681656003	0.80471384525299	-0.010411560535431	0.10602568089962	-0.081487581133842
0.10676094889641	-0.40773090720177	-0.17310284078121	0.20321361720562	-0.42474618554115	0.018010273575783	0.81444537639618	-0.013372808694839	0.1078025996685	-0.081901624798775
0.13044694066048	-0.39028909802437	-0.13969607651234	0.2036540210247	-0.41971337795258	0.017478831112385	0.82174396514893	-0.01614436507225	0.1095068603754	-0.082428134977818
0.13298954069614	-0.38849014043808	-0.13610902428627	0.20387114584446	-0.41839006543159	0.017415419220924	0.7412816286087	-0.016442716121674	0.10970057547092	-0.082479037344456
0.15288174152374	-0.37040543556213	-0.10396371781826	0.20350275933743	-0.41301158070564	0.016982536762953	0.8321441411972	-0.018874436616898	0.11116803437471	-0.083081141114235
0.17338983714581	-0.34900552034378	-0.067316271364689	0.20377589762211	-0.40833470225334	0.016140714287758	0.8311653137207	-0.021574705839157	0.11276676505804	-0.083825759589672
0.20756830275059	-0.30282747745514	0.0062013370916247	0.2040206193924	-0.40138113498688	0.014468159526587	0.83124792575836	-0.026143431663513	0.11557501554489	-0.085555642843246
0.2112492620945	-0.2979002892971	0.014095139689744	0.20418614149094	-0.39798852801323	0.014340173453093	0.82509869337082	-0.026640266180038	0.11586202681065	-0.085743084549904
0.22546562552452	-0.27356794476509	0.050753552466631	0.20468842983246	-0.39356926083565	0.013406481593847	0.82271689176559	-0.028657138347626	0.1171031743288	-0.08669538795948
0.23946905136108	-0.24613502621651	0.090787023305893	0.20412918925285	-0.38818281888962	0.012492388486862	0.81846237182617	-0.030692517757416	0.11833702772856	-0.087823659181595
0.25215834379196	-0.21743659675121	0.13116975128651	0.20421296358109	-0.38411882519722	0.011063911020756	0.81476724147797	-0.032639682292938	0.11945102363825	-0.089079648256302
0.26299011707306	-0.18815714120865	0.17127470672131	0.20523002743721	-0.37990912795067	0.0098246857523918	0.72584980726242	-0.034224390983582	0.12049490213394	-0.090366147458553
0.27960523962975	-0.13180513679981	0.24495887756348	0.2051257789135	-0.37469452619553	0.0073092877864838	0.79996049404144	-0.036883920431137	0.1220854818821	-0.092991374433041
0.28705286979675	-0.099060378968716	0.28587386012077	0.20459374785423	-0.37004482746124	0.0059278830885887	0.78993511199951	-0.038069069385529	0.12279655784369	-0.094589307904243
0.28788778185844	-0.095578156411648	0.29026710987091	0.20498415827751	-0.36696085333824	0.005645390599966	0.77724897861481	-0.038224399089813	0.12287467718124	-0.0947640016675
0.29230588674545	-0.068851061165333	0.32221949100494	0.20573943853378	-0.36501052975655	0.0040570646524429	0.77312624454498	-0.038918823003769	0.12333689630032	-0.096129812300205
0.29561913013458	-0.041025090962648	0.35531881451607	0.20560485124588	-0.3619532585144	0.0033843293786049	0.76251155138016	-0.039381176233292	0.12389746308327	-0.097424581646919
0.2980130314827	0.0092107839882374	0.41154715418816	0.20627717673779	-0.35970702767372	0.0014647766947746	0.74652117490768	-0.039794564247131	0.12468441575766	-0.099867776036263
0.28869345784187	-0.00058772024931386	0.39210593700409	0.20670375227928	-0.35997697710991	0.0014519207179546	0.75398886203766	-0.03914612531662	0.12438271194696	-0.099314369261265
0.27727094292641	-0.015287191607058	0.36545822024345	0.20705188810825	-0.36039772629738	0.0014329664409161	0.55800402164459	-0.037877827882767	0.12395023554564	-0.098689645528793
0.26508304476738	-0.026316579431295	0.33864018321037	0.20727491378784	-0.36086887121201	0.0013990812003613	0.75802886486053	-0.035928040742874	0.12295507639647	-0.09863044321537
0.25226974487305	-0.037301238626242	0.3127446770668	0.20756489038467	-0.36115553975105	0.0013734512031078	0.0067623830400407	-0.033840626478195	0.12206702679396	-0.098386347293854
0.23926313221455	-0.046849217265844	0.28774803876877	0.20772060751915	-0.36145648360252	0.001343984156847	-0.0035365712828934	-0.031742215156555	0.12099856138229	-0.098338648676872
0.22594298422337	-0.055593993514776	0.26366037130356	0.20768415927887	-0.36176258325577	0.0013127066195011	-0.0037395968101919	-0.029647082090378	0.11988384276628	-0.098352782428265
0.21267157793045	-0.063144885003567	0.24040687084198	0.20772810280323	-0.36212357878685	0.0012865290045738	-0.0036461451090872	-0.027778565883636	0.11861805617809	-0.098466902971268
0.19874151051044	-0.070299103856087	0.21800227463245	0.20779691636562	-0.36241668462753	0.00126076862216	-0.0036380204837769	-0.025707900524139	0.11740636825562	-0.098528489470482
0.18461787700653	-0.077289640903473	0.19644632935524	0.20782010257244	-0.36278465390205	0.0012357607483864	-0.0036861947737634	-0.023809820413589	0.11624168604612	-0.098582029342651
0.18250493705273	-0.076504603028297	0.1939160823822	0.20809918642044	-0.36250680685043	0.001226007938385	-0.0035716642159969	-0.02300813794136	0.11589598655701	-0.098683401942253
0.16971944272518	-0.083436764776707	0.17536227405071	0.20806388556957	-0.36278873682022	0.001207023859024	-0.0039031642954797	-0.021664053201675	0.11498732119799	-0.098618745803833
0.15487594902515	-0.089390680193901	0.15558224916458	0.20793838799	-0.36308586597443	0.0011842250823975	-0.0036691676359624	-0.019722312688828	0.11385422199965	-0.098666317760944
0.12596772611141	-0.10057659447193	0.11997646093369	0.20754213631153	-0.36376982927322	0.0011502504348755	-0.0036923326551914	-0.016476064920425	0.11183430999517	-0.098651625216007
0.10823722183704	-0.10489452630281	0.10022793710232	0.20739780366421	-0.36389249563217	0.0011228248476982	-0.0038736634887755	-0.014201819896698	0.11041379719973	-0.098796367645264
0.10585802048445	-0.10431408137083	0.09797740727663	0.20774652063847	-0.36293733119965	0.0011180192232132	-0.0036445397417992	-0.013486176729202	0.11005981266499	-0.098843991756439
0.076311238110065	-0.11278172582388	0.068088866770267	0.2073559910059	-0.36361849308014	0.0010876655578613	-0.0038840833585709	-0.010647296905518	0.10818453133106	-0.09884936362505
0.072240263223648	-0.1125528588891	0.064742751419544	0.20756042003632	-0.36291912198067	0.0010822117328644	-0.0036917857360095	-0.0095705986022949	0.1077766418457	-0.098899476230145
0.041061472147703	-0.11934981495142	0.037074461579323	0.20724584162235	-0.36352518200874	0.0010538697242737	-0.0037781409919262	-0.0067235827445984	0.10583233833313	-0.098931394517422
0.020694935694337	-0.12212889641523	0.021230950951576	0.20709300041199	-0.3636009991169	0.0010368898510933	-0.0036989510990679	-0.0041921436786652	0.10450727492571	-0.098984681069851
0.0016880669863895	-0.12422553449869	0.0072168740443885	0.20710611343384	-0.36346301436424	0.0010208338499069	-0.0037287343293428	-0.0021216571331024	0.10321706533432	-0.099016726016998
-0.017523689195514	-0.12635391950607	-0.0059891543351114	0.20708265900612	-0.36331605911255	0.0010055154561996	-0.0037151004653424	-0.00020456314086914	0.10202117264271	-0.099038280546665
-0.037173196673393	-0.12813802063465	-0.018550103530288	0.20702210068703	-0.36343413591385	0.00099150836467743	-0.0036936164833605	0.0017150938510895	0.10083366930485	-0.099130198359489
-0.04018909111619	-0.12741492688656	-0.019996201619506	0.207126095891	-0.36277231574059	0.00096279382705688	-0.0036617473233491	0.0027212500572205	0.1004369109869	-0.099126130342484
-0.057818509638309	-0.12988209724426	-0.030639799311757	0.20709265768528	-0.36280104517937	0.0009775310754776	-0.0036435821093619	0.0039028525352478	0.099612019956112	-0.099080637097359
-0.096623927354813	-0.1330578327179	-0.051270458847284	0.20682843029499	-0.36311313509941	0.00096174329519272	-0.0035518971271813	0.0071952342987061	0.097617983818054	-0.099124193191528
-0.10151324421167	-0.13189931213856	-0.053652256727219	0.20715419948101	-0.36240831017494	0.00095456838607788	-0.0036720312200487	0.0082114338874817	0.097012557089329	-0.099151656031609
-0.12107794731855	-0.13353809714317	-0.062784045934677	0.20703744888306	-0.36230099201202	0.00094603002071381	-0.0034627574495971	0.0098288357257843	0.096098139882088	-0.099123314023018
-0.14280006289482	-0.13404463231564	-0.07226800173521	0.20710495114326	-0.36205631494522	0.00093647092580795	-0.0035534617491066	0.011784613132477	0.094869211316109	-0.099156871438026
-0.18507885932922	-0.13599336147308	-0.088524386286736	0.20692151784897	-0.36257082223892	0.00092410296201706	-0.0035504002589732	0.015043020248413	0.092943891882896	-0.099212482571602
-0.19052304327488	-0.13509552180767	-0.090390488505363	0.20714089274406	-0.36203214526176	0.00091727077960968	-0.0033772666938603	0.016171932220459	0.092321641743183	-0.099186986684799
-0.23182944953442	-0.13596838712692	-0.10382349044085	0.20720998942852	-0.36252212524414	0.00090730935335159	-0.0033017438836396	0.01882615685463	0.090508989989758	-0.09927774220705
-0.23766696453094	-0.13578046858311	-0.10529948771	0.2074855864048	-0.36184591054916	0.00090227276086807	-0.0035569719038904	0.020256072282791	0.089933589100838	-0.099179983139038
-0.25915306806564	-0.13601323962212	-0.11131611466408	0.20754612982273	-0.36175885796547	0.00089764595031738	-0.003297554794699	0.021655559539795	0.08897527307272	-0.099201418459415
-0.28314423561096	-0.13577690720558	-0.11738927662373	0.20778277516365	-0.36161378026009	0.0008920356631279	-0.0031906168442219	0.023493587970734	0.087797105312347	-0.099237322807312
-0.32982140779495	-0.13672608137131	-0.12718993425369	0.20771957933903	-0.36205592751503	0.00088685005903244	-0.0033572968095541	0.026904553174973	0.08592564612627	-0.09925789386034
-0.33581179380417	-0.1361203789711	-0.1283191293478	0.20789161324501	-0.36153620481491	0.00088106095790863	-0.0033601280301809	0.028068155050278	0.085244953632355	-0.099198907613754
-0.3807652592659	-0.1360327154398	-0.13571575284004	0.2080279737711	-0.36206412315369	0.00087647885084152	-0.0030401847325265	0.030781954526901	0.083506219089031	-0.099290207028389
-0.38674983382225	-0.13582621514797	-0.13652183115482	0.20821478962898	-0.36159121990204	0.00087320059537888	0.011766318231821	0.031986087560654	0.082862138748169	-0.099235318601131
-0.41002801060677	-0.13360002636909	-0.13946902751923	0.20808972418308	-0.36155334115028	0.0008673369884491	0.4391213953495	0.033547043800354	0.081370562314987	-0.09975703805685
-0.45715513825417	-0.13167782127857	-0.14409008622169	0.20772118866444	-0.3627972304821	0.00087627023458481	0.72078275680542	0.0356824696064	0.079521782696247	-0.10033819079399
-0.46295139193535	-0.13113664090633	-0.14465108513832	0.20764110982418	-0.36342388391495	0.00087357312440872	0.50721454620361	0.036436349153519	0.078993514180183	-0.10039431601763
-0.46397751569748	-0.13090354204178	-0.14468589425087	0.20761711895466	-0.36377355456352	0.00087124109268188	0.49906197190285	0.036809414625168	0.07872474193573	-0.10038028657436
-0.46429458260536	-0.13080710172653	-0.14471809566021	0.20759473741055	-0.36394819617271	0.00086471438407898	0.49634447693825	0.037004172801971	0.078576281666756	-0.10036970674992
-0.46446296572685	-0.13071635365486	-0.14472579956055	0.20756855607033	-0.3640368282795	0.00086457282304764	0.49531143903732	0.037121713161469	0.078480005264282	-0.10036304593086
-0.46453130245209	-0.1304614841938	-0.14474076032639	0.20753754675388	-0.36405938863754	0.00086537003517151	0.49497765302658	0.037160336971283	0.078397311270237	-0.10036473721266
-0.46455550193787	-0.13029125332832	-0.14476412534714	0.20752385258675	-0.36403581500053	0.00086507946252823	0.49581617116928	0.037170767784119	0.078351587057114	-0.10036895424128
-0.46458905935287	-0.1303126513958	-0.14467942714691	0.2075667232275	-0.36401009559631	0.00086557865142822	0.49577713012695	0.037193834781647	0.078347310423851	-0.10036896169186
-0.46462249755859	-0.13036090135574	-0.14473921060562	0.20759306848049	-0.36405065655708	0.00086541473865509	0.49585366249084	0.037220507860184	0.078328624367714	-0.10037916153669
-0.46485212445259	-0.1302902251482	-0.14470249414444	0.20753085613251	-0.36387279629707	0.0008641704916954	0.49600046873093	0.037393361330032	0.078207768499851	-0.10042779147625
-0.46317562460899	-0.15225158631802	-0.16671660542488	0.20715582370758	-0.36401790380478	0.0014230832457542	0.44446492195129	0.036988377571106	0.077979251742363	-0.099249616265297
-0.4587761759758	-0.17785193026066	-0.19033767282963	0.2068792283535	-0.36283093690872	0.0024708285927773	0.50257885456085	0.036685705184937	0.077968120574951	-0.097857855260372
-0.45111700892448	-0.20365855097771	-0.21336545050144	0.20664012432098	-0.359843313694	0.0035955831408501	0.57532680034637	0.036150068044662	0.078130826354027	-0.09643841534853
-0.45014694333076	-0.20637899637222	-0.21583816409111	0.20652164518833	-0.35718563199043	0.0037689059972763	0.55542927980423	0.036024779081345	0.078160300850868	-0.096292339265347
-0.43999740481377	-0.22972126305103	-0.23566311597824	0.20660373568535	-0.35430455207825	0.0049879178404808	0.57541620731354	0.035146653652191	0.078631058335304	-0.094985574483871
-0.41091260313988	-0.2772528231144	-0.27338635921478	0.20688693225384	-0.35040107369423	0.0075846835970879	0.59274184703827	0.032953262329102	0.079974740743637	-0.092258885502815
-0.40782314538956	-0.28233498334885	-0.27743676304817	0.20635297894478	-0.3478727042675	0.0081134214997292	0.60231566429138	0.032727777957916	0.080097839236259	-0.091963276267052
-0.38975539803505	-0.30419570207596	-0.29351571202278	0.20643690228462	-0.34522590041161	0.0091831684112549	0.65412932634354	0.031360000371933	0.080909766256809	-0.090721823275089
-0.36788296699524	-0.32701525092125	-0.30917790532112	0.20666278898716	-0.34169128537178	0.010494835674763	0.62376248836517	0.029729068279266	0.081904605031013	-0.089412428438663
-0.34343248605728	-0.34879499673843	-0.3228794336319	0.20680864155293	-0.33737552165985	0.011747963726521	0.64085376262665	0.027856677770615	0.083037421107292	-0.088163048028946
-0.29129496216774	-0.3856113255024	-0.34182974696159	0.20681853592396	-0.33052450418472	0.013862259685993	0.656045794487	0.023786991834641	0.085494756698608	-0.086040817201138
-0.2588155567646	-0.40432998538017	-0.34894347190857	0.20684194564819	-0.32479211688042	0.014839135110378	0.61280208826065	0.021203756332397	0.087019875645638	-0.084951639175415
-0.25540059804916	-0.40639644861221	-0.34970730543137	0.20700380206108	-0.32252967357635	0.015152662992477	0.69085282087326	0.02095091342926	0.087189070880413	-0.084821932017803
-0.19860896468163	-0.43047055602074	-0.35181194543839	0.20711529254913	-0.31426471471786	0.016670130193233	0.7098736166954	0.016348659992218	0.089975394308567	-0.083334557712078
-0.19229193031788	-0.43304422497749	-0.35203781723976	0.20671640336514	-0.31020456552505	0.016793712973595	0.72512590885162	0.015749305486679	0.090282797813416	-0.083189681172371
-0.13345155119896	-0.44844681024551	-0.34247225522995	0.20697203278542	-0.30236807465553	0.017871186137199	0.73715972900391	0.010732889175415	0.093331426382065	-0.082089334726334
-0.098045833408833	-0.45411002635956	-0.33213910460472	0.20711332559586	-0.29748132824898	0.018295019865036	0.74276143312454	0.0075771808624268	0.095226086676121	-0.081586591899395
-0.065641641616821	-0.45599073171616	-0.31871148943901	0.20684397220612	-0.29121536016464	0.018673703074455	0.68143635988235	0.0046260058879852	0.096983507275581	-0.081263303756714
-0.033982940018177	-0.45511940121651	-0.30198630690575	0.2069403976202	-0.28477537631989	0.018922656774521	0.77147722244263	0.0015691518783569	0.098810262978077	-0.081054881215096
-0.030614351853728	-0.45503035187721	-0.30019062757492	0.20711675286293	-0.28309637308121	0.018879510462284	0.77416908740997	0.0012573897838593	0.099007651209831	-0.081038847565651
0.02315117046237	-0.44483479857445	-0.26092347502708	0.20687201619148	-0.27449116110802	0.018979281187057	0.78720617294312	-0.0041160881519318	0.10226478427649	-0.081033855676651
0.054114188998938	-0.43493792414665	-0.23319958150387	0.2070599347353	-0.26773226261139	0.01884039491415	0.79895907640457	-0.0074489712715149	0.10423436760902	-0.081192836165428
0.081286199390888	-0.42261588573456	-0.20431017875671	0.20749799907207	-0.26250973343849	0.018380604684353	0.80717885494232	-0.010441184043884	0.10604315251112	-0.081494323909283
0.10655159503222	-0.40771681070328	-0.17310507595539	0.20753034949303	-0.25652530789375	0.018235895782709	0.81540727615356	-0.013286381959915	0.1078022569418	-0.081876561045647
0.10937517881393	-0.40615233778954	-0.16975435614586	0.20756222307682	-0.25448915362358	0.018117148429155	0.73557156324387	-0.013648182153702	0.10799667239189	-0.081929340958595
0.15036882460117	-0.37236428260803	-0.10757628083229	0.20763918757439	-0.2460925579071	0.017107255756855	0.82733452320099	-0.018586367368698	0.11101007461548	-0.083009406924248
0.1549124866724	-0.36883702874184	-0.10090007632971	0.20776236057281	-0.24341188371181	0.016887824982405	0.82927167415619	-0.019205719232559	0.11133714020252	-0.083131715655327
0.17349781095982	-0.34878900647163	-0.066987387835979	0.20797453820705	-0.23867264389992	0.016214173287153	0.83217412233353	-0.021536737680435	0.11277784407139	-0.083835825324059
0.20765660703182	-0.30288377404213	0.0062367552891374	0.20765249431133	-0.23014259338379	0.014742936939001	0.82689601182938	-0.026168614625931	0.11557932198048	-0.085538499057293
0.2113424539566	-0.29792582988739	0.014099049381912	0.20767489075661	-0.22660613059998	0.014498822391033	0.82274371385574	-0.026697397232056	0.11586447060108	-0.08573354780674
0.22551690042019	-0.27357143163681	0.050753999501467	0.20844005048275	-0.2231854647398	0.013415329158306	0.82240724563599	-0.0286785364151	0.11710488796234	-0.086703732609749
0.25051727890968	-0.22042527794838	0.12687124311924	0.20843869447708	-0.21729299426079	0.011299047619104	0.73807799816132	-0.032334089279175	0.11934945732355	-0.088937349617481
0.2629531621933	-0.18842515349388	0.17081317305565	0.20846708118916	-0.21240718662739	0.0099028423428535	0.81171941757202	-0.034260451793671	0.12045992910862	-0.09035886824131
0.27257904410362	-0.15856455266476	0.21068163216114	0.20837414264679	-0.2071571201086	0.0087712742388248	0.80173575878143	-0.035752862691879	0.12139938771725	-0.091704234480858
0.27372035384178	-0.15536163747311	0.21496237814426	0.20820644497871	-0.2052044570446	0.0085374377667904	0.79893469810486	-0.035973370075226	0.12149222195148	-0.09186290204525
0.28635555505753	-0.10154730826616	0.28265309333801	0.20827120542526	-0.20023237168789	0.0060814023017883	0.79023772478104	-0.0379319190979	0.1227463632822	-0.094464495778084
0.29228299856186	-0.069475717842579	0.32140204310417	0.20823734998703	-0.19607304036617	0.0044082924723625	0.7772833108902	-0.038948029279709	0.12329816818237	-0.096103958785534
0.29580587148666	-0.041389178484678	0.35523101687431	0.2086439281702	-0.19292521476746	0.0033625848591328	0.76739633083344	-0.03954204916954	0.12391959130764	-0.097379252314568
0.29620659351349	-0.038345437496901	0.35886338353157	0.20885618031025	-0.19171579182148	0.0031981654465199	0.75899803638458	-0.039612591266632	0.12397815287113	-0.097524620592594
0.29836872220039	0.0085508394986391	0.41210079193115	0.20946459472179	-0.1904499232769	0.0014680437743664	0.7527107000351	-0.040169060230255	0.1247596591711	-0.099845618009567
0.29854968190193	0.013219051063061	0.41771560907364	0.20982936024666	-0.19008608162403	0.0014721229672432	0.74568593502045	-0.040167987346649	0.12494314461946	-0.099956326186657
0.29868996143341	0.013506626710296	0.41835743188858	0.2099315226078	-0.18997725844383	0.0014725849032402	0.74119699001312	-0.04027184844017	0.12497502565384	-0.099950887262821
0.29874137043953	0.013448247686028	0.4184365272522	0.20998688042164	-0.18995900452137	0.0014733783900738	0.74022257328033	-0.040325969457626	0.12499071657658	-0.099948398768902
0.2987959086895	0.013363610953093	0.41845333576202	0.21002227067947	-0.18994362652302	0.0014747567474842	0.73970282077789	-0.040376365184784	0.12499612569809	-0.099941410124302
0.29881474375725	0.013260247185826	0.41845747828484	0.21005561947823	-0.18993340432644	0.0014761090278625	0.73951137065887	-0.040384769439697	0.12501530349255	-0.099927425384521
0.29890847206116	0.013170241378248	0.41846400499344	0.2100555151701	-0.1899635642767	0.0014738216996193	0.73956626653671	-0.040451943874359	0.12501679360867	-0.099917575716972
0.29894876480103	0.013108311221004	0.41847506165504	0.21004691720009	-0.18998818099499	0.0014778710901737	0.74032491445541	-0.040482580661774	0.12502393126488	-0.099916554987431
0.29896566271782	0.01310858130455	0.41847735643387	0.21002517640591	-0.19003964960575	0.0014765597879887	0.74139356613159	-0.040493160486221	0.12502187490463	-0.099922120571136
0.29897630214691	0.013071823865175	0.4184798002243	0.21000331640244	-0.19008179008961	0.0014769658446312	0.7414219379425	-0.040506333112717	0.12502679228783	-0.099915899336338
0.29876977205276	0.013353552669287	0.41844806075096	0.21007241308689	-0.19002917408943	0.0014719888567924	0.73948448896408	-0.040331840515137	0.12502054870129	-0.099949568510056
0.28892454504967	-0.0017355203162879	0.39295521378517	0.21005973219872	-0.19025705754757	0.0014589987695217	0.73512476682663	-0.039476990699768	0.1246792525053	-0.099064856767654
0.27767834067345	-0.016119375824928	0.36555615067482	0.21061754226685	-0.19029209017754	0.0014383420348167	0.33969151973724	-0.038257598876953	0.12407125532627	-0.098480001091957
0.26487395167351	-0.027483873069286	0.33869957923889	0.21078512072563	-0.19038826227188	0.0014052614569664	0.31468084454536	-0.035894840955734	0.12321024388075	-0.098372176289558
0.24176943302155	-0.046346463263035	0.29059341549873	0.2105942517519	-0.19099329411983	0.0013532638549805	-0.0038652375806123	-0.032838940620422	0.12108643352985	-0.098329961299896
0.23795528709888	-0.047032475471497	0.28526890277863	0.21109461784363	-0.19023048877716	0.0013400986790657	-0.0033594849519432	-0.031379342079163	0.12079581618309	-0.098423235118389
0.22648003697395	-0.055172178894281	0.26335152983665	0.21126800775528	-0.19038742780685	0.0013122484087944	-0.0038582198321819	-0.030033946037292	0.11970321089029	-0.098436757922173
0.21281163394451	-0.063628420233727	0.24041479825974	0.21125815808773	-0.19034942984581	0.0012874230742455	-0.003575251204893	-0.027902960777283	0.11868811398745	-0.098407432436943
0.18712666630745	-0.077196404337883	0.19890707731247	0.21090179681778	-0.19115290045738	0.0012380480766296	-0.0037557720206678	-0.024817556142807	0.11642012000084	-0.098546743392944
0.18304492533207	-0.077395617961884	0.19431711733341	0.21120125055313	-0.19042864441872	0.0012312605977058	-0.0035953316837549	-0.023363322019577	0.11606782674789	-0.098626382648945
0.15707038342953	-0.089954681694508	0.15774783492088	0.21073444187641	-0.19116711616516	0.0011916942894459	-0.0037110571283847	-0.020527720451355	0.11413806676865	-0.098582930862904
0.14062476158142	-0.094448260962963	0.13649955391884	0.21074476838112	-0.19135245680809	0.0011661201715469	-0.00389114767313	-0.018412679433823	0.1125905662775	-0.098808914422989
0.13787591457367	-0.094560369849205	0.1342059969902	0.21093253791332	-0.19043292105198	0.0011586807668209	-0.0035482025705278	-0.017410039901733	0.11240181326866	-0.098791733384132
0.12427375465631	-0.099287711083889	0.11750437319279	0.21091490983963	-0.1905674636364	0.0011405423283577	-0.0039436984807253	-0.016174674034119	0.11132477968931	-0.098839968442917
0.093679927289486	-0.10839802026749	0.08472628891468	0.21072146296501	-0.19114126265049	0.0011079087853432	-0.0036600367166102	-0.012768387794495	0.10928876698017	-0.098865620791912
0.089779891073704	-0.10794610530138	0.081030279397964	0.21099412441254	-0.19045941531658	0.0010994300246239	-0.0038383069913834	-0.011845082044601	0.10880800336599	-0.098958417773247
0.074101813137531	-0.11221092939377	0.066148936748505	0.21090200543404	-0.19024991989136	0.0010844320058823	-0.0037297967355698	-0.01004296541214	0.10786659270525	-0.09889330714941
0.041314262896776	-0.11924666911364	0.037246342748404	0.21061374247074	-0.19122684001923	0.0010542646050453	-0.0037600137293339	-0.0068208575248718	0.10584156960249	-0.098955057561398
0.037244260311127	-0.1176660656929	0.033801186829805	0.21090815961361	-0.19038183987141	0.0010464638471603	-0.0036898169200867	-0.0059186220169067	0.10516019910574	-0.099074967205524
0.020576538518071	-0.12100923806429	0.020750982686877	0.21095125377178	-0.19033764302731	0.0010357946157455	-0.0037580174393952	-0.0042769610881805	0.10423877090216	-0.099050261080265
0.0015111045213416	-0.12435914576054	0.007192769087851	0.21074743568897	-0.19009244441986	0.0010202676057816	-0.0037177999038249	-0.0020493268966675	0.1032280176878	-0.098985001444817
-0.034621991217136	-0.12843509018421	-0.017078602686524	0.21045392751694	-0.19093853235245	0.00099483132362366	-0.0036813437473029	0.0011031627655029	0.1010986790061	-0.09908452630043
