0.000
0.125
0.250
0.375
0.500
0.625
0.750
0.875
1.000
1.125
1.250
1.375
1.500
1.625
1.750
1.875
2.000
2.125
2.250
2.375
2.500
2.625
2.750
2.875
3.000
3.125
3.250
3.375
3.500
3.625
3.750
3.875
4.000
4.125
4.250
4.375
4.500
4.625
4.750
4.875
5.000
5.250
5.375
5.500
5.625
5.750
5.875
6.000
6.125
6.250
6.375
6.500
6.625
6.750
6.875
7.000
7.125
7.250
7.375
7.500
7.625
7.750
7.875
8.000
8.125
8.250
8.375
8.500
8.625
8.750
8.875
9.000
9.125
9.250
9.375
9.500
9.625
9.750
9.875
10.000
0.125
0.250
0.375
0.500
0.625
0.750
0.875
1.000
1.125
1.250
1.375
1.500
1.625
1.750
1.875
2.000
2.125
2.250
2.375
2.500
2.625
2.750
2.875
3.000
3.125
3.250
3.375
3.500
3.625
3.750
3.875
4.000
4.125
4.250
4.375
4.500
4.625
4.750
4.875
5.000
5.250
5.375
5.500
5.625
5.750
5.875
6.000
6.125
6.250
6.375
6.500
6.625
6.750
6.875
7.000
7.125
7.250
7.375
7.500
7.625
7.750
7.875
8.000
8.125
8.250
8.375
8.500
8.625
8.750
8.875
9.000
9.125
9.250
9.375
9.500
9.625
9.750
9.875
0.125
0.250
0.375
0.500
0.625
0.750
0.875
1.000
1.125
1.250
1.375
1.500
1.625
1.750
1.875
2.000
2.125
2.250
2.375
2.500
2.625
2.750
2.875
3.000
3.125
3.250
3.375
3.500
3.625
3.750
3.875
4.000
4.125
4.250
4.375
4.500
4.625
4.750
4.875
5.000
5.194
5.292
5.389
5.486
5.583
5.681
5.778
5.875
5.972
6.069
6.167
6.264
6.361
6.458
6.556
6.653
6.750
6.847
6.944
7.042
7.139
7.236
7.333
7.431
7.528
7.625
7.722
0.097
0.194
0.292
0.389
0.486
0.583
0.681
0.778
0.875
0.972
1.069
1.167
1.264
1.361
1.458
1.556
1.653
1.750
1.847
1.944
2.042
2.139
2.236
2.333
2.431
2.528
2.625
2.722
2.819
2.917
3.014
3.111
3.208
3.306
3.403
3.500
3.597
3.694
3.792
3.889
4.139
4.264
4.389
4.514
4.639
4.764
4.889
5.014
5.139
5.264
5.389
5.514
5.639
5.764
5.889
6.014
6.139
6.264
6.389
6.514
6.639
6.764
6.889
7.014
7.139
7.264
7.389
7.514
7.639
7.764
7.889
8.014
8.139
8.264
8.389
8.514
8.639
8.764
8.889
9.014
9.139
9.264
9.389
9.514
9.639
9.764
9.889
0.125
0.250
0.375
0.500
0.625
0.750
0.875
1.000
1.125
1.250
1.375
1.500
1.625
1.750
1.875
2.000
2.125
2.250
2.375
2.500
2.625
2.750
2.875
3.000
3.125
3.250
3.375
3.500
3.625
3.750
3.875
4.000
4.125
4.250
4.375
4.500
4.625
4.750
4.875
5.000
5.250
5.375
5.500
5.625
5.750
5.875
6.000
6.125
6.250
6.375
6.500
6.625
6.750
6.875
7.000
7.125
7.250
7.375
7.500
7.625
7.750
7.875
8.000
8.125
8.250
8.375
8.500
8.625
8.750
8.875
9.000
9.125
9.250
9.375
9.500
9.625
9.750
9.875
0.125
0.250
0.375
0.500
0.625
0.750
0.875
1.000
1.125
1.250
1.375
1.500
1.625
1.750
1.875
2.000
2.125
2.250
2.375
2.500
2.625
2.750
2.875
3.000
3.125
3.250
3.375
3.500
3.625
3.750
3.875
4.000
4.125
4.250
4.375
4.500
4.625
4.750
4.875
5.000
5.250
5.375
5.500
5.625
5.750
5.875
6.000
6.125
6.250
6.375
6.500
6.625
6.750
6.875
7.000
7.125
7.250
7.375
7.500
7.625
7.750
7.875
8.000
8.125
8.250
8.375
8.500
8.625
8.750
8.875
9.000
9.125
9.250
9.375
9.500
9.625
9.750
9.875
0.125
0.250
0.375
0.500
0.625
0.750
0.875
1.000
1.125
1.250
1.375
1.500
1.625
1.750
1.875
2.000
2.125
2.250
2.375
2.500
2.625
2.750
2.875
3.000
3.125
3.250
3.375
3.500
3.625
3.750
3.875
4.000
4.125
4.250
4.375
4.500
4.625
4.750
4.875
5.000
5.250
5.375
5.500
5.625
5.750
5.875
6.000
6.125
6.250
6.375
6.500
6.625
6.750
6.875
7.000
7.125
7.250
7.375
7.500
7.625
7.750
7.875
8.000
8.125
8.250
8.375
8.500
8.625
8.750
8.875
9.000
9.125
9.250
9.375
9.500
9.625
9.750
9.875
0.125
0.250
0.375
0.500
0.625
0.750
0.875
1.000
1.125
1.250
1.375
1.500
1.625
1.750
1.875
2.000
2.125
2.250
2.375
2.500
2.625
2.750
2.875
3.000
3.125
3.250
3.375
3.500
3.625
3.750
3.875
4.000
4.125
4.250
4.375
4.500
4.625
4.750
4.875
5.000
5.250
5.375
5.500
5.625
5.750
5.875
6.000
6.125
6.250
6.375
6.500
6.625
6.750
6.875
7.000
7.125
7.250
7.375
7.500
7.625
7.750
7.875
