3	0.000	-1.415	0.210	-1.052	-0.208	-1.051	
6	0.001	-1.405	0.210	-1.369	0.211	-1.046	0.000	-1.012	-0.207	-1.046	-0.206	-1.372	
6	0.002	-1.408	0.209	-1.372	0.211	-1.048	0.000	-1.015	-0.206	-1.047	-0.206	-1.375	
4	0.002	-1.410	0.211	-1.048	0.000	-1.010	-0.206	-1.048	
3	0.002	-1.410	0.211	-1.048	-0.206	-1.048	
3	0.002	-1.410	0.211	-1.048	-0.206	-1.048	
3	0.002	-1.410	0.211	-1.048	-0.206	-1.048	
3	0.002	-1.410	0.211	-1.048	-0.206	-1.048	
3	0.002	-1.411	0.211	-1.049	-0.206	-1.048	
3	0.002	-1.411	0.212	-1.049	-0.206	-1.048	
3	0.002	-1.411	0.212	-1.049	-0.206	-1.048	
3	0.002	-1.411	0.212	-1.049	-0.206	-1.048	
3	0.002	-1.411	0.212	-1.049	-0.206	-1.048	
3	0.002	-1.411	0.212	-1.049	-0.206	-1.048	
3	0.002	-1.411	0.212	-1.049	-0.206	-1.048	
3	0.002	-1.411	0.212	-1.049	-0.206	-1.048	
3	0.002	-1.411	0.212	-1.049	-0.206	-1.047	
3	0.002	-1.410	0.212	-1.049	-0.206	-1.047	
3	0.002	-1.410	0.212	-1.048	-0.206	-1.047	
3	0.002	-1.410	0.212	-1.048	-0.206	-1.047	
3	0.003	-1.410	0.212	-1.048	-0.206	-1.047	
3	0.003	-1.410	0.212	-1.048	-0.206	-1.047	
3	0.003	-1.409	0.212	-1.047	-0.206	-1.047	
3	0.003	-1.409	0.212	-1.047	-0.206	-1.046	
3	0.003	-1.409	0.212	-1.047	-0.206	-1.046	
3	0.003	-1.408	0.212	-1.046	-0.206	-1.046	
3	0.003	-1.408	0.212	-1.046	-0.206	-1.046	
3	0.003	-1.408	0.212	-1.046	-0.206	-1.046	
3	0.003	-1.408	0.212	-1.046	-0.206	-1.046	
3	0.003	-1.408	0.212	-1.046	-0.206	-1.046	
3	0.003	-1.408	0.212	-1.046	-0.206	-1.046	
3	0.003	-1.408	0.212	-1.046	-0.206	-1.046	
3	0.003	-1.408	0.212	-1.046	-0.206	-1.046	
3	0.003	-1.408	0.212	-1.046	-0.206	-1.046	
4	0.003	-1.408	0.212	-1.045	0.001	-0.847	-0.207	-1.046	
6	0.003	-1.407	0.212	-1.200	0.212	-1.045	0.001	-0.844	-0.207	-1.046	-0.203	-1.205	
6	0.003	-1.407	0.212	-1.197	0.212	-1.045	0.001	-0.841	-0.207	-1.046	-0.203	-1.202	
6	0.004	-1.408	0.212	-1.195	0.211	-1.046	0.001	-0.839	-0.206	-1.046	-0.203	-1.200	
6	0.004	-1.408	0.212	-1.194	0.211	-1.046	0.000	-0.838	-0.206	-1.046	-0.203	-1.200	
6	0.004	-1.408	0.212	-1.194	0.210	-1.047	-0.000	-0.837	-0.206	-1.047	-0.203	-1.199	
6	0.004	-1.407	0.213	-1.194	0.210	-1.046	0.000	-0.838	-0.205	-1.047	-0.204	-1.200	
6	0.004	-1.406	0.213	-1.194	0.210	-1.046	0.000	-0.838	-0.205	-1.047	-0.204	-1.200	
6	0.004	-1.404	0.214	-1.194	0.210	-1.044	0.000	-0.839	-0.205	-1.045	-0.204	-1.201	
6	0.004	-1.403	0.214	-1.194	0.210	-1.044	0.000	-0.839	-0.205	-1.045	-0.204	-1.201	
6	0.004	-1.401	0.214	-1.195	0.210	-1.042	0.001	-0.840	-0.205	-1.043	-0.204	-1.201	
6	0.005	-1.400	0.214	-1.195	0.210	-1.041	0.000	-0.839	-0.205	-1.042	-0.204	-1.201	
4	0.005	-1.398	0.214	-1.195	0.001	-0.840	-0.204	-1.202	
3	-0.204	-1.202	0.214	-1.195	0.001	-0.840	
3	-0.204	-1.202	0.214	-1.195	0.001	-0.840	
3	-0.204	-1.202	0.214	-1.196	0.001	-0.840	
3	-0.204	-1.202	0.214	-1.195	0.001	-0.840	
3	-0.204	-1.202	0.214	-1.196	0.001	-0.841	
3	-0.204	-1.202	0.214	-1.196	0.001	-0.840	
3	-0.204	-1.202	0.214	-1.196	0.001	-0.841	
3	-0.204	-1.203	0.214	-1.196	0.001	-0.841	
3	-0.204	-1.202	0.214	-1.196	0.001	-0.840	
3	-0.204	-1.203	0.214	-1.197	0.001	-0.841	
3	-0.204	-1.203	0.214	-1.197	0.001	-0.841	
3	-0.204	-1.202	0.214	-1.196	0.001	-0.840	
3	-0.204	-1.203	0.214	-1.197	0.001	-0.841	
3	-0.204	-1.202	0.214	-1.197	0.001	-0.840	
3	-0.204	-1.203	0.215	-1.197	0.002	-0.841	
3	-0.204	-1.203	0.214	-1.197	0.001	-0.840	
3	-0.204	-1.203	0.215	-1.197	0.002	-0.841	
3	-0.204	-1.203	0.215	-1.197	0.001	-0.840	
3	-0.204	-1.203	0.215	-1.197	0.002	-0.841	
3	-0.204	-1.203	0.215	-1.197	0.002	-0.841	
3	-0.204	-1.203	0.215	-1.197	0.002	-0.840	
3	-0.204	-1.203	0.215	-1.197	0.002	-0.841	
3	-0.204	-1.203	0.215	-1.197	0.002	-0.840	
3	-0.204	-1.203	0.215	-1.197	0.002	-0.841	
3	-0.204	-1.203	0.215	-1.197	0.002	-0.840	
3	-0.204	-1.203	0.215	-1.197	0.002	-0.841	
3	-0.204	-1.203	0.215	-1.197	0.002	-0.841	
3	-0.204	-1.203	0.215	-1.197	0.002	-0.840	
3	-0.204	-1.203	0.215	-1.197	0.002	-0.840	
3	-0.204	-1.203	0.215	-1.197	0.002	-0.840	
3	-0.204	-1.203	0.215	-1.197	0.002	-0.840	
3	-0.203	-1.203	0.215	-1.196	0.002	-0.839	
3	-0.204	-1.203	0.215	-1.197	0.002	-0.840	
3	-0.203	-1.203	0.215	-1.196	0.002	-0.839	
3	-0.203	-1.203	0.216	-1.196	0.002	-0.840	
3	-0.203	-1.203	0.216	-1.196	0.002	-0.839	
3	-0.203	-1.203	0.216	-1.196	0.002	-0.840	
3	-0.203	-1.203	0.216	-1.196	0.002	-0.840	
3	-0.203	-1.203	0.216	-1.196	0.002	-0.839	
3	-0.203	-1.203	0.216	-1.196	0.002	-0.839	
3	-0.203	-1.203	0.216	-1.195	0.002	-0.839	
3	-0.203	-1.203	0.216	-1.195	0.002	-0.839	
3	-0.203	-1.203	0.216	-1.195	0.002	-0.838	
3	-0.203	-1.203	0.216	-1.195	0.002	-0.839	
3	-0.202	-1.203	0.216	-1.195	0.002	-0.838	
3	-0.202	-1.203	0.217	-1.195	0.002	-0.839	
3	-0.202	-1.203	0.217	-1.195	0.002	-0.839	
3	-0.202	-1.203	0.217	-1.194	0.001	-0.838	
3	-0.202	-1.203	0.217	-1.194	0.001	-0.838	
3	-0.202	-1.203	0.217	-1.194	0.001	-0.837	
3	-0.202	-1.203	0.217	-1.194	0.001	-0.838	
3	-0.202	-1.202	0.217	-1.193	0.001	-0.837	
3	-0.202	-1.203	0.217	-1.193	0.001	-0.838	
3	-0.202	-1.202	0.217	-1.193	0.001	-0.837	
3	-0.202	-1.203	0.217	-1.193	0.001	-0.837	
3	-0.201	-1.203	0.217	-1.193	0.001	-0.837	
3	-0.201	-1.202	0.217	-1.192	0.001	-0.836	
6	0.008	-1.234	0.218	-1.192	0.210	-0.871	0.001	-0.837	-0.204	-0.877	-0.201	-1.202	
6	0.008	-1.233	0.218	-1.192	0.210	-0.870	0.001	-0.836	-0.204	-0.876	-0.201	-1.202	
6	0.008	-1.231	0.218	-1.192	0.210	-0.867	0.001	-0.837	-0.204	-0.874	-0.201	-1.202	
6	0.008	-1.230	0.218	-1.191	0.210	-0.866	0.001	-0.836	-0.204	-0.873	-0.201	-1.202	
6	0.009	-1.228	0.218	-1.192	0.210	-0.865	0.001	-0.836	-0.204	-0.872	-0.201	-1.202	
6	0.008	-1.228	0.218	-1.191	0.210	-0.864	0.001	-0.836	-0.204	-0.871	-0.201	-1.202	
6	0.008	-1.227	0.217	-1.192	0.211	-0.864	0.001	-0.838	-0.204	-0.870	-0.201	-1.202	
6	0.008	-1.229	0.216	-1.191	0.211	-0.864	0.001	-0.838	-0.205	-0.870	-0.200	-1.202	
6	0.008	-1.230	0.216	-1.190	0.212	-0.864	0.001	-0.836	-0.205	-0.871	-0.200	-1.200	
6	0.008	-1.230	0.216	-1.190	0.212	-0.865	0.001	-0.835	-0.205	-0.870	-0.200	-1.199	
6	0.008	-1.231	0.215	-1.188	0.212	-0.865	0.001	-0.833	-0.205	-0.871	-0.200	-1.197	
6	0.008	-1.230	0.215	-1.187	0.212	-0.865	0.001	-0.833	-0.205	-0.871	-0.200	-1.196	
3	0.008	-1.231	0.212	-0.866	-0.205	-0.871	
3	0.008	-1.231	0.212	-0.866	-0.205	-0.871	
3	0.008	-1.232	0.212	-0.867	-0.205	-0.872	
3	0.007	-1.232	0.212	-0.867	-0.205	-0.871	
3	0.007	-1.232	0.212	-0.867	-0.205	-0.872	
3	0.007	-1.232	0.212	-0.867	-0.205	-0.872	
3	0.007	-1.233	0.212	-0.868	-0.205	-0.872	
3	0.007	-1.233	0.212	-0.868	-0.205	-0.872	
3	0.007	-1.233	0.212	-0.869	-0.205	-0.873	
3	0.007	-1.234	0.212	-0.869	-0.205	-0.873	
3	0.007	-1.234	0.212	-0.869	-0.205	-0.873	
3	0.007	-1.234	0.213	-0.869	-0.205	-0.873	
3	0.006	-1.234	0.213	-0.870	-0.205	-0.873	
3	0.006	-1.235	0.213	-0.870	-0.205	-0.874	
3	0.006	-1.234	0.213	-0.870	-0.205	-0.873	
3	0.006	-1.235	0.213	-0.871	-0.205	-0.874	
3	0.006	-1.235	0.213	-0.871	-0.205	-0.873	
3	0.006	-1.235	0.213	-0.871	-0.205	-0.874	
3	0.006	-1.236	0.213	-0.872	-0.205	-0.874	
3	0.006	-1.235	0.213	-0.872	-0.205	-0.874	
3	0.006	-1.236	0.213	-0.872	-0.205	-0.874	
3	0.006	-1.236	0.213	-0.872	-0.205	-0.874	
3	0.006	-1.236	0.213	-0.873	-0.205	-0.874	
3	0.006	-1.236	0.213	-0.872	-0.204	-0.874	
3	0.006	-1.236	0.213	-0.873	-0.204	-0.874	
3	0.006	-1.236	0.213	-0.873	-0.204	-0.874	
3	0.005	-1.236	0.213	-0.873	-0.204	-0.874	
3	0.005	-1.236	0.213	-0.873	-0.204	-0.874	
3	0.005	-1.236	0.214	-0.873	-0.204	-0.874	
3	0.005	-1.236	0.214	-0.874	-0.204	-0.874	
3	0.005	-1.236	0.214	-0.874	-0.204	-0.874	
3	0.005	-1.236	0.214	-0.874	-0.204	-0.874	
3	0.005	-1.235	0.214	-0.873	-0.204	-0.873	
3	0.005	-1.236	0.214	-0.874	-0.204	-0.873	
3	0.005	-1.236	0.214	-0.874	-0.204	-0.873	
3	0.004	-1.235	0.214	-0.874	-0.204	-0.873	
3	0.004	-1.235	0.214	-0.873	-0.204	-0.872	
3	0.004	-1.235	0.214	-0.874	-0.204	-0.872	
3	0.004	-1.235	0.214	-0.873	-0.204	-0.871	
3	0.004	-1.235	0.214	-0.874	-0.204	-0.872	
3	0.004	-1.235	0.214	-0.874	-0.204	-0.872	
3	0.004	-1.234	0.214	-0.873	-0.204	-0.871	
3	0.004	-1.234	0.214	-0.873	-0.204	-0.871	
3	0.004	-1.234	0.215	-0.873	-0.204	-0.870	
3	0.004	-1.234	0.214	-0.873	-0.204	-0.871	
3	0.004	-1.234	0.215	-0.873	-0.204	-0.871	
3	0.004	-1.233	0.215	-0.873	-0.203	-0.870	
3	0.004	-1.233	0.215	-0.873	-0.203	-0.870	
3	0.004	-1.233	0.215	-0.873	-0.204	-0.870	
3	0.004	-1.233	0.215	-0.872	-0.203	-0.870	
3	0.004	-1.233	0.215	-0.873	-0.203	-0.870	
3	0.004	-1.232	0.215	-0.872	-0.203	-0.869	
4	0.004	-1.232	0.215	-0.872	0.005	-0.673	-0.203	-0.869	
6	0.004	-1.232	0.214	-1.027	0.215	-0.872	0.005	-0.669	-0.203	-0.869	-0.201	-1.029	
6	0.004	-1.232	0.214	-1.026	0.215	-0.872	0.006	-0.669	-0.203	-0.869	-0.201	-1.028	
6	0.005	-1.233	0.214	-1.021	0.215	-0.872	0.005	-0.664	-0.203	-0.869	-0.201	-1.023	
6	0.005	-1.233	0.214	-1.021	0.215	-0.872	0.005	-0.663	-0.203	-0.869	-0.200	-1.023	
6	0.006	-1.233	0.215	-1.020	0.214	-0.873	0.005	-0.662	-0.202	-0.871	-0.201	-1.023	
6	0.006	-1.233	0.215	-1.020	0.214	-0.873	0.005	-0.662	-0.202	-0.871	-0.201	-1.023	
6	0.005	-1.232	0.215	-1.020	0.213	-0.873	0.005	-0.663	-0.202	-0.871	-0.202	-1.023	
6	0.005	-1.231	0.216	-1.021	0.213	-0.873	0.005	-0.663	-0.202	-0.870	-0.202	-1.023	
6	0.005	-1.229	0.216	-1.021	0.213	-0.871	0.005	-0.664	-0.202	-0.869	-0.202	-1.024	
6	0.005	-1.226	0.216	-1.021	0.213	-0.868	0.005	-0.665	-0.202	-0.866	-0.202	-1.025	
6	0.005	-1.225	0.216	-1.021	0.213	-0.867	0.005	-0.664	-0.202	-0.865	-0.202	-1.024	
4	0.005	-1.223	0.216	-1.022	0.005	-0.665	-0.202	-1.025	
3	-0.202	-1.026	0.216	-1.022	0.004	-0.665	
3	-0.202	-1.025	0.216	-1.021	0.004	-0.665	
3	-0.202	-1.026	0.216	-1.022	0.004	-0.665	
3	-0.202	-1.026	0.216	-1.022	0.004	-0.665	
3	-0.202	-1.027	0.216	-1.022	0.004	-0.666	
3	-0.202	-1.026	0.216	-1.022	0.004	-0.665	
3	-0.202	-1.027	0.216	-1.022	0.004	-0.665	
3	-0.202	-1.028	0.217	-1.022	0.003	-0.666	
3	-0.202	-1.028	0.216	-1.022	0.003	-0.666	
3	-0.202	-1.028	0.217	-1.022	0.003	-0.666	
3	-0.202	-1.029	0.217	-1.022	0.003	-0.667	
3	-0.202	-1.028	0.217	-1.022	0.003	-0.666	
3	-0.202	-1.029	0.217	-1.022	0.003	-0.667	
3	-0.202	-1.029	0.217	-1.022	0.003	-0.666	
3	-0.202	-1.030	0.217	-1.022	0.002	-0.667	
3	-0.201	-1.030	0.217	-1.023	0.002	-0.667	
3	-0.201	-1.030	0.217	-1.022	0.002	-0.666	
3	-0.201	-1.030	0.217	-1.022	0.002	-0.667	
3	-0.201	-1.031	0.217	-1.022	0.002	-0.668	
3	-0.201	-1.031	0.217	-1.022	0.001	-0.667	
3	-0.201	-1.031	0.217	-1.022	0.001	-0.668	
3	-0.201	-1.031	0.217	-1.022	0.001	-0.667	
3	-0.201	-1.031	0.217	-1.022	0.001	-0.667	
3	-0.201	-1.032	0.217	-1.022	0.001	-0.667	
3	-0.201	-1.032	0.217	-1.023	0.001	-0.668	
3	-0.201	-1.032	0.217	-1.022	0.000	-0.667	
3	-0.201	-1.033	0.217	-1.023	0.000	-0.668	
3	-0.201	-1.032	0.217	-1.022	0.000	-0.667	
3	-0.201	-1.033	0.217	-1.023	-0.000	-0.668	
3	-0.201	-1.033	0.217	-1.023	-0.000	-0.668	
3	-0.201	-1.033	0.217	-1.022	-0.001	-0.667	
3	-0.201	-1.034	0.217	-1.023	-0.001	-0.668	
3	-0.201	-1.033	0.217	-1.022	-0.001	-0.668	
3	-0.201	-1.033	0.217	-1.022	-0.001	-0.667	
3	-0.201	-1.034	0.217	-1.022	-0.001	-0.668	
3	-0.201	-1.034	0.217	-1.022	-0.001	-0.667	
3	-0.202	-1.034	0.217	-1.022	-0.001	-0.668	
3	-0.202	-1.035	0.217	-1.023	-0.002	-0.669	
3	-0.202	-1.034	0.217	-1.022	-0.002	-0.668	
3	-0.202	-1.035	0.217	-1.022	-0.002	-0.669	
3	-0.202	-1.035	0.217	-1.022	-0.002	-0.668	
3	-0.202	-1.035	0.217	-1.022	-0.003	-0.669	
3	-0.202	-1.035	0.216	-1.022	-0.003	-0.668	
3	-0.202	-1.035	0.216	-1.022	-0.003	-0.668	
3	-0.203	-1.035	0.216	-1.022	-0.003	-0.669	
3	-0.203	-1.035	0.216	-1.022	-0.004	-0.669	
3	-0.203	-1.035	0.216	-1.022	-0.004	-0.668	
3	-0.203	-1.035	0.216	-1.022	-0.004	-0.669	
3	-0.203	-1.035	0.216	-1.022	-0.004	-0.668	
3	-0.203	-1.035	0.215	-1.021	-0.005	-0.668	
3	-0.204	-1.035	0.215	-1.022	-0.005	-0.668	
3	-0.204	-1.035	0.215	-1.021	-0.005	-0.668	
3	-0.204	-1.035	0.215	-1.022	-0.005	-0.668	
3	-0.204	-1.035	0.215	-1.021	-0.005	-0.667	
3	-0.204	-1.035	0.215	-1.021	-0.006	-0.668	
3	-0.204	-1.036	0.215	-1.021	-0.006	-0.668	
3	-0.204	-1.035	0.214	-1.021	-0.006	-0.667	
3	-0.204	-1.035	0.214	-1.020	-0.006	-0.667	
3	-0.205	-1.035	0.214	-1.021	-0.006	-0.668	
6	0.005	-1.065	0.214	-1.021	0.203	-0.699	-0.007	-0.668	-0.211	-0.710	-0.205	-1.035	
6	0.005	-1.064	0.214	-1.020	0.203	-0.698	-0.007	-0.667	-0.211	-0.709	-0.205	-1.035	
6	0.005	-1.060	0.214	-1.020	0.203	-0.695	-0.007	-0.666	-0.212	-0.706	-0.205	-1.035	
6	0.005	-1.060	0.213	-1.019	0.203	-0.694	-0.007	-0.667	-0.212	-0.706	-0.204	-1.034	
6	0.005	-1.061	0.213	-1.019	0.203	-0.694	-0.007	-0.667	-0.212	-0.706	-0.204	-1.034	
6	0.005	-1.062	0.212	-1.018	0.203	-0.695	-0.007	-0.667	-0.212	-0.706	-0.203	-1.033	
6	0.005	-1.063	0.212	-1.016	0.204	-0.695	-0.007	-0.665	-0.212	-0.706	-0.203	-1.031	
6	0.005	-1.063	0.212	-1.015	0.204	-0.695	-0.007	-0.664	-0.212	-0.706	-0.204	-1.030	
6	0.005	-1.063	0.212	-1.014	0.204	-0.695	-0.007	-0.662	-0.212	-0.706	-0.204	-1.028	
6	0.005	-1.063	0.212	-1.013	0.205	-0.695	-0.007	-0.661	-0.212	-0.706	-0.204	-1.027	
3	0.005	-1.064	0.205	-0.696	-0.212	-0.706	
3	0.005	-1.064	0.205	-0.696	-0.212	-0.707	
3	0.005	-1.064	0.205	-0.697	-0.212	-0.707	
3	0.005	-1.064	0.205	-0.696	-0.212	-0.706	
3	0.005	-1.065	0.205	-0.697	-0.212	-0.707	
3	0.005	-1.064	0.205	-0.697	-0.212	-0.706	
3	0.005	-1.064	0.205	-0.697	-0.212	-0.706	
3	0.005	-1.065	0.205	-0.697	-0.212	-0.707	
3	0.005	-1.065	0.205	-0.698	-0.212	-0.707	
3	0.005	-1.065	0.206	-0.698	-0.212	-0.707	
3	0.005	-1.065	0.206	-0.698	-0.211	-0.707	
3	0.005	-1.065	0.206	-0.698	-0.211	-0.707	
3	0.005	-1.065	0.206	-0.698	-0.211	-0.707	
3	0.005	-1.065	0.206	-0.699	-0.211	-0.707	
3	0.005	-1.065	0.207	-0.698	-0.211	-0.706	
3	0.005	-1.065	0.207	-0.699	-0.211	-0.707	
3	0.005	-1.065	0.207	-0.699	-0.211	-0.707	
3	0.005	-1.065	0.207	-0.699	-0.210	-0.706	
3	0.005	-1.065	0.207	-0.699	-0.210	-0.706	
3	0.005	-1.065	0.208	-0.699	-0.210	-0.706	
3	0.005	-1.064	0.208	-0.699	-0.210	-0.705	
3	0.005	-1.065	0.208	-0.699	-0.210	-0.705	
3	0.005	-1.064	0.208	-0.699	-0.210	-0.705	
3	0.005	-1.065	0.208	-0.699	-0.209	-0.705	
3	0.005	-1.064	0.209	-0.699	-0.209	-0.704	
3	0.005	-1.064	0.209	-0.699	-0.209	-0.705	
3	0.005	-1.064	0.209	-0.699	-0.209	-0.704	
3	0.005	-1.064	0.209	-0.699	-0.209	-0.704	
3	0.005	-1.064	0.209	-0.698	-0.209	-0.704	
3	0.005	-1.064	0.209	-0.699	-0.208	-0.704	
3	0.005	-1.063	0.210	-0.698	-0.208	-0.703	
3	0.005	-1.064	0.210	-0.699	-0.208	-0.704	
3	0.006	-1.063	0.210	-0.699	-0.208	-0.703	
3	0.006	-1.063	0.210	-0.698	-0.208	-0.703	
3	0.006	-1.063	0.210	-0.699	-0.207	-0.703	
3	0.006	-1.063	0.211	-0.699	-0.207	-0.703	
3	0.006	-1.063	0.211	-0.698	-0.207	-0.702	
3	0.006	-1.062	0.211	-0.698	-0.207	-0.702	
3	0.006	-1.062	0.211	-0.698	-0.206	-0.702	
3	0.006	-1.062	0.212	-0.698	-0.206	-0.701	
3	0.006	-1.062	0.212	-0.698	-0.206	-0.701	
3	0.007	-1.062	0.212	-0.698	-0.206	-0.701	
3	0.007	-1.062	0.212	-0.698	-0.206	-0.701	
3	0.007	-1.062	0.212	-0.698	-0.206	-0.701	
3	0.007	-1.061	0.213	-0.697	-0.205	-0.700	
3	0.007	-1.061	0.213	-0.697	-0.205	-0.700	
3	0.007	-1.061	0.213	-0.697	-0.205	-0.700	
3	0.007	-1.060	0.213	-0.697	-0.205	-0.700	
3	0.008	-1.060	0.213	-0.697	-0.205	-0.700	
3	0.008	-1.060	0.214	-0.696	-0.205	-0.699	
3	0.008	-1.060	0.214	-0.697	-0.204	-0.699	
6	0.008	-1.060	0.215	-0.851	0.214	-0.696	0.001	-0.497	-0.204	-0.699	-0.200	-0.859	
6	0.009	-1.059	0.215	-0.847	0.214	-0.696	0.002	-0.493	-0.204	-0.699	-0.200	-0.855	
6	0.009	-1.060	0.215	-0.845	0.214	-0.696	0.002	-0.491	-0.204	-0.699	-0.199	-0.853	
6	0.009	-1.060	0.215	-0.845	0.214	-0.696	0.001	-0.490	-0.204	-0.699	-0.199	-0.853	
6	0.009	-1.059	0.216	-0.845	0.213	-0.697	0.001	-0.490	-0.203	-0.700	-0.200	-0.853	
6	0.009	-1.058	0.216	-0.846	0.212	-0.696	0.002	-0.491	-0.203	-0.699	-0.200	-0.854	
6	0.009	-1.055	0.217	-0.847	0.213	-0.694	0.002	-0.492	-0.202	-0.697	-0.201	-0.854	
6	0.008	-1.054	0.217	-0.846	0.213	-0.693	0.002	-0.492	-0.203	-0.696	-0.201	-0.854	
6	0.008	-1.054	0.217	-0.846	0.212	-0.693	0.002	-0.492	-0.203	-0.696	-0.201	-0.854	
6	0.008	-1.052	0.217	-0.847	0.213	-0.692	0.002	-0.493	-0.203	-0.694	-0.201	-0.855	
6	0.008	-1.051	0.217	-0.847	0.213	-0.691	0.002	-0.492	-0.203	-0.693	-0.201	-0.854	
4	0.008	-1.049	0.217	-0.848	0.003	-0.493	-0.201	-0.855	
4	0.008	-1.048	0.217	-0.847	0.003	-0.492	-0.201	-0.855	
3	-0.202	-0.855	0.217	-0.848	0.003	-0.493	
3	-0.202	-0.855	0.217	-0.848	0.003	-0.493	
3	-0.202	-0.855	0.217	-0.849	0.003	-0.494	
3	-0.202	-0.856	0.217	-0.849	0.003	-0.494	
3	-0.202	-0.855	0.217	-0.849	0.003	-0.493	
3	-0.202	-0.856	0.217	-0.850	0.003	-0.494	
3	-0.202	-0.856	0.217	-0.850	0.003	-0.494	
3	-0.202	-0.857	0.217	-0.850	0.004	-0.495	
3	-0.202	-0.856	0.217	-0.850	0.003	-0.494	
3	-0.202	-0.857	0.217	-0.851	0.004	-0.495	
3	-0.202	-0.857	0.217	-0.851	0.004	-0.494	
3	-0.202	-0.857	0.217	-0.851	0.004	-0.495	
3	-0.202	-0.857	0.217	-0.851	0.004	-0.495	
3	-0.202	-0.858	0.217	-0.852	0.004	-0.496	
3	-0.202	-0.857	0.217	-0.852	0.004	-0.495	
3	-0.202	-0.858	0.217	-0.853	0.004	-0.496	
3	-0.202	-0.858	0.217	-0.853	0.004	-0.497	
3	-0.202	-0.859	0.217	-0.853	0.005	-0.497	
3	-0.201	-0.858	0.217	-0.853	0.004	-0.496	
3	-0.202	-0.859	0.217	-0.854	0.005	-0.497	
3	-0.202	-0.859	0.217	-0.854	0.005	-0.497	
3	-0.201	-0.859	0.217	-0.855	0.005	-0.498	
3	-0.201	-0.859	0.217	-0.854	0.005	-0.497	
3	-0.201	-0.859	0.217	-0.854	0.005	-0.496	
3	-0.202	-0.859	0.217	-0.855	0.005	-0.497	
3	-0.202	-0.860	0.217	-0.855	0.005	-0.498	
3	-0.202	-0.860	0.217	-0.855	0.005	-0.497	
3	-0.202	-0.860	0.217	-0.855	0.005	-0.497	
3	-0.202	-0.860	0.217	-0.856	0.005	-0.498	
3	-0.202	-0.860	0.217	-0.855	0.005	-0.497	
3	-0.201	-0.861	0.217	-0.856	0.005	-0.498	
3	-0.201	-0.860	0.217	-0.855	0.005	-0.497	
3	-0.201	-0.861	0.218	-0.856	0.005	-0.498	
3	-0.201	-0.861	0.218	-0.856	0.005	-0.499	
3	-0.201	-0.860	0.218	-0.855	0.005	-0.498	
3	-0.201	-0.861	0.218	-0.856	0.005	-0.498	
3	-0.201	-0.861	0.218	-0.855	0.005	-0.498	
3	-0.201	-0.861	0.218	-0.856	0.005	-0.498	
3	-0.201	-0.861	0.218	-0.855	0.005	-0.498	
3	-0.201	-0.861	0.218	-0.856	0.006	-0.498	
3	-0.201	-0.861	0.218	-0.856	0.006	-0.499	
3	-0.200	-0.861	0.219	-0.856	0.006	-0.499	
3	-0.200	-0.861	0.218	-0.855	0.006	-0.498	
3	-0.200	-0.861	0.219	-0.856	0.006	-0.498	
3	-0.200	-0.861	0.219	-0.855	0.006	-0.498	
3	-0.200	-0.861	0.219	-0.856	0.006	-0.498	
3	-0.200	-0.861	0.219	-0.855	0.006	-0.497	
3	-0.200	-0.861	0.219	-0.856	0.006	-0.498	
3	-0.200	-0.862	0.219	-0.856	0.006	-0.498	
3	-0.200	-0.861	0.219	-0.855	0.006	-0.497	
3	-0.200	-0.861	0.219	-0.855	0.006	-0.498	
3	-0.200	-0.861	0.219	-0.855	0.006	-0.497	
3	-0.200	-0.861	0.219	-0.855	0.006	-0.498	
3	-0.199	-0.861	0.219	-0.855	0.006	-0.497	
3	-0.200	-0.861	0.220	-0.855	0.006	-0.498	
3	-0.199	-0.861	0.219	-0.855	0.006	-0.497	
6	0.010	-0.895	0.220	-0.855	0.215	-0.533	0.006	-0.497	-0.199	-0.536	-0.199	-0.861	
6	0.010	-0.892	0.220	-0.855	0.215	-0.530	0.006	-0.497	-0.199	-0.533	-0.199	-0.861	
6	0.010	-0.890	0.220	-0.854	0.215	-0.529	0.006	-0.496	-0.199	-0.532	-0.199	-0.860	
6	0.010	-0.889	0.220	-0.854	0.215	-0.527	0.006	-0.497	-0.199	-0.530	-0.199	-0.861	
6	0.010	-0.889	0.219	-0.854	0.216	-0.527	0.006	-0.497	-0.199	-0.530	-0.199	-0.860	
6	0.010	-0.889	0.219	-0.854	0.216	-0.527	0.006	-0.498	-0.199	-0.530	-0.199	-0.860	
6	0.010	-0.891	0.218	-0.853	0.216	-0.527	0.006	-0.497	-0.200	-0.531	-0.198	-0.859	
6	0.010	-0.892	0.218	-0.851	0.216	-0.528	0.006	-0.495	-0.200	-0.531	-0.198	-0.858	
6	0.010	-0.892	0.218	-0.851	0.217	-0.528	0.006	-0.495	-0.200	-0.531	-0.197	-0.857	
6	0.010	-0.893	0.218	-0.849	0.217	-0.528	0.006	-0.493	-0.200	-0.532	-0.197	-0.855	
6	0.010	-0.892	0.218	-0.848	0.217	-0.528	0.006	-0.492	-0.200	-0.532	-0.197	-0.855	
3	0.010	-0.893	0.217	-0.529	-0.200	-0.532	
3	0.010	-0.893	0.217	-0.529	-0.200	-0.532	
3	0.011	-0.893	0.217	-0.529	-0.200	-0.532	
3	0.011	-0.893	0.217	-0.529	-0.200	-0.532	
3	0.011	-0.894	0.217	-0.530	-0.200	-0.533	
3	0.011	-0.894	0.217	-0.530	-0.201	-0.533	
3	0.011	-0.894	0.217	-0.530	-0.200	-0.533	
3	0.011	-0.894	0.217	-0.530	-0.200	-0.533	
3	0.011	-0.894	0.217	-0.530	-0.200	-0.533	
3	0.011	-0.894	0.217	-0.531	-0.200	-0.533	
3	0.010	-0.895	0.217	-0.531	-0.200	-0.534	
3	0.010	-0.895	0.217	-0.531	-0.200	-0.534	
3	0.010	-0.894	0.217	-0.531	-0.200	-0.533	
3	0.010	-0.895	0.217	-0.531	-0.200	-0.534	
3	0.010	-0.895	0.217	-0.531	-0.200	-0.534	
3	0.010	-0.895	0.218	-0.531	-0.200	-0.533	
3	0.010	-0.895	0.218	-0.531	-0.200	-0.534	
3	0.010	-0.895	0.218	-0.532	-0.200	-0.534	
3	0.010	-0.895	0.218	-0.531	-0.200	-0.533	
3	0.010	-0.895	0.218	-0.532	-0.200	-0.533	
3	0.010	-0.895	0.218	-0.531	-0.200	-0.533	
3	0.010	-0.895	0.218	-0.532	-0.200	-0.533	
3	0.010	-0.895	0.218	-0.531	-0.200	-0.533	
3	0.010	-0.895	0.218	-0.532	-0.200	-0.533	
3	0.010	-0.895	0.218	-0.531	-0.200	-0.533	
3	0.011	-0.895	0.218	-0.532	-0.200	-0.533	
3	0.010	-0.895	0.218	-0.532	-0.200	-0.533	
3	0.010	-0.894	0.218	-0.531	-0.200	-0.533	
3	0.011	-0.895	0.218	-0.532	-0.200	-0.533	
3	0.011	-0.895	0.218	-0.532	-0.200	-0.533	
3	0.011	-0.894	0.219	-0.531	-0.199	-0.532	
3	0.011	-0.894	0.218	-0.532	-0.199	-0.532	
3	0.011	-0.894	0.219	-0.532	-0.199	-0.532	
3	0.011	-0.894	0.219	-0.531	-0.199	-0.532	
3	0.011	-0.894	0.219	-0.531	-0.199	-0.532	
3	0.011	-0.894	0.219	-0.531	-0.199	-0.532	
3	0.011	-0.893	0.219	-0.531	-0.199	-0.531	
3	0.011	-0.893	0.219	-0.531	-0.199	-0.532	
3	0.011	-0.893	0.219	-0.531	-0.199	-0.531	
3	0.011	-0.893	0.219	-0.531	-0.199	-0.531	
3	0.011	-0.893	0.219	-0.530	-0.199	-0.531	
3	0.011	-0.893	0.219	-0.531	-0.199	-0.531	
3	0.011	-0.892	0.219	-0.530	-0.199	-0.530	
3	0.011	-0.893	0.219	-0.530	-0.199	-0.531	
3	0.011	-0.892	0.219	-0.530	-0.199	-0.530	
3	0.011	-0.892	0.219	-0.530	-0.199	-0.530	
3	0.011	-0.892	0.219	-0.530	-0.199	-0.530	
3	0.011	-0.892	0.219	-0.530	-0.199	-0.530	
3	0.011	-0.891	0.219	-0.529	-0.199	-0.529	
3	0.011	-0.891	0.219	-0.529	-0.199	-0.529	
3	0.011	-0.891	0.219	-0.529	-0.199	-0.529	
3	0.011	-0.891	0.219	-0.529	-0.199	-0.529	
4	0.011	-0.890	0.219	-0.529	0.008	-0.331	-0.199	-0.529	
6	0.011	-0.890	0.219	-0.683	0.219	-0.529	0.008	-0.327	-0.199	-0.529	-0.196	-0.688	
6	0.011	-0.890	0.219	-0.682	0.219	-0.528	0.008	-0.326	-0.199	-0.528	-0.196	-0.687	
6	0.011	-0.890	0.219	-0.680	0.219	-0.528	0.008	-0.324	-0.199	-0.528	-0.196	-0.685	
6	0.011	-0.889	0.219	-0.679	0.219	-0.528	0.008	-0.323	-0.199	-0.528	-0.196	-0.684	
6	0.011	-0.890	0.220	-0.679	0.218	-0.528	0.009	-0.322	-0.198	-0.528	-0.196	-0.684	
6	0.011	-0.888	0.220	-0.680	0.218	-0.528	0.009	-0.323	-0.198	-0.528	-0.197	-0.685	
6	0.010	-0.885	0.220	-0.681	0.217	-0.526	0.008	-0.324	-0.198	-0.525	-0.198	-0.685	
6	0.010	-0.882	0.220	-0.681	0.217	-0.523	0.008	-0.325	-0.198	-0.522	-0.198	-0.686	
6	0.010	-0.881	0.220	-0.681	0.217	-0.522	0.008	-0.324	-0.198	-0.522	-0.198	-0.685	
4	0.010	-0.879	0.220	-0.681	0.008	-0.325	-0.198	-0.686	
3	-0.198	-0.686	0.220	-0.681	0.008	-0.325	
3	-0.198	-0.686	0.220	-0.681	0.008	-0.325	
3	-0.198	-0.687	0.220	-0.682	0.007	-0.326	
3	-0.198	-0.687	0.220	-0.682	0.007	-0.326	
3	-0.198	-0.687	0.220	-0.681	0.007	-0.325	
3	-0.198	-0.688	0.220	-0.682	0.007	-0.326	
3	-0.198	-0.687	0.220	-0.682	0.007	-0.326	
3	-0.198	-0.688	0.220	-0.682	0.007	-0.326	
3	-0.199	-0.689	0.220	-0.683	0.006	-0.327	
3	-0.198	-0.688	0.220	-0.682	0.006	-0.326	
3	-0.199	-0.689	0.220	-0.683	0.006	-0.327	
3	-0.199	-0.689	0.220	-0.682	0.006	-0.326	
3	-0.199	-0.690	0.220	-0.683	0.006	-0.327	
3	-0.199	-0.689	0.220	-0.683	0.006	-0.327	
3	-0.199	-0.690	0.220	-0.683	0.006	-0.328	
3	-0.199	-0.691	0.220	-0.683	0.005	-0.328	
3	-0.199	-0.690	0.220	-0.683	0.005	-0.327	
3	-0.199	-0.691	0.220	-0.683	0.005	-0.328	
3	-0.198	-0.691	0.220	-0.683	0.005	-0.327	
3	-0.199	-0.691	0.220	-0.683	0.005	-0.328	
3	-0.198	-0.691	0.220	-0.683	0.005	-0.327	
3	-0.198	-0.692	0.220	-0.683	0.004	-0.328	
3	-0.198	-0.692	0.220	-0.683	0.004	-0.328	
3	-0.198	-0.692	0.220	-0.683	0.004	-0.327	
3	-0.198	-0.693	0.220	-0.683	0.004	-0.328	
3	-0.198	-0.693	0.220	-0.683	0.004	-0.328	
3	-0.198	-0.692	0.220	-0.682	0.004	-0.328	
3	-0.198	-0.693	0.220	-0.683	0.003	-0.328	
3	-0.198	-0.693	0.220	-0.682	0.003	-0.327	
3	-0.198	-0.694	0.221	-0.683	0.003	-0.328	
3	-0.198	-0.694	0.221	-0.682	0.003	-0.328	
3	-0.198	-0.693	0.221	-0.682	0.003	-0.327	
3	-0.198	-0.694	0.221	-0.682	0.002	-0.328	
3	-0.198	-0.694	0.221	-0.682	0.002	-0.328	
3	-0.198	-0.693	0.221	-0.681	0.002	-0.327	
3	-0.198	-0.694	0.221	-0.682	0.002	-0.328	
3	-0.198	-0.693	0.221	-0.681	0.002	-0.327	
3	-0.198	-0.694	0.221	-0.681	0.002	-0.328	
3	-0.198	-0.694	0.221	-0.681	0.002	-0.328	
3	-0.198	-0.693	0.221	-0.680	0.002	-0.326	
3	-0.198	-0.694	0.221	-0.681	0.002	-0.327	
3	-0.198	-0.693	0.221	-0.680	0.002	-0.326	
3	-0.197	-0.694	0.221	-0.680	0.001	-0.327	
3	-0.197	-0.693	0.221	-0.680	0.001	-0.326	
3	-0.197	-0.694	0.221	-0.680	0.001	-0.327	
3	-0.197	-0.693	0.221	-0.679	0.001	-0.326	
3	-0.197	-0.694	0.221	-0.680	0.001	-0.326	
3	-0.197	-0.694	0.222	-0.679	0.001	-0.326	
3	-0.197	-0.693	0.221	-0.679	0.001	-0.325	
3	-0.197	-0.694	0.222	-0.678	0.000	-0.326	
3	-0.197	-0.694	0.222	-0.678	-0.000	-0.326	
3	-0.197	-0.693	0.222	-0.677	-0.000	-0.325	
6	0.013	-0.722	0.222	-0.678	0.210	-0.356	-0.001	-0.325	-0.205	-0.369	-0.197	-0.694	
6	0.013	-0.721	0.222	-0.677	0.209	-0.355	-0.001	-0.325	-0.205	-0.368	-0.197	-0.694	
6	0.013	-0.719	0.222	-0.677	0.209	-0.353	-0.001	-0.325	-0.205	-0.366	-0.197	-0.694	
6	0.013	-0.718	0.221	-0.677	0.209	-0.352	-0.001	-0.324	-0.205	-0.365	-0.197	-0.694	
6	0.013	-0.717	0.221	-0.677	0.209	-0.350	-0.001	-0.325	-0.206	-0.363	-0.197	-0.694	
6	0.013	-0.716	0.221	-0.676	0.209	-0.349	-0.002	-0.325	-0.206	-0.363	-0.197	-0.693	
6	0.013	-0.718	0.220	-0.675	0.209	-0.350	-0.002	-0.325	-0.206	-0.364	-0.196	-0.692	
6	0.013	-0.719	0.220	-0.673	0.210	-0.350	-0.002	-0.323	-0.206	-0.364	-0.196	-0.690	
6	0.013	-0.719	0.220	-0.673	0.210	-0.350	-0.001	-0.322	-0.206	-0.364	-0.195	-0.690	
6	0.013	-0.720	0.220	-0.671	0.210	-0.350	-0.001	-0.320	-0.206	-0.364	-0.195	-0.688	
6	0.014	-0.720	0.220	-0.670	0.211	-0.350	-0.001	-0.320	-0.206	-0.364	-0.195	-0.687	
3	0.014	-0.720	0.211	-0.351	-0.206	-0.365	
3	0.014	-0.721	0.211	-0.352	-0.206	-0.366	
3	0.014	-0.721	0.211	-0.351	-0.206	-0.365	
3	0.014	-0.721	0.211	-0.352	-0.206	-0.366	
3	0.014	-0.721	0.211	-0.352	-0.206	-0.366	
3	0.014	-0.722	0.211	-0.352	-0.206	-0.366	
3	0.014	-0.722	0.211	-0.352	-0.206	-0.366	
3	0.015	-0.722	0.211	-0.353	-0.206	-0.367	
3	0.015	-0.723	0.211	-0.353	-0.206	-0.367	
3	0.015	-0.723	0.211	-0.353	-0.206	-0.367	
3	0.015	-0.723	0.211	-0.354	-0.206	-0.368	
3	0.015	-0.723	0.212	-0.353	-0.206	-0.368	
3	0.015	-0.723	0.212	-0.354	-0.206	-0.368	
3	0.015	-0.723	0.212	-0.354	-0.206	-0.368	
3	0.015	-0.724	0.212	-0.354	-0.206	-0.368	
3	0.015	-0.723	0.212	-0.354	-0.206	-0.368	
3	0.015	-0.724	0.212	-0.354	-0.205	-0.368	
3	0.016	-0.724	0.212	-0.354	-0.205	-0.369	
3	0.016	-0.724	0.212	-0.354	-0.205	-0.368	
3	0.016	-0.723	0.213	-0.354	-0.205	-0.368	
3	0.016	-0.724	0.213	-0.354	-0.205	-0.368	
3	0.016	-0.723	0.213	-0.354	-0.205	-0.368	
3	0.016	-0.724	0.213	-0.354	-0.204	-0.368	
3	0.016	-0.723	0.213	-0.354	-0.204	-0.367	
3	0.016	-0.723	0.213	-0.354	-0.204	-0.368	
3	0.016	-0.723	0.213	-0.354	-0.204	-0.367	
3	0.017	-0.724	0.214	-0.354	-0.204	-0.368	
3	0.017	-0.723	0.214	-0.354	-0.204	-0.367	
3	0.017	-0.724	0.214	-0.354	-0.204	-0.368	
3	0.017	-0.723	0.214	-0.354	-0.204	-0.367	
3	0.017	-0.724	0.214	-0.355	-0.203	-0.368	
3	0.017	-0.724	0.214	-0.355	-0.203	-0.368	
3	0.017	-0.723	0.215	-0.354	-0.203	-0.367	
3	0.017	-0.724	0.215	-0.355	-0.203	-0.367	
3	0.017	-0.723	0.215	-0.354	-0.203	-0.367	
3	0.017	-0.724	0.215	-0.355	-0.203	-0.367	
3	0.017	-0.723	0.215	-0.354	-0.203	-0.367	
3	0.017	-0.724	0.215	-0.355	-0.203	-0.367	
3	0.017	-0.724	0.215	-0.355	-0.202	-0.367	
3	0.017	-0.723	0.215	-0.355	-0.202	-0.367	
3	0.017	-0.723	0.215	-0.355	-0.202	-0.367	
3	0.017	-0.723	0.216	-0.355	-0.202	-0.366	
3	0.017	-0.723	0.216	-0.355	-0.202	-0.367	
3	0.017	-0.723	0.216	-0.355	-0.202	-0.366	
3	0.017	-0.723	0.216	-0.355	-0.202	-0.367	
3	0.017	-0.723	0.216	-0.355	-0.202	-0.366	
3	0.017	-0.723	0.216	-0.355	-0.202	-0.366	
3	0.017	-0.723	0.216	-0.355	-0.202	-0.366	
3	0.017	-0.723	0.216	-0.356	-0.202	-0.366	
3	0.017	-0.723	0.217	-0.356	-0.201	-0.366	
3	0.017	-0.722	0.217	-0.355	-0.201	-0.366	
3	0.017	-0.722	0.217	-0.355	-0.201	-0.366	
4	0.018	-0.722	0.217	-0.355	0.001	-0.162	-0.201	-0.365	
6	0.018	-0.721	0.221	-0.509	0.217	-0.355	0.001	-0.159	-0.201	-0.365	-0.194	-0.524	
6	0.018	-0.721	0.221	-0.506	0.217	-0.355	0.001	-0.155	-0.201	-0.365	-0.194	-0.521	
6	0.018	-0.721	0.221	-0.505	0.217	-0.354	0.001	-0.155	-0.201	-0.364	-0.194	-0.520	
6	0.018	-0.721	0.221	-0.503	0.217	-0.355	0.001	-0.153	-0.200	-0.365	-0.194	-0.518	
6	0.018	-0.721	0.221	-0.503	0.217	-0.354	0.002	-0.152	-0.200	-0.364	-0.193	-0.518	
6	0.018	-0.721	0.222	-0.503	0.216	-0.355	0.002	-0.152	-0.200	-0.365	-0.194	-0.518	
6	0.018	-0.719	0.222	-0.504	0.216	-0.354	0.002	-0.153	-0.199	-0.364	-0.195	-0.519	
6	0.018	-0.719	0.223	-0.504	0.216	-0.354	0.002	-0.153	-0.199	-0.364	-0.195	-0.520	
6	0.018	-0.716	0.223	-0.504	0.216	-0.352	0.001	-0.154	-0.199	-0.363	-0.195	-0.520	
6	0.018	-0.716	0.223	-0.504	0.216	-0.352	0.001	-0.154	-0.199	-0.362	-0.195	-0.520	
6	0.018	-0.714	0.223	-0.505	0.216	-0.349	0.001	-0.155	-0.199	-0.360	-0.195	-0.521	
4	0.019	-0.711	0.223	-0.505	0.001	-0.155	-0.195	-0.521	
4	0.018	-0.710	0.223	-0.505	0.001	-0.154	-0.195	-0.521	
3	-0.195	-0.521	0.223	-0.505	0.001	-0.155	
3	-0.195	-0.522	0.223	-0.505	0.000	-0.155	
3	-0.195	-0.522	0.223	-0.505	0.000	-0.155	
3	-0.195	-0.522	0.223	-0.505	0.000	-0.156	
3	-0.195	-0.522	0.223	-0.505	-0.000	-0.156	
3	-0.195	-0.522	0.223	-0.505	-0.000	-0.155	
3	-0.195	-0.522	0.223	-0.505	-0.000	-0.155	
3	-0.195	-0.523	0.223	-0.505	-0.000	-0.155	
3	-0.195	-0.524	0.223	-0.505	-0.001	-0.156	
3	-0.195	-0.524	0.223	-0.505	-0.001	-0.155	
3	-0.195	-0.524	0.224	-0.505	-0.001	-0.156	
3	-0.195	-0.524	0.224	-0.505	-0.001	-0.156	
3	-0.194	-0.525	0.224	-0.505	-0.001	-0.156	
3	-0.194	-0.525	0.224	-0.505	-0.001	-0.156	
3	-0.194	-0.525	0.224	-0.505	-0.002	-0.156	
3	-0.194	-0.526	0.224	-0.505	-0.002	-0.157	
3	-0.194	-0.526	0.224	-0.505	-0.002	-0.156	
3	-0.194	-0.526	0.225	-0.505	-0.002	-0.156	
3	-0.193	-0.527	0.225	-0.505	-0.002	-0.157	
3	-0.193	-0.528	0.225	-0.505	-0.003	-0.157	
3	-0.193	-0.528	0.225	-0.505	-0.003	-0.157	
3	-0.193	-0.527	0.225	-0.504	-0.003	-0.156	
3	-0.193	-0.528	0.225	-0.504	-0.003	-0.156	
3	-0.192	-0.529	0.226	-0.504	-0.003	-0.157	
3	-0.192	-0.528	0.226	-0.504	-0.004	-0.156	
3	-0.192	-0.529	0.226	-0.504	-0.004	-0.157	
3	-0.192	-0.529	0.226	-0.503	-0.004	-0.156	
3	-0.192	-0.530	0.226	-0.504	-0.004	-0.157	
3	-0.192	-0.529	0.226	-0.503	-0.004	-0.156	
3	-0.191	-0.530	0.227	-0.503	-0.005	-0.157	
3	-0.191	-0.530	0.227	-0.503	-0.005	-0.156	
3	-0.191	-0.530	0.227	-0.503	-0.005	-0.157	
3	-0.191	-0.530	0.227	-0.502	-0.005	-0.156	
3	-0.191	-0.530	0.227	-0.502	-0.005	-0.156	
3	-0.191	-0.530	0.227	-0.502	-0.005	-0.156	
3	-0.190	-0.531	0.228	-0.502	-0.006	-0.157	
3	-0.190	-0.531	0.228	-0.501	-0.006	-0.156	
3	-0.190	-0.531	0.228	-0.501	-0.006	-0.157	
3	-0.190	-0.531	0.228	-0.501	-0.006	-0.156	
3	-0.190	-0.531	0.228	-0.500	-0.006	-0.156	
3	-0.190	-0.531	0.228	-0.500	-0.006	-0.157	
3	-0.189	-0.532	0.229	-0.500	-0.007	-0.157	
3	-0.189	-0.532	0.229	-0.500	-0.007	-0.156	
3	-0.189	-0.531	0.229	-0.499	-0.007	-0.155	
3	-0.189	-0.532	0.229	-0.499	-0.007	-0.156	
3	-0.189	-0.531	0.229	-0.499	-0.007	-0.155	
3	-0.189	-0.531	0.229	-0.498	-0.007	-0.155	
3	-0.188	-0.532	0.230	-0.499	-0.007	-0.156	
3	-0.188	-0.531	0.230	-0.498	-0.007	-0.155	
3	-0.188	-0.531	0.230	-0.497	-0.007	-0.154	
3	-0.188	-0.531	0.230	-0.498	-0.007	-0.155	
3	-0.188	-0.531	0.230	-0.497	-0.007	-0.154	
3	-0.187	-0.531	0.230	-0.497	-0.007	-0.154	
3	-0.187	-0.530	0.230	-0.496	-0.007	-0.154	
6	0.024	-0.550	0.231	-0.496	0.205	-0.176	-0.006	-0.154	-0.209	-0.206	-0.187	-0.530	
6	0.024	-0.549	0.231	-0.496	0.205	-0.175	-0.006	-0.153	-0.209	-0.205	-0.187	-0.530	
6	0.024	-0.549	0.231	-0.496	0.205	-0.174	-0.006	-0.153	-0.209	-0.205	-0.187	-0.530	
6	0.024	-0.546	0.231	-0.496	0.205	-0.172	-0.006	-0.153	-0.209	-0.203	-0.187	-0.530	
6	0.024	-0.545	0.231	-0.495	0.205	-0.171	-0.006	-0.152	-0.209	-0.202	-0.187	-0.529	
6	0.024	-0.545	0.230	-0.495	0.205	-0.170	-0.006	-0.152	-0.209	-0.201	-0.186	-0.529	
6	0.024	-0.547	0.229	-0.494	0.205	-0.171	-0.006	-0.153	-0.209	-0.202	-0.186	-0.528	
6	0.024	-0.548	0.229	-0.492	0.206	-0.171	-0.006	-0.151	-0.209	-0.202	-0.186	-0.525	
6	0.024	-0.548	0.229	-0.491	0.206	-0.171	-0.006	-0.150	-0.210	-0.202	-0.186	-0.525	
6	0.024	-0.549	0.228	-0.489	0.206	-0.172	-0.006	-0.148	-0.209	-0.202	-0.186	-0.522	
3	0.024	-0.549	0.207	-0.172	-0.209	-0.202	
3	0.024	-0.549	0.207	-0.172	-0.210	-0.202	
3	0.024	-0.549	0.207	-0.173	-0.209	-0.202	
3	0.024	-0.550	0.207	-0.173	-0.209	-0.202	
3	0.023	-0.550	0.207	-0.174	-0.209	-0.202	
3	0.023	-0.550	0.207	-0.174	-0.209	-0.202	
3	0.023	-0.550	0.207	-0.174	-0.209	-0.202	
3	0.023	-0.551	0.207	-0.175	-0.209	-0.203	
3	0.023	-0.550	0.207	-0.174	-0.209	-0.202	
3	0.023	-0.551	0.207	-0.175	-0.209	-0.203	
3	0.023	-0.550	0.207	-0.175	-0.209	-0.202	
3	0.023	-0.551	0.207	-0.175	-0.209	-0.203	
3	0.023	-0.551	0.208	-0.175	-0.209	-0.202	
3	0.022	-0.551	0.208	-0.176	-0.209	-0.203	
3	0.022	-0.552	0.208	-0.176	-0.209	-0.203	
3	0.022	-0.551	0.208	-0.176	-0.209	-0.202	
3	0.022	-0.552	0.208	-0.177	-0.209	-0.203	
3	0.022	-0.552	0.208	-0.177	-0.209	-0.203	
3	0.022	-0.551	0.208	-0.177	-0.209	-0.202	
3	0.022	-0.552	0.208	-0.177	-0.209	-0.203	
3	0.021	-0.552	0.208	-0.178	-0.209	-0.202	
3	0.021	-0.552	0.208	-0.177	-0.209	-0.202	
3	0.021	-0.552	0.208	-0.178	-0.209	-0.202	
3	0.021	-0.552	0.208	-0.178	-0.209	-0.202	
3	0.021	-0.552	0.208	-0.178	-0.209	-0.202	
3	0.021	-0.552	0.208	-0.178	-0.209	-0.202	
3	0.021	-0.553	0.208	-0.179	-0.209	-0.202	
3	0.020	-0.553	0.209	-0.179	-0.209	-0.202	
3	0.020	-0.553	0.209	-0.179	-0.209	-0.202	
3	0.020	-0.552	0.209	-0.179	-0.209	-0.201	
3	0.020	-0.553	0.209	-0.179	-0.209	-0.202	
3	0.020	-0.553	0.209	-0.179	-0.209	-0.202	
3	0.020	-0.552	0.209	-0.179	-0.209	-0.201	
3	0.020	-0.553	0.209	-0.180	-0.208	-0.201	
3	0.020	-0.552	0.209	-0.179	-0.209	-0.201	
3	0.020	-0.553	0.209	-0.180	-0.208	-0.201	
3	0.019	-0.552	0.209	-0.179	-0.209	-0.201	
3	0.019	-0.552	0.209	-0.180	-0.208	-0.201	
3	0.019	-0.552	0.209	-0.179	-0.209	-0.201	
3	0.019	-0.552	0.209	-0.179	-0.209	-0.201	
3	0.019	-0.552	0.209	-0.179	-0.209	-0.201	
3	0.019	-0.552	0.209	-0.179	-0.209	-0.201	
3	0.019	-0.551	0.209	-0.179	-0.209	-0.200	
3	0.019	-0.552	0.209	-0.179	-0.209	-0.200	
3	0.019	-0.552	0.209	-0.179	-0.209	-0.200	
3	0.019	-0.551	0.209	-0.178	-0.209	-0.200	
3	0.019	-0.551	0.208	-0.178	-0.209	-0.200	
3	0.019	-0.550	0.208	-0.178	-0.209	-0.200	
3	0.019	-0.551	0.208	-0.178	-0.209	-0.200	
3	0.019	-0.551	0.208	-0.178	-0.209	-0.200	
3	0.019	-0.550	0.208	-0.178	-0.209	-0.200	
4	0.019	-0.550	0.208	-0.178	-0.013	0.009	-0.209	-0.200	
4	0.019	-0.550	0.208	-0.177	-0.013	0.010	-0.209	-0.199	
6	0.019	-0.550	0.216	-0.332	0.208	-0.178	-0.013	0.012	-0.210	-0.199	-0.198	-0.358	
6	0.019	-0.549	0.216	-0.331	0.208	-0.177	-0.013	0.013	-0.210	-0.199	-0.198	-0.358	
6	0.019	-0.550	0.216	-0.329	0.208	-0.177	-0.013	0.015	-0.210	-0.199	-0.198	-0.355	
6	0.019	-0.549	0.216	-0.328	0.208	-0.177	-0.013	0.016	-0.210	-0.199	-0.198	-0.355	
6	0.019	-0.549	0.216	-0.328	0.207	-0.178	-0.013	0.017	-0.209	-0.199	-0.198	-0.354	
6	0.019	-0.548	0.217	-0.329	0.206	-0.177	-0.013	0.016	-0.208	-0.199	-0.199	-0.356	
6	0.019	-0.547	0.217	-0.329	0.206	-0.177	-0.013	0.016	-0.208	-0.198	-0.199	-0.356	
6	0.018	-0.545	0.217	-0.330	0.206	-0.175	-0.013	0.015	-0.208	-0.197	-0.200	-0.357	
6	0.018	-0.544	0.217	-0.330	0.206	-0.175	-0.013	0.015	-0.208	-0.196	-0.200	-0.357	
6	0.018	-0.542	0.218	-0.331	0.206	-0.173	-0.013	0.014	-0.208	-0.194	-0.200	-0.357	
6	0.018	-0.542	0.218	-0.330	0.206	-0.173	-0.013	0.014	-0.208	-0.194	-0.200	-0.357	
4	0.018	-0.540	0.218	-0.331	-0.013	0.013	-0.200	-0.358	
4	0.018	-0.539	0.218	-0.331	-0.013	0.014	-0.200	-0.358	
3	-0.200	-0.358	0.218	-0.332	-0.012	0.013	
3	-0.200	-0.358	0.217	-0.332	-0.013	0.013	
3	-0.200	-0.359	0.217	-0.333	-0.012	0.012	
3	-0.200	-0.358	0.217	-0.333	-0.012	0.013	
3	-0.201	-0.359	0.217	-0.334	-0.012	0.012	
3	-0.201	-0.359	0.217	-0.334	-0.012	0.012	
3	-0.201	-0.359	0.217	-0.334	-0.012	0.012	
3	-0.201	-0.360	0.217	-0.335	-0.012	0.011	
3	-0.201	-0.359	0.217	-0.334	-0.012	0.012	
3	-0.201	-0.360	0.217	-0.335	-0.012	0.011	
3	-0.201	-0.360	0.217	-0.335	-0.012	0.011	
3	-0.201	-0.360	0.217	-0.336	-0.012	0.010	
3	-0.201	-0.360	0.217	-0.335	-0.012	0.011	
3	-0.201	-0.360	0.217	-0.336	-0.011	0.010	
3	-0.201	-0.360	0.217	-0.336	-0.011	0.011	
3	-0.201	-0.361	0.217	-0.337	-0.011	0.010	
3	-0.201	-0.361	0.217	-0.337	-0.011	0.010	
3	-0.201	-0.360	0.217	-0.337	-0.011	0.010	
3	-0.201	-0.361	0.217	-0.338	-0.011	0.010	
3	-0.201	-0.360	0.217	-0.337	-0.011	0.010	
3	-0.201	-0.361	0.217	-0.338	-0.011	0.009	
3	-0.201	-0.360	0.217	-0.338	-0.011	0.010	
3	-0.201	-0.361	0.217	-0.338	-0.010	0.009	
3	-0.201	-0.360	0.217	-0.338	-0.010	0.010	
3	-0.202	-0.360	0.216	-0.339	-0.010	0.010	
3	-0.202	-0.361	0.216	-0.339	-0.010	0.009	
3	-0.202	-0.360	0.216	-0.339	-0.010	0.010	
3	-0.202	-0.361	0.216	-0.340	-0.010	0.009	
3	-0.202	-0.360	0.216	-0.339	-0.010	0.010	
3	-0.202	-0.361	0.216	-0.340	-0.009	0.009	
3	-0.202	-0.360	0.216	-0.340	-0.009	0.010	
3	-0.202	-0.360	0.216	-0.340	-0.009	0.010	
3	-0.202	-0.361	0.216	-0.340	-0.009	0.009	
3	-0.202	-0.360	0.216	-0.341	-0.009	0.009	
3	-0.202	-0.360	0.216	-0.340	-0.009	0.010	
3	-0.203	-0.360	0.216	-0.341	-0.009	0.009	
3	-0.203	-0.360	0.216	-0.341	-0.009	0.010	
3	-0.203	-0.360	0.216	-0.341	-0.009	0.009	
3	-0.203	-0.360	0.216	-0.341	-0.009	0.009	
3	-0.203	-0.360	0.216	-0.341	-0.008	0.009	
3	-0.203	-0.360	0.216	-0.341	-0.008	0.010	
3	-0.203	-0.360	0.216	-0.342	-0.008	0.009	
3	-0.203	-0.360	0.216	-0.341	-0.008	0.010	
3	-0.203	-0.360	0.216	-0.342	-0.008	0.009	
3	-0.203	-0.360	0.216	-0.342	-0.008	0.010	
3	-0.203	-0.360	0.216	-0.341	-0.008	0.010	
3	-0.203	-0.360	0.216	-0.342	-0.008	0.009	
3	-0.203	-0.360	0.216	-0.342	-0.008	0.010	
3	-0.203	-0.360	0.216	-0.342	-0.008	0.009	
3	-0.203	-0.359	0.216	-0.342	-0.008	0.010	
3	-0.203	-0.360	0.216	-0.342	-0.008	0.009	
3	-0.203	-0.359	0.216	-0.341	-0.008	0.010	
3	-0.203	-0.360	0.216	-0.342	-0.008	0.010	
3	-0.203	-0.359	0.216	-0.341	-0.008	0.010	
3	-0.203	-0.359	0.216	-0.341	-0.008	0.010	
3	-0.203	-0.359	0.216	-0.341	-0.008	0.011	
6	0.008	-0.387	0.216	-0.341	0.203	-0.020	-0.008	0.010	-0.212	-0.034	-0.203	-0.359	
6	0.008	-0.384	0.216	-0.341	0.203	-0.017	-0.007	0.010	-0.212	-0.031	-0.203	-0.359	
6	0.008	-0.382	0.216	-0.341	0.203	-0.014	-0.007	0.010	-0.212	-0.029	-0.202	-0.359	
6	0.008	-0.381	0.215	-0.340	0.203	-0.014	-0.007	0.010	-0.212	-0.028	-0.202	-0.359	
6	0.008	-0.383	0.214	-0.340	0.203	-0.014	-0.008	0.010	-0.212	-0.029	-0.201	-0.358	
6	0.008	-0.383	0.214	-0.340	0.203	-0.014	-0.008	0.010	-0.212	-0.029	-0.201	-0.357	
6	0.008	-0.384	0.214	-0.338	0.204	-0.015	-0.008	0.012	-0.213	-0.030	-0.201	-0.356	
6	0.008	-0.384	0.214	-0.338	0.204	-0.015	-0.008	0.012	-0.213	-0.030	-0.201	-0.355	
6	0.008	-0.385	0.214	-0.336	0.204	-0.015	-0.008	0.014	-0.213	-0.030	-0.201	-0.354	
6	0.008	-0.385	0.214	-0.335	0.204	-0.015	-0.008	0.015	-0.213	-0.030	-0.201	-0.353	
3	0.008	-0.386	0.204	-0.016	-0.213	-0.031	
3	0.008	-0.386	0.204	-0.016	-0.213	-0.031	
3	0.008	-0.386	0.204	-0.016	-0.213	-0.031	
3	0.008	-0.386	0.204	-0.016	-0.213	-0.031	
3	0.008	-0.387	0.204	-0.017	-0.212	-0.031	
3	0.008	-0.386	0.205	-0.017	-0.213	-0.031	
3	0.008	-0.387	0.205	-0.017	-0.212	-0.031	
3	0.008	-0.387	0.205	-0.017	-0.213	-0.031	
3	0.008	-0.387	0.205	-0.018	-0.212	-0.031	
3	0.007	-0.387	0.205	-0.018	-0.212	-0.031	
3	0.007	-0.387	0.205	-0.018	-0.212	-0.031	
3	0.007	-0.388	0.205	-0.019	-0.212	-0.031	
3	0.007	-0.388	0.205	-0.019	-0.212	-0.031	
3	0.007	-0.387	0.205	-0.019	-0.212	-0.031	
3	0.007	-0.388	0.205	-0.019	-0.212	-0.031	
3	0.007	-0.387	0.205	-0.019	-0.212	-0.031	
3	0.007	-0.388	0.205	-0.020	-0.212	-0.031	
3	0.007	-0.388	0.206	-0.020	-0.212	-0.031	
3	0.007	-0.388	0.206	-0.020	-0.212	-0.031	
3	0.007	-0.388	0.206	-0.020	-0.212	-0.031	
3	0.006	-0.388	0.206	-0.020	-0.212	-0.031	
3	0.006	-0.388	0.206	-0.020	-0.212	-0.031	
3	0.006	-0.388	0.206	-0.020	-0.212	-0.031	
3	0.006	-0.387	0.206	-0.020	-0.212	-0.030	
3	0.006	-0.388	0.206	-0.020	-0.212	-0.030	
3	0.006	-0.387	0.206	-0.020	-0.212	-0.030	
3	0.006	-0.388	0.206	-0.020	-0.211	-0.030	
3	0.006	-0.387	0.206	-0.020	-0.211	-0.030	
3	0.006	-0.387	0.206	-0.020	-0.212	-0.029	
3	0.005	-0.387	0.206	-0.020	-0.211	-0.029	
3	0.006	-0.387	0.206	-0.020	-0.211	-0.029	
3	0.006	-0.387	0.207	-0.020	-0.211	-0.029	
3	0.005	-0.386	0.207	-0.020	-0.211	-0.028	
3	0.006	-0.387	0.207	-0.020	-0.211	-0.028	
3	0.006	-0.387	0.207	-0.020	-0.211	-0.028	
3	0.006	-0.386	0.207	-0.020	-0.211	-0.028	
3	0.006	-0.386	0.207	-0.020	-0.211	-0.028	
3	0.006	-0.386	0.207	-0.020	-0.211	-0.028	
3	0.006	-0.386	0.207	-0.020	-0.211	-0.028	
3	0.006	-0.385	0.207	-0.019	-0.211	-0.027	
3	0.006	-0.386	0.207	-0.019	-0.211	-0.027	
3	0.006	-0.385	0.207	-0.019	-0.211	-0.027	
3	0.006	-0.385	0.207	-0.018	-0.211	-0.026	
3	0.006	-0.384	0.207	-0.018	-0.211	-0.026	
3	0.006	-0.384	0.207	-0.018	-0.211	-0.026	
3	0.006	-0.384	0.207	-0.018	-0.211	-0.026	
3	0.006	-0.384	0.207	-0.018	-0.211	-0.026	
3	0.006	-0.383	0.207	-0.017	-0.211	-0.025	
3	0.006	-0.383	0.207	-0.018	-0.211	-0.025	
3	0.006	-0.383	0.207	-0.017	-0.211	-0.025	
3	0.006	-0.383	0.207	-0.017	-0.211	-0.025	
3	0.005	-0.382	0.207	-0.017	-0.211	-0.024	
3	0.006	-0.382	0.207	-0.017	-0.211	-0.024	
3	0.005	-0.382	0.207	-0.016	-0.211	-0.024	
6	0.006	-0.382	0.210	-0.171	0.207	-0.016	-0.007	0.181	-0.211	-0.023	-0.205	-0.183	
6	0.005	-0.381	0.210	-0.170	0.207	-0.016	-0.007	0.182	-0.211	-0.023	-0.205	-0.182	
6	0.006	-0.381	0.210	-0.167	0.207	-0.016	-0.007	0.185	-0.211	-0.023	-0.205	-0.179	
6	0.005	-0.381	0.210	-0.167	0.207	-0.015	-0.007	0.185	-0.211	-0.023	-0.205	-0.179	
6	0.006	-0.381	0.210	-0.165	0.207	-0.016	-0.007	0.188	-0.211	-0.023	-0.205	-0.177	
6	0.006	-0.381	0.210	-0.164	0.207	-0.015	-0.007	0.188	-0.211	-0.023	-0.205	-0.176	
6	0.006	-0.380	0.210	-0.164	0.206	-0.016	-0.007	0.189	-0.210	-0.023	-0.205	-0.176	
6	0.006	-0.379	0.211	-0.165	0.206	-0.016	-0.007	0.188	-0.209	-0.023	-0.206	-0.177	
6	0.006	-0.376	0.212	-0.166	0.206	-0.013	-0.007	0.186	-0.209	-0.020	-0.206	-0.178	
6	0.006	-0.373	0.212	-0.166	0.206	-0.011	-0.006	0.186	-0.209	-0.017	-0.206	-0.178	
6	0.005	-0.372	0.212	-0.166	0.206	-0.010	-0.006	0.187	-0.209	-0.016	-0.206	-0.178	
4	0.005	-0.370	0.212	-0.166	-0.006	0.186	-0.206	-0.178	
4	0.005	-0.369	0.212	-0.166	-0.006	0.186	-0.206	-0.178	
3	-0.206	-0.178	0.212	-0.167	-0.006	0.186	
3	-0.206	-0.178	0.212	-0.167	-0.006	0.186	
3	-0.206	-0.179	0.212	-0.168	-0.005	0.185	
3	-0.206	-0.178	0.212	-0.168	-0.005	0.186	
3	-0.206	-0.179	0.212	-0.168	-0.005	0.185	
3	-0.206	-0.178	0.212	-0.168	-0.005	0.186	
3	-0.206	-0.179	0.212	-0.169	-0.005	0.185	
3	-0.207	-0.179	0.212	-0.169	-0.005	0.185	
3	-0.207	-0.178	0.212	-0.169	-0.005	0.185	
3	-0.207	-0.179	0.212	-0.170	-0.004	0.185	
3	-0.207	-0.178	0.212	-0.169	-0.004	0.185	
3	-0.207	-0.179	0.212	-0.170	-0.004	0.185	
3	-0.207	-0.179	0.212	-0.171	-0.004	0.184	
3	-0.207	-0.179	0.212	-0.171	-0.003	0.184	
3	-0.207	-0.178	0.211	-0.170	-0.004	0.185	
3	-0.207	-0.179	0.211	-0.171	-0.003	0.184	
3	-0.207	-0.178	0.211	-0.171	-0.003	0.185	
3	-0.207	-0.179	0.211	-0.171	-0.003	0.184	
3	-0.207	-0.178	0.211	-0.171	-0.003	0.185	
3	-0.207	-0.178	0.211	-0.172	-0.003	0.184	
3	-0.207	-0.178	0.211	-0.171	-0.003	0.185	
3	-0.208	-0.178	0.211	-0.172	-0.003	0.184	
3	-0.208	-0.178	0.211	-0.172	-0.003	0.185	
3	-0.208	-0.178	0.211	-0.172	-0.002	0.184	
3	-0.208	-0.178	0.211	-0.172	-0.002	0.185	
3	-0.208	-0.177	0.211	-0.172	-0.002	0.185	
3	-0.208	-0.178	0.211	-0.173	-0.002	0.185	
3	-0.208	-0.177	0.210	-0.173	-0.002	0.185	
3	-0.208	-0.177	0.210	-0.173	-0.001	0.185	
3	-0.208	-0.177	0.210	-0.172	-0.002	0.186	
3	-0.209	-0.176	0.210	-0.172	-0.002	0.186	
3	-0.209	-0.177	0.210	-0.173	-0.002	0.185	
3	-0.209	-0.176	0.210	-0.172	-0.002	0.186	
3	-0.209	-0.177	0.210	-0.173	-0.001	0.185	
3	-0.209	-0.176	0.210	-0.172	-0.002	0.186	
3	-0.209	-0.176	0.210	-0.172	-0.002	0.186	
3	-0.209	-0.176	0.210	-0.172	-0.001	0.186	
3	-0.209	-0.176	0.210	-0.173	-0.001	0.186	
3	-0.209	-0.176	0.210	-0.172	-0.001	0.187	
3	-0.209	-0.175	0.210	-0.172	-0.001	0.187	
3	-0.209	-0.176	0.210	-0.172	-0.001	0.186	
3	-0.209	-0.175	0.210	-0.172	-0.001	0.187	
3	-0.209	-0.176	0.211	-0.172	-0.001	0.186	
3	-0.209	-0.175	0.210	-0.172	-0.001	0.187	
3	-0.209	-0.175	0.211	-0.172	-0.001	0.187	
3	-0.208	-0.175	0.210	-0.171	-0.001	0.188	
3	-0.208	-0.175	0.211	-0.172	-0.001	0.187	
3	-0.208	-0.175	0.211	-0.172	-0.000	0.187	
3	-0.208	-0.175	0.211	-0.172	-0.000	0.187	
3	-0.208	-0.174	0.210	-0.171	-0.000	0.188	
3	-0.209	-0.174	0.211	-0.171	-0.000	0.188	
3	-0.208	-0.174	0.211	-0.171	-0.000	0.188	
3	-0.209	-0.174	0.211	-0.171	-0.000	0.188	
3	-0.208	-0.174	0.210	-0.171	-0.000	0.189	
6	0.000	-0.209	0.211	-0.171	0.209	0.151	-0.000	0.188	-0.206	0.151	-0.209	-0.174	
6	0.000	-0.208	0.210	-0.170	0.209	0.152	-0.000	0.189	-0.206	0.152	-0.208	-0.173	
6	0.000	-0.206	0.211	-0.171	0.209	0.154	-0.000	0.189	-0.206	0.155	-0.209	-0.174	
6	0.000	-0.204	0.210	-0.170	0.209	0.157	-0.000	0.188	-0.206	0.157	-0.209	-0.173	
6	0.000	-0.203	0.210	-0.170	0.209	0.157	-0.000	0.188	-0.206	0.158	-0.208	-0.173	
6	0.001	-0.205	0.209	-0.169	0.209	0.157	-0.000	0.188	-0.206	0.157	-0.207	-0.172	
6	0.001	-0.205	0.209	-0.169	0.210	0.156	-0.000	0.189	-0.206	0.157	-0.207	-0.172	
6	0.001	-0.206	0.209	-0.167	0.210	0.156	-0.001	0.190	-0.207	0.156	-0.207	-0.170	
6	0.001	-0.207	0.209	-0.165	0.210	0.156	-0.001	0.193	-0.207	0.156	-0.207	-0.168	
6	0.001	-0.207	0.209	-0.164	0.210	0.156	-0.000	0.193	-0.207	0.156	-0.207	-0.167	
6	0.001	-0.207	0.209	-0.164	0.210	0.156	-0.000	0.193	-0.207	0.156	-0.207	-0.168	
4	0.001	-0.208	0.210	0.155	-0.000	0.195	-0.207	0.155	
3	0.001	-0.208	0.210	0.155	-0.207	0.155	
3	0.001	-0.208	0.210	0.155	-0.207	0.155	
3	0.001	-0.208	0.210	0.154	-0.207	0.154	
3	0.001	-0.208	0.210	0.154	-0.207	0.155	
3	0.001	-0.208	0.210	0.154	-0.207	0.154	
3	0.001	-0.209	0.210	0.154	-0.207	0.154	
3	0.001	-0.208	0.211	0.154	-0.207	0.154	
3	0.001	-0.209	0.210	0.153	-0.207	0.154	
3	0.001	-0.209	0.211	0.153	-0.207	0.154	
3	0.001	-0.209	0.211	0.153	-0.207	0.154	
3	0.001	-0.209	0.211	0.153	-0.207	0.153	
3	0.001	-0.210	0.211	0.153	-0.207	0.153	
3	0.001	-0.209	0.211	0.153	-0.207	0.154	
3	0.001	-0.210	0.211	0.153	-0.207	0.153	
3	0.001	-0.209	0.211	0.153	-0.207	0.154	
3	0.001	-0.210	0.211	0.152	-0.207	0.153	
3	0.002	-0.210	0.211	0.152	-0.207	0.153	
3	0.002	-0.209	0.211	0.153	-0.206	0.153	
3	0.002	-0.210	0.211	0.152	-0.206	0.153	
3	0.002	-0.209	0.211	0.153	-0.206	0.153	
3	0.002	-0.210	0.211	0.152	-0.206	0.153	
3	0.002	-0.209	0.212	0.153	-0.206	0.153	
3	0.002	-0.210	0.212	0.152	-0.206	0.153	
3	0.002	-0.209	0.212	0.153	-0.206	0.154	
3	0.002	-0.210	0.212	0.152	-0.206	0.153	
3	0.002	-0.209	0.212	0.153	-0.206	0.154	
3	0.002	-0.210	0.212	0.152	-0.206	0.153	
3	0.002	-0.209	0.212	0.153	-0.206	0.154	
3	0.002	-0.210	0.212	0.152	-0.206	0.154	
3	0.002	-0.209	0.212	0.152	-0.206	0.154	
3	0.002	-0.209	0.212	0.153	-0.206	0.154	
3	0.003	-0.209	0.212	0.153	-0.206	0.154	
3	0.003	-0.209	0.212	0.152	-0.206	0.154	
3	0.003	-0.209	0.213	0.153	-0.206	0.154	
3	0.003	-0.209	0.213	0.153	-0.206	0.154	
3	0.003	-0.208	0.213	0.153	-0.206	0.155	
3	0.003	-0.208	0.213	0.153	-0.205	0.155	
3	0.003	-0.208	0.213	0.154	-0.205	0.155	
3	0.003	-0.208	0.213	0.153	-0.205	0.155	
3	0.003	-0.207	0.213	0.154	-0.205	0.156	
3	0.003	-0.208	0.213	0.154	-0.205	0.156	
3	0.003	-0.207	0.213	0.154	-0.205	0.156	
3	0.003	-0.207	0.213	0.154	-0.205	0.157	
3	0.003	-0.207	0.213	0.154	-0.205	0.157	
3	0.003	-0.206	0.214	0.154	-0.205	0.157	
3	0.003	-0.207	0.214	0.154	-0.204	0.157	
3	0.003	-0.206	0.214	0.154	-0.204	0.158	
3	0.003	-0.206	0.214	0.154	-0.204	0.158	
3	0.003	-0.206	0.214	0.154	-0.204	0.158	
3	0.003	-0.205	0.214	0.155	-0.204	0.158	
3	0.003	-0.205	0.214	0.154	-0.204	0.158	
4	0.003	-0.205	0.214	0.155	0.005	0.355	-0.204	0.159	
4	0.003	-0.205	0.215	0.155	0.006	0.356	-0.204	0.159	
6	0.003	-0.205	0.213	0.000	0.215	0.155	0.006	0.358	-0.203	0.159	-0.202	-0.000	
6	0.003	-0.204	0.213	0.003	0.215	0.155	0.006	0.362	-0.203	0.160	-0.202	0.003	
6	0.003	-0.204	0.213	0.004	0.215	0.155	0.006	0.362	-0.203	0.160	-0.202	0.004	
6	0.004	-0.205	0.213	0.006	0.214	0.155	0.006	0.364	-0.203	0.160	-0.201	0.006	
6	0.003	-0.204	0.214	0.006	0.214	0.155	0.007	0.365	-0.202	0.159	-0.202	0.006	
6	0.003	-0.203	0.215	0.005	0.213	0.155	0.006	0.364	-0.202	0.160	-0.202	0.005	
6	0.003	-0.202	0.215	0.005	0.213	0.155	0.006	0.364	-0.202	0.160	-0.203	0.004	
6	0.003	-0.200	0.215	0.005	0.213	0.157	0.006	0.363	-0.202	0.161	-0.203	0.004	
6	0.003	-0.199	0.215	0.005	0.213	0.158	0.006	0.363	-0.202	0.162	-0.203	0.004	
6	0.003	-0.197	0.215	0.004	0.213	0.159	0.006	0.362	-0.202	0.164	-0.203	0.003	
6	0.003	-0.197	0.215	0.004	0.213	0.160	0.006	0.362	-0.202	0.165	-0.203	0.003	
4	0.003	-0.194	0.215	0.003	0.007	0.361	-0.203	0.003	
3	-0.203	0.003	0.215	0.003	0.007	0.361	
3	-0.203	0.003	0.215	0.003	0.007	0.362	
3	-0.203	0.003	0.215	0.003	0.007	0.361	
3	-0.203	0.003	0.215	0.003	0.007	0.362	
3	0.215	0.002	0.007	0.361	-0.203	0.002	
3	0.215	0.002	0.007	0.362	-0.203	0.003	
3	0.215	0.002	0.007	0.361	-0.203	0.002	
3	0.215	0.001	0.007	0.360	-0.204	0.002	
3	0.215	0.002	0.007	0.361	-0.203	0.002	
3	0.215	0.001	0.008	0.360	-0.204	0.002	
3	0.215	0.001	0.007	0.361	-0.204	0.002	
3	0.215	0.001	0.008	0.360	-0.204	0.002	
3	0.215	0.001	0.008	0.361	-0.204	0.002	
3	0.215	0.000	0.008	0.360	-0.204	0.002	
3	0.215	0.001	0.008	0.361	-0.204	0.002	
3	0.215	0.000	0.008	0.360	-0.204	0.002	
3	0.215	0.001	0.008	0.361	-0.204	0.002	
3	0.215	-0.000	0.008	0.360	-0.204	0.002	
3	0.215	-0.001	0.008	0.360	-0.204	0.001	
3	0.214	-0.001	0.008	0.360	-0.204	0.002	
3	0.214	-0.000	0.008	0.361	-0.204	0.002	
3	0.214	-0.001	0.008	0.360	-0.204	0.002	
3	0.214	-0.000	0.008	0.361	-0.204	0.002	
3	0.214	-0.001	0.009	0.360	-0.204	0.002	
3	0.214	-0.001	0.009	0.360	-0.205	0.002	
3	0.214	-0.001	0.009	0.361	-0.204	0.002	
3	0.214	-0.001	0.009	0.360	-0.205	0.002	
3	0.214	-0.001	0.009	0.361	-0.205	0.002	
3	0.214	-0.001	0.009	0.360	-0.205	0.002	
3	0.214	-0.001	0.009	0.361	-0.205	0.002	
3	0.214	-0.001	0.009	0.360	-0.205	0.002	
3	0.214	-0.002	0.009	0.360	-0.205	0.002	
3	0.214	-0.001	0.009	0.361	-0.205	0.002	
3	0.214	-0.002	0.009	0.360	-0.205	0.002	
3	0.214	-0.001	0.009	0.361	-0.205	0.003	
3	0.214	-0.002	0.009	0.360	-0.205	0.002	
3	0.213	-0.002	0.009	0.360	-0.205	0.002	
3	0.213	-0.002	0.009	0.360	-0.205	0.002	
3	0.213	-0.002	0.009	0.360	-0.206	0.003	
3	0.213	-0.001	0.009	0.361	-0.205	0.003	
3	0.213	-0.001	0.009	0.362	-0.205	0.003	
3	0.213	-0.002	0.009	0.361	-0.206	0.003	
3	0.213	-0.002	0.009	0.361	-0.206	0.003	
3	0.213	-0.001	0.009	0.362	-0.206	0.003	
3	0.213	-0.002	0.009	0.361	-0.206	0.003	
3	0.213	-0.001	0.009	0.362	-0.206	0.003	
3	0.213	-0.001	0.009	0.361	-0.206	0.003	
3	0.213	-0.001	0.009	0.362	-0.206	0.003	
3	0.213	-0.001	0.009	0.361	-0.206	0.003	
3	0.213	-0.001	0.009	0.361	-0.206	0.003	
3	0.213	-0.001	0.008	0.362	-0.206	0.003	
3	0.213	-0.001	0.008	0.362	-0.206	0.003	
3	0.213	-0.000	0.008	0.362	-0.206	0.004	
3	0.213	-0.001	0.008	0.362	-0.206	0.003	
6	0.002	-0.035	0.212	-0.001	0.216	0.321	0.008	0.362	-0.198	0.328	-0.206	0.003	
6	0.002	-0.034	0.213	-0.000	0.216	0.322	0.008	0.363	-0.198	0.329	-0.206	0.004	
6	0.002	-0.032	0.212	-0.000	0.216	0.324	0.008	0.362	-0.198	0.332	-0.206	0.003	
6	0.002	-0.031	0.212	0.000	0.216	0.325	0.008	0.363	-0.199	0.333	-0.206	0.004	
6	0.002	-0.030	0.212	0.000	0.216	0.327	0.008	0.362	-0.199	0.334	-0.206	0.004	
6	0.002	-0.030	0.212	0.000	0.216	0.328	0.008	0.362	-0.199	0.334	-0.206	0.004	
6	0.002	-0.031	0.211	0.001	0.217	0.327	0.007	0.362	-0.199	0.334	-0.205	0.005	
6	0.002	-0.031	0.211	0.002	0.217	0.327	0.007	0.362	-0.199	0.334	-0.205	0.005	
6	0.002	-0.033	0.211	0.006	0.217	0.326	0.007	0.367	-0.200	0.333	-0.204	0.009	
3	0.002	-0.033	0.217	0.326	-0.200	0.332	
3	0.003	-0.033	0.217	0.326	-0.200	0.333	
3	0.003	-0.034	0.217	0.326	-0.200	0.332	
3	0.003	-0.033	0.217	0.326	-0.200	0.332	
3	0.003	-0.034	0.217	0.326	-0.200	0.331	
3	0.003	-0.035	0.217	0.325	-0.200	0.331	
3	0.003	-0.035	0.217	0.325	-0.200	0.331	
3	0.003	-0.034	0.217	0.325	-0.200	0.331	
3	0.003	-0.035	0.217	0.325	-0.200	0.331	
3	0.003	-0.035	0.217	0.325	-0.200	0.331	
3	0.003	-0.035	0.217	0.325	-0.200	0.330	
3	0.003	-0.036	0.217	0.324	-0.200	0.330	
3	0.003	-0.035	0.217	0.325	-0.200	0.330	
3	0.003	-0.036	0.217	0.324	-0.200	0.330	
3	0.003	-0.035	0.217	0.325	-0.200	0.330	
3	0.003	-0.036	0.217	0.324	-0.200	0.330	
3	0.003	-0.036	0.217	0.324	-0.201	0.329	
3	0.003	-0.036	0.217	0.325	-0.201	0.330	
3	0.004	-0.036	0.217	0.324	-0.201	0.329	
3	0.004	-0.036	0.217	0.324	-0.201	0.329	
3	0.004	-0.037	0.217	0.324	-0.201	0.329	
3	0.004	-0.037	0.217	0.324	-0.201	0.328	
3	0.004	-0.036	0.217	0.324	-0.201	0.329	
3	0.004	-0.037	0.217	0.324	-0.201	0.328	
3	0.004	-0.036	0.217	0.325	-0.201	0.329	
3	0.004	-0.037	0.216	0.324	-0.201	0.328	
3	0.004	-0.036	0.216	0.325	-0.201	0.329	
3	0.004	-0.036	0.216	0.324	-0.201	0.328	
3	0.004	-0.036	0.216	0.325	-0.201	0.329	
3	0.004	-0.036	0.216	0.324	-0.202	0.329	
3	0.004	-0.036	0.216	0.325	-0.202	0.329	
3	0.004	-0.036	0.216	0.325	-0.202	0.329	
3	0.004	-0.036	0.216	0.325	-0.202	0.329	
3	0.004	-0.036	0.216	0.325	-0.202	0.329	
3	0.004	-0.036	0.216	0.325	-0.202	0.328	
3	0.004	-0.035	0.216	0.325	-0.202	0.329	
3	0.004	-0.036	0.216	0.325	-0.202	0.329	
3	0.004	-0.036	0.216	0.325	-0.202	0.329	
3	0.004	-0.035	0.216	0.325	-0.202	0.329	
3	0.004	-0.036	0.216	0.325	-0.202	0.329	
3	0.004	-0.036	0.216	0.325	-0.202	0.329	
3	0.004	-0.035	0.216	0.326	-0.202	0.329	
3	0.004	-0.035	0.216	0.325	-0.202	0.329	
3	0.004	-0.035	0.216	0.326	-0.203	0.330	
3	0.004	-0.035	0.215	0.326	-0.203	0.329	
3	0.004	-0.035	0.215	0.326	-0.203	0.329	
3	0.004	-0.034	0.215	0.326	-0.203	0.330	
3	0.004	-0.034	0.215	0.326	-0.203	0.330	
3	0.004	-0.034	0.215	0.327	-0.203	0.330	
3	0.004	-0.033	0.215	0.327	-0.203	0.330	
3	0.004	-0.034	0.215	0.327	-0.203	0.330	
3	0.004	-0.034	0.215	0.327	-0.203	0.330	
3	0.004	-0.033	0.215	0.327	-0.203	0.331	
3	0.004	-0.033	0.215	0.327	-0.203	0.330	
3	0.004	-0.033	0.215	0.328	-0.203	0.331	
3	0.004	-0.032	0.215	0.328	-0.203	0.331	
6	0.004	-0.032	0.214	0.174	0.215	0.328	0.005	0.531	-0.203	0.331	-0.201	0.172	
6	0.004	-0.032	0.214	0.176	0.215	0.328	0.005	0.534	-0.203	0.331	-0.201	0.175	
6	0.004	-0.032	0.214	0.177	0.215	0.328	0.005	0.534	-0.203	0.332	-0.201	0.175	
6	0.004	-0.032	0.214	0.179	0.214	0.328	0.005	0.537	-0.203	0.331	-0.201	0.177	
6	0.004	-0.032	0.213	0.180	0.214	0.328	0.005	0.537	-0.203	0.331	-0.201	0.178	
6	0.004	-0.032	0.214	0.179	0.214	0.328	0.005	0.538	-0.203	0.331	-0.202	0.177	
6	0.004	-0.030	0.215	0.178	0.213	0.328	0.005	0.536	-0.202	0.331	-0.202	0.176	
6	0.004	-0.028	0.215	0.178	0.213	0.330	0.006	0.535	-0.202	0.333	-0.203	0.176	
6	0.004	-0.027	0.215	0.178	0.213	0.331	0.005	0.535	-0.202	0.334	-0.203	0.176	
6	0.004	-0.025	0.215	0.177	0.213	0.333	0.006	0.534	-0.202	0.336	-0.203	0.175	
6	0.004	-0.024	0.215	0.177	0.213	0.333	0.006	0.535	-0.202	0.337	-0.203	0.175	
4	0.004	-0.022	0.215	0.176	0.006	0.534	-0.203	0.175	
4	0.004	-0.021	0.215	0.176	0.006	0.534	-0.203	0.175	
3	-0.203	0.174	0.215	0.176	0.006	0.533	
3	-0.203	0.174	0.215	0.176	0.006	0.534	
3	-0.204	0.174	0.215	0.175	0.006	0.533	
3	-0.204	0.174	0.215	0.175	0.006	0.534	
3	-0.204	0.174	0.215	0.175	0.006	0.533	
3	-0.204	0.173	0.215	0.174	0.006	0.532	
3	-0.204	0.174	0.215	0.174	0.006	0.533	
3	-0.204	0.173	0.214	0.173	0.006	0.532	
3	-0.204	0.173	0.214	0.173	0.006	0.532	
3	0.214	0.172	0.006	0.531	-0.204	0.173	
3	0.214	0.172	0.007	0.531	-0.204	0.172	
3	0.214	0.172	0.007	0.532	-0.204	0.173	
3	0.214	0.172	0.007	0.531	-0.204	0.172	
3	0.214	0.172	0.007	0.531	-0.204	0.172	
3	0.214	0.171	0.007	0.530	-0.205	0.172	
3	0.214	0.171	0.007	0.531	-0.205	0.172	
3	0.214	0.170	0.007	0.530	-0.205	0.171	
3	0.214	0.171	0.007	0.531	-0.205	0.172	
3	0.214	0.170	0.007	0.530	-0.205	0.171	
3	0.214	0.169	0.007	0.529	-0.205	0.171	
3	0.214	0.170	0.007	0.530	-0.205	0.172	
3	0.214	0.169	0.007	0.529	-0.205	0.171	
3	0.214	0.169	0.007	0.530	-0.205	0.171	
3	0.214	0.169	0.008	0.529	-0.205	0.171	
3	0.214	0.168	0.008	0.529	-0.205	0.170	
3	0.214	0.169	0.008	0.530	-0.205	0.171	
3	0.214	0.168	0.008	0.529	-0.205	0.170	
3	0.214	0.168	0.008	0.529	-0.205	0.170	
3	0.214	0.168	0.008	0.530	-0.205	0.171	
3	0.214	0.168	0.008	0.530	-0.205	0.171	
3	0.214	0.168	0.008	0.529	-0.205	0.171	
3	0.214	0.167	0.009	0.528	-0.205	0.170	
3	0.214	0.168	0.008	0.529	-0.205	0.170	
3	0.214	0.167	0.009	0.528	-0.204	0.170	
3	0.214	0.167	0.009	0.529	-0.204	0.170	
3	0.214	0.167	0.009	0.529	-0.205	0.170	
3	0.214	0.167	0.009	0.529	-0.204	0.170	
3	0.215	0.166	0.009	0.528	-0.204	0.170	
3	0.215	0.167	0.009	0.529	-0.204	0.170	
3	0.215	0.167	0.009	0.529	-0.204	0.170	
3	0.215	0.167	0.009	0.528	-0.204	0.170	
3	0.215	0.167	0.009	0.529	-0.204	0.170	
3	0.215	0.167	0.010	0.528	-0.204	0.170	
3	0.215	0.167	0.010	0.529	-0.204	0.170	
3	0.215	0.167	0.010	0.529	-0.204	0.170	
3	0.216	0.167	0.010	0.528	-0.203	0.170	
3	0.215	0.167	0.010	0.530	-0.203	0.171	
3	0.216	0.167	0.010	0.529	-0.203	0.170	
3	0.216	0.167	0.010	0.529	-0.203	0.170	
3	0.216	0.168	0.010	0.530	-0.203	0.171	
3	0.216	0.167	0.011	0.529	-0.203	0.170	
3	0.216	0.168	0.011	0.530	-0.203	0.171	
3	0.216	0.168	0.011	0.530	-0.203	0.170	
3	0.216	0.168	0.011	0.530	-0.202	0.171	
3	0.217	0.168	0.011	0.530	-0.202	0.171	
3	0.217	0.168	0.011	0.531	-0.202	0.171	
3	0.217	0.168	0.011	0.530	-0.202	0.171	
3	0.217	0.169	0.011	0.531	-0.202	0.171	
6	0.007	0.133	0.217	0.169	0.220	0.490	0.011	0.530	-0.195	0.496	-0.202	0.171	
6	0.007	0.136	0.218	0.169	0.220	0.494	0.011	0.531	-0.195	0.499	-0.201	0.171	
6	0.007	0.137	0.218	0.169	0.220	0.495	0.011	0.532	-0.195	0.500	-0.201	0.172	
6	0.007	0.138	0.218	0.170	0.220	0.495	0.011	0.532	-0.195	0.501	-0.201	0.172	
6	0.007	0.139	0.218	0.170	0.220	0.497	0.012	0.531	-0.194	0.502	-0.201	0.172	
6	0.007	0.140	0.218	0.170	0.220	0.497	0.011	0.532	-0.194	0.503	-0.201	0.172	
6	0.007	0.139	0.217	0.170	0.220	0.497	0.011	0.531	-0.194	0.503	-0.201	0.172	
6	0.008	0.138	0.216	0.171	0.221	0.497	0.011	0.531	-0.195	0.502	-0.200	0.173	
6	0.008	0.137	0.216	0.173	0.221	0.496	0.011	0.533	-0.195	0.502	-0.200	0.175	
6	0.007	0.136	0.216	0.173	0.221	0.496	0.011	0.533	-0.195	0.502	-0.200	0.176	
6	0.007	0.136	0.216	0.175	0.221	0.495	0.011	0.535	-0.195	0.501	-0.200	0.177	
6	0.007	0.136	0.216	0.175	0.221	0.495	0.011	0.536	-0.195	0.501	-0.200	0.178	
3	0.007	0.135	0.222	0.494	-0.195	0.500	
3	0.007	0.135	0.222	0.494	-0.195	0.500	
3	0.007	0.134	0.222	0.494	-0.195	0.500	
3	0.007	0.134	0.222	0.494	-0.195	0.500	
3	0.007	0.133	0.222	0.493	-0.195	0.499	
3	0.007	0.133	0.222	0.492	-0.195	0.499	
3	0.007	0.133	0.222	0.492	-0.195	0.499	
3	0.007	0.132	0.222	0.492	-0.195	0.499	
3	0.007	0.133	0.222	0.492	-0.195	0.499	
3	0.007	0.132	0.222	0.491	-0.195	0.499	
3	0.007	0.132	0.222	0.491	-0.195	0.499	
3	0.007	0.132	0.222	0.490	-0.195	0.498	
3	0.006	0.131	0.222	0.490	-0.195	0.498	
3	0.006	0.132	0.222	0.490	-0.195	0.499	
3	0.006	0.132	0.222	0.490	-0.195	0.499	
3	0.006	0.131	0.222	0.490	-0.195	0.498	
3	0.006	0.131	0.222	0.489	-0.195	0.498	
3	0.006	0.132	0.223	0.490	-0.195	0.499	
3	0.006	0.131	0.222	0.490	-0.195	0.498	
3	0.006	0.132	0.222	0.490	-0.195	0.499	
3	0.006	0.131	0.222	0.490	-0.195	0.498	
3	0.006	0.131	0.222	0.489	-0.195	0.498	
3	0.006	0.132	0.223	0.490	-0.195	0.499	
3	0.006	0.131	0.222	0.490	-0.195	0.499	
3	0.006	0.132	0.222	0.490	-0.195	0.499	
3	0.006	0.131	0.222	0.490	-0.195	0.499	
3	0.006	0.131	0.222	0.490	-0.195	0.499	
3	0.005	0.132	0.222	0.490	-0.195	0.499	
3	0.005	0.132	0.222	0.490	-0.195	0.500	
3	0.005	0.132	0.222	0.490	-0.195	0.499	
3	0.005	0.132	0.222	0.490	-0.195	0.500	
3	0.005	0.132	0.222	0.490	-0.195	0.499	
3	0.005	0.132	0.222	0.490	-0.196	0.500	
3	0.005	0.132	0.222	0.490	-0.195	0.500	
3	0.005	0.133	0.222	0.490	-0.196	0.500	
3	0.005	0.132	0.222	0.490	-0.195	0.500	
3	0.005	0.132	0.222	0.490	-0.195	0.500	
3	0.005	0.133	0.222	0.490	-0.196	0.500	
3	0.005	0.133	0.222	0.490	-0.196	0.500	
3	0.005	0.133	0.222	0.490	-0.196	0.500	
3	0.005	0.133	0.222	0.490	-0.196	0.500	
3	0.005	0.133	0.222	0.490	-0.196	0.501	
3	0.005	0.133	0.222	0.491	-0.196	0.501	
3	0.005	0.133	0.222	0.490	-0.196	0.500	
3	0.005	0.133	0.222	0.491	-0.196	0.501	
3	0.005	0.133	0.222	0.490	-0.196	0.500	
3	0.005	0.134	0.222	0.491	-0.196	0.501	
3	0.005	0.133	0.222	0.490	-0.196	0.500	
3	0.005	0.134	0.222	0.491	-0.196	0.501	
3	0.005	0.133	0.222	0.490	-0.196	0.501	
3	0.005	0.134	0.222	0.491	-0.196	0.501	
3	0.005	0.133	0.222	0.491	-0.196	0.501	
3	0.005	0.134	0.222	0.491	-0.196	0.501	
3	0.005	0.134	0.222	0.491	-0.196	0.501	
3	0.005	0.134	0.222	0.491	-0.196	0.501	
3	0.005	0.134	0.222	0.491	-0.196	0.501	
3	0.005	0.134	0.222	0.491	-0.196	0.501	
3	0.005	0.134	0.222	0.491	-0.196	0.501	
3	0.005	0.134	0.222	0.491	-0.196	0.501	
6	0.005	0.134	0.218	0.336	0.222	0.491	0.016	0.697	-0.196	0.501	-0.197	0.341	
6	0.005	0.134	0.218	0.339	0.222	0.491	0.016	0.700	-0.196	0.501	-0.197	0.344	
6	0.005	0.133	0.218	0.341	0.221	0.490	0.016	0.702	-0.196	0.500	-0.197	0.346	
6	0.005	0.133	0.218	0.342	0.221	0.490	0.016	0.703	-0.196	0.500	-0.196	0.347	
6	0.005	0.134	0.219	0.342	0.221	0.490	0.016	0.703	-0.195	0.500	-0.197	0.346	
6	0.005	0.136	0.219	0.341	0.220	0.490	0.016	0.702	-0.195	0.501	-0.198	0.346	
6	0.005	0.139	0.220	0.340	0.220	0.493	0.016	0.701	-0.195	0.503	-0.198	0.345	
6	0.005	0.139	0.220	0.340	0.220	0.493	0.016	0.701	-0.195	0.503	-0.198	0.345	
6	0.005	0.139	0.220	0.340	0.220	0.493	0.016	0.702	-0.195	0.503	-0.198	0.345	
6	0.005	0.141	0.220	0.340	0.220	0.495	0.016	0.700	-0.195	0.505	-0.198	0.345	
6	0.005	0.142	0.220	0.340	0.220	0.496	0.016	0.701	-0.195	0.506	-0.198	0.345	
4	0.005	0.144	0.220	0.339	0.016	0.700	-0.198	0.344	
4	0.005	0.145	0.220	0.339	0.016	0.701	-0.198	0.345	
3	0.220	0.339	0.017	0.700	-0.198	0.344	
3	0.220	0.338	0.017	0.699	-0.198	0.344	
3	0.220	0.339	0.017	0.700	-0.198	0.344	
3	0.220	0.338	0.017	0.699	-0.198	0.344	
3	0.220	0.338	0.017	0.699	-0.198	0.344	
3	0.220	0.338	0.017	0.700	-0.198	0.344	
3	0.220	0.337	0.017	0.699	-0.198	0.344	
3	0.220	0.338	0.017	0.700	-0.198	0.344	
3	0.220	0.338	0.017	0.700	-0.198	0.344	
3	0.220	0.337	0.018	0.699	-0.199	0.343	
3	0.220	0.337	0.017	0.699	-0.198	0.343	
3	0.220	0.337	0.018	0.699	-0.198	0.343	
3	0.220	0.336	0.018	0.698	-0.199	0.343	
3	0.220	0.336	0.018	0.699	-0.198	0.343	
3	0.220	0.336	0.018	0.698	-0.199	0.343	
3	0.220	0.335	0.018	0.698	-0.199	0.342	
3	0.220	0.336	0.018	0.699	-0.199	0.343	
3	0.220	0.335	0.018	0.698	-0.199	0.342	
3	0.220	0.335	0.018	0.699	-0.199	0.342	
3	0.220	0.335	0.018	0.698	-0.199	0.342	
3	0.220	0.335	0.018	0.697	-0.198	0.342	
3	0.220	0.335	0.018	0.698	-0.198	0.342	
3	0.220	0.335	0.018	0.699	-0.198	0.342	
3	0.220	0.335	0.018	0.697	-0.198	0.341	
3	0.221	0.334	0.019	0.697	-0.198	0.341	
3	0.221	0.335	0.018	0.698	-0.198	0.342	
3	0.221	0.334	0.019	0.697	-0.198	0.341	
3	0.221	0.335	0.019	0.698	-0.198	0.342	
3	0.221	0.334	0.019	0.697	-0.198	0.341	
3	0.221	0.335	0.019	0.698	-0.198	0.341	
3	0.221	0.334	0.019	0.697	-0.198	0.341	
3	0.221	0.334	0.019	0.698	-0.198	0.341	
3	0.221	0.334	0.019	0.697	-0.198	0.341	
3	0.221	0.334	0.019	0.698	-0.198	0.341	
3	0.221	0.334	0.019	0.697	-0.198	0.340	
3	0.221	0.334	0.019	0.698	-0.198	0.341	
3	0.221	0.334	0.019	0.697	-0.198	0.340	
3	0.221	0.334	0.019	0.698	-0.198	0.341	
3	0.221	0.333	0.019	0.697	-0.198	0.340	
3	0.221	0.333	0.019	0.697	-0.198	0.340	
3	0.221	0.334	0.019	0.698	-0.198	0.341	
3	0.221	0.333	0.019	0.697	-0.198	0.340	
3	0.221	0.334	0.019	0.698	-0.198	0.341	
3	0.221	0.334	0.019	0.698	-0.198	0.341	
3	0.221	0.334	0.019	0.698	-0.198	0.341	
3	0.221	0.333	0.019	0.697	-0.198	0.340	
3	0.221	0.334	0.019	0.698	-0.198	0.341	
3	0.221	0.333	0.019	0.697	-0.198	0.340	
3	0.221	0.334	0.019	0.698	-0.198	0.341	
3	0.221	0.334	0.019	0.697	-0.198	0.340	
3	0.221	0.333	0.019	0.697	-0.198	0.340	
3	0.221	0.334	0.019	0.697	-0.198	0.340	
