0	0.019	-0.974	0.019	-0.884	0.227	-0.894	0.000	0.000
1	0.052	0.239	0.130	0.282	0.184	0.186	0.105	0.142	
2	0.185	-0.705	0.275	-0.708	0.272	-0.818	0.182	-0.815	
3	0.229	-0.710	0.275	-0.712	0.000	0.000	0.000	0.000	
4	0.200	-0.690	0.250	-0.690	0.250	-0.720	0.200	-0.720	
5	0.258	-0.711	0.000	0.000	0.000	0.000	0.000	0.000

0	0.010	-0.796	0.007	-0.706	0.245	-0.710	0.000	0.000
1	0.052	0.239	0.130	0.282	0.184	0.186	0.105	0.142	
2	0.167	-0.521	0.257	-0.520	0.258	-0.630	0.168	-0.631	
3	0.211	-0.521	0.257	-0.520	0.000	0.000	0.000	0.000	
4	0.200	-0.510	0.250	-0.510	0.250	-0.540	0.200	-0.540	
3	0.211	-0.521	0.167	-0.521	0.000	0.000	0.000	0.000	
4	0.200	-0.510	0.250	-0.510	0.250	-0.540	0.200	-0.540	
5	0.192	-0.521	0.000	0.000	0.000	0.000	0.000	0.000

0	0.004	-0.711	-0.001	-0.621	-0.009	-0.510	0.000	0.000
1	-0.188	0.239	-0.110	0.282	-0.056	0.186	-0.135	0.142	
2	-0.062	-0.323	0.028	-0.319	0.032	-0.429	-0.058	-0.433	
3	-0.020	-0.327	-0.062	-0.329	0.000	0.000	0.000	0.000	
4	-0.050	-0.300	0.000	-0.300	0.000	-0.330	-0.050	-0.330	
5	-0.058	-0.330	0.000	0.000	0.000	0.000	0.000	0.000

0	0.002	-0.622	-0.001	-0.532	0.011	-0.902	0.000	0.000
1	0.052	-0.177	0.130	-0.134	0.184	-0.230	0.105	-0.273	
2	-0.039	-0.713	0.051	-0.712	0.053	-0.822	-0.037	-0.823	
3	0.005	-0.721	0.051	-0.721	0.000	0.000	0.000	0.000	
4	0.000	-0.720	0.050	-0.720	0.050	-0.750	0.000	-0.750	
3	0.005	-0.721	-0.039	-0.722	0.000	0.000	0.000	0.000	
4	0.000	-0.720	0.050	-0.720	0.050	-0.750	0.000	-0.750	
5	-0.008	-0.722	0.000	0.000	0.000	0.000	0.000	0.000
4	-0.050	-0.720	0.000	-0.720	0.000	-0.750	-0.050	-0.750	
4	0.000	-0.720	0.050	-0.720	0.050	-0.750	0.000	-0.750	
5	0.006	-0.758	0.000	0.000	0.000	0.000	0.000	0.000

0	-0.005	-0.542	-0.008	-0.489	-0.208	-0.709	0.000	0.000
1	-0.188	-0.176	-0.108	-0.134	-0.057	-0.231	-0.136	-0.273	
2	-0.256	-0.557	-0.166	-0.557	-0.165	-0.667	-0.255	-0.667	
3	-0.214	-0.567	-0.256	-0.568	0.000	0.000	0.000	0.000	
4	-0.250	-0.540	-0.200	-0.540	-0.200	-0.570	-0.250	-0.570	
5	-0.258	-0.569	0.000	0.000	0.000	0.000	0.000	0.000

0	-0.007	-0.491	-0.011	-0.401	0.196	-0.369	0.000	0.000
1	0.052	0.239	0.130	0.282	0.184	0.186	0.105	0.142	
2	0.147	-0.215	0.237	-0.213	0.239	-0.323	0.149	-0.325	
3	0.190	-0.198	0.237	-0.197	0.000	0.000	0.000	0.000	
4	0.150	-0.180	0.200	-0.180	0.200	-0.210	0.150	-0.210	
5	0.208	-0.197	0.000	0.000	0.000	0.000	0.000	0.000
4	0.200	-0.180	0.250	-0.180	0.250	-0.210	0.200	-0.210	
3	0.190	-0.198	0.147	-0.199	0.000	0.000	0.000	0.000	
4	0.150	-0.180	0.200	-0.180	0.200	-0.210	0.150	-0.210	
4	0.150	-0.180	0.200	-0.180	0.200	-0.210	0.150	-0.210	
5	0.191	-0.218	0.000	0.000	0.000	0.000	0.000	0.000

0	-0.007	-0.491	-0.011	-0.401	0.002	-0.774	0.000	0.000
1	0.052	-0.177	0.130	-0.134	0.184	-0.230	0.105	-0.273	
2	-0.048	-0.582	0.042	-0.580	0.044	-0.690	-0.046	-0.692	
3	-0.004	-0.603	0.042	-0.602	0.000	0.000	0.000	0.000	
4	-0.050	-0.600	0.000	-0.600	0.000	-0.630	-0.050	-0.630	
5	0.008	-0.603	0.000	0.000	0.000	0.000	0.000	0.000

0	-0.004	-0.403	-0.007	-0.333	-0.014	-0.206	0.000	0.000
1	-0.188	0.239	-0.110	0.282	-0.056	0.186	-0.135	0.142	
2	-0.065	-0.034	0.025	-0.032	0.028	-0.142	-0.062	-0.144	
3	-0.022	-0.046	-0.065	-0.047	0.000	0.000	0.000	0.000	
4	-0.050	-0.030	0.000	-0.030	0.000	-0.060	-0.050	-0.060	
5	-0.058	-0.048	0.000	0.000	0.000	0.000	0.000	0.000
4	-0.100	-0.030	-0.050	-0.030	-0.050	-0.060	-0.100	-0.060	
3	-0.022	-0.046	0.025	-0.045	0.000	0.000	0.000	0.000	
4	-0.050	-0.030	0.000	-0.030	0.000	-0.060	-0.050	-0.060	
5	0.008	-0.045	0.000	0.000	0.000	0.000	0.000	0.000

0	-0.004	-0.403	-0.007	-0.333	0.212	-0.552	0.000	0.000
1	0.172	0.031	0.251	0.074	0.303	-0.022	0.224	-0.065	
2	0.160	-0.384	0.250	-0.382	0.252	-0.492	0.162	-0.494	
3	0.205	-0.392	0.250	-0.391	0.000	0.000	0.000	0.000	
4	0.200	-0.390	0.250	-0.390	0.250	-0.420	0.200	-0.420	
3	0.205	-0.392	0.160	-0.393	0.000	0.000	0.000	0.000	
4	0.200	-0.390	0.250	-0.390	0.250	-0.420	0.200	-0.420	
5	0.192	-0.393	0.000	0.000	0.000	0.000	0.000	0.000

0	-0.018	-0.247	-0.024	-0.157	-0.004	-0.047	0.000	0.000
1	-0.188	0.239	-0.110	0.282	-0.056	0.186	-0.135	0.142	
2	-0.091	0.139	-0.001	0.144	0.005	0.035	-0.085	0.029	
3	-0.048	0.139	-0.091	0.137	0.000	0.000	0.000	0.000	
4	-0.050	0.150	0.000	0.150	0.000	0.120	-0.050	0.120	
5	-0.058	0.138	0.000	0.000	0.000	0.000	0.000	0.000
4	-0.100	0.150	-0.050	0.150	-0.050	0.120	-0.100	0.120	
3	-0.048	0.139	-0.001	0.142	0.000	0.000	0.000	0.000	
4	-0.050	0.150	0.000	0.150	0.000	0.120	-0.050	0.120	
4	-0.050	0.150	0.000	0.150	0.000	0.120	-0.050	0.120	
5	-0.046	0.112	0.000	0.000	0.000	0.000	0.000	0.000
4	-0.050	0.120	0.000	0.120	0.000	0.090	-0.050	0.090	
5	-0.044	0.082	0.000	0.000	0.000	0.000	0.000	0.000
4	-0.050	0.090	0.000	0.090	0.000	0.060	-0.050	0.060	
