0.000	0.000	0.000	0.000	0.000
0.000	0.000	0.000	0.000	0.000
0.000	0.000	0.000	0.000	0.000
0.000	0.000	0.000	0.000	0.000
0.000	0.000	0.000	0.000	0.000
0.000	0.000	0.000	0.000	0.000
0.000	0.000	0.000	0.000	0.000
0.000	0.000	0.000	0.000	0.000
0.000	0.000	0.000	0.000	0.000
0.000	0.000	0.000	0.000	0.000
0.000	0.000	0.000	0.000	0.000
0.000	0.000	0.000	0.000	0.000
0.000	0.000	0.000	0.000	0.000
0.000	0.000	0.000	0.000	0.000
0.000	0.000	0.000	0.000	0.000
0.000	0.000	0.000	0.000	0.000
0.000	0.000	0.000	0.000	0.000
0.000	0.000	0.000	0.000	0.000
0.000	0.000	0.000	0.000	0.000
0.000	0.000	0.000	0.000	0.000
0.000	0.000	0.000	0.000	0.000
0.000	0.000	0.000	0.000	0.000
0.000	0.000	0.000	0.000	0.000
0.000	0.000	0.000	0.000	0.000
0.000	0.000	0.000	0.000	0.000
0.000	0.000	0.000	0.000	0.000
0.000	0.000	0.000	0.000	0.000
0.000	0.000	0.000	0.000	0.000
0.000	0.000	0.000	0.000	0.000
0.000	0.000	0.000	0.000	0.000
0.000	0.000	0.000	0.000	0.000
0.000	0.000	0.000	0.000	0.000
0.000	0.000	0.000	0.000	0.000
-1.199	1.199	-0.007	23.989	0.000
-1.199	0.000	-0.007	0.000	0.000
-1.206	0.007	-0.141	0.141	0.000
-1.209	0.003	-0.055	0.055	0.000
-1.209	0.000	-0.055	0.000	0.000
-1.208	0.001	0.030	0.030	0.000
-1.206	0.002	0.044	0.044	0.030
-1.203	0.002	0.042	0.042	0.042
-1.201	0.002	0.040	0.040	0.042
-1.199	0.002	0.040	0.040	0.042
-1.197	0.002	0.041	0.041	0.042
-1.195	0.002	0.040	0.040	0.041
-1.193	0.002	0.041	0.041	0.041
-1.191	0.002	0.043	0.043	0.041
-1.189	0.002	0.042	0.042	0.041
-1.187	0.002	0.042	0.042	0.042
-1.185	0.002	0.043	0.043	0.042
-1.185	0.000	0.043	0.000	0.042
-1.183	0.002	0.044	0.044	0.042
-1.180	0.002	0.044	0.044	0.042
-1.178	0.002	0.044	0.044	0.043
-1.176	0.002	0.045	0.045	0.043
-1.174	0.002	0.045	0.045	0.044
-1.171	0.002	0.045	0.045	0.044
-1.169	0.002	0.046	0.046	0.044
-1.167	0.002	0.046	0.046	0.045
-1.165	0.002	0.046	0.046	0.045
-1.165	0.000	0.046	0.000	0.045
-1.162	0.002	0.046	0.046	0.045
-1.160	0.002	0.046	0.046	0.046
-1.158	0.002	0.046	0.046	0.046
-1.155	0.002	0.047	0.047	0.046
-1.155	0.000	0.047	0.000	0.046
-1.153	0.002	0.047	0.047	0.046
-1.151	0.002	0.047	0.047	0.046
-1.148	0.002	0.047	0.047	0.046
-1.147	0.001	0.018	0.018	0.046
-1.146	0.002	0.031	0.031	0.046
-1.145	0.001	0.018	0.018	0.046
-1.143	0.002	0.032	0.032	0.046
-1.141	0.002	0.047	0.047	0.047
-1.140	0.001	0.019	0.019	0.047
-1.138	0.002	0.033	0.033	0.033
-1.138	0.000	0.033	0.000	0.033
-1.137	0.001	0.018	0.018	0.032
-1.136	0.002	0.034	0.034	0.032
-1.135	0.001	0.018	0.018	0.031
-1.133	0.002	0.034	0.034	0.032
-1.132	0.001	0.017	0.017	0.032
-1.131	0.002	0.034	0.034	0.033
-1.130	0.001	0.013	0.013	0.033
-1.129	0.001	0.024	0.024	0.024
-1.128	0.001	0.024	0.023	0.024
-1.128	0.000	0.023	0.000	0.023
-1.127	0.000	0.006	0.006	0.023
-1.127	0.001	0.014	0.014	0.023
-1.126	0.000	0.004	0.004	0.018
-1.126	0.000	0.004	0.000	0.017
-1.125	0.001	0.022	0.022	0.017
-1.123	0.002	0.037	0.037	0.022
-1.123	0.000	0.037	0.000	0.014
-1.123	0.001	0.015	0.015	0.015
-1.121	0.001	0.026	0.026	0.015
-1.119	0.002	0.040	0.040	0.015
-1.119	0.000	0.040	0.000	0.015
-1.117	0.002	0.042	0.042	0.022
-1.117	0.000	0.042	0.000	0.022
-1.116	0.001	0.015	0.015	0.022
-1.116	0.000	0.015	0.000	0.022
-1.115	0.001	0.024	0.024	0.024
-1.113	0.002	0.040	0.040	0.024
-1.113	0.000	0.040	0.000	0.024
-1.111	0.002	0.043	0.043	0.026
-1.111	0.000	0.043	0.000	0.024
-1.109	0.002	0.042	0.042	0.024
-1.107	0.002	0.042	0.042	0.040
-1.107	0.000	0.042	0.000	0.024
-1.106	0.001	0.016	0.016	0.024
-1.105	0.001	0.023	0.023	0.024
-1.105	0.000	0.023	0.000	0.024
-1.103	0.002	0.040	0.040	0.040
-1.101	0.002	0.043	0.043	0.040
-1.099	0.002	0.043	0.043	0.042
-1.099	0.000	0.043	0.000	0.040
-1.098	0.001	0.017	0.017	0.040
-1.097	0.001	0.023	0.023	0.023
-1.096	0.001	0.015	0.015	0.023
-1.096	0.000	0.015	0.000	0.023
-1.095	0.001	0.025	0.025	0.023
-1.093	0.002	0.041	0.041	0.025
-1.092	0.001	0.019	0.019	0.025
-1.090	0.001	0.025	0.025	0.025
-1.090	0.000	0.025	0.000	0.023
-1.088	0.002	0.041	0.041	0.023
-1.087	0.001	0.019	0.019	0.023
-1.086	0.001	0.025	0.025	0.025
-1.086	0.000	0.025	0.000	0.025
-1.084	0.002	0.041	0.041	0.025
-1.083	0.001	0.019	0.019	0.025
-1.082	0.001	0.026	0.026	0.025
-1.080	0.002	0.042	0.042	0.025
-1.080	0.000	0.042	0.000	0.025
-1.079	0.001	0.020	0.020	0.025
-1.077	0.001	0.027	0.027	0.026
-1.077	0.001	0.017	0.017	0.025
-1.075	0.001	0.028	0.028	0.026
-1.074	0.001	0.018	0.018	0.026
-1.073	0.001	0.028	0.028	0.027
-1.073	0.000	0.028	0.000	0.026
-1.071	0.002	0.044	0.044	0.027
-1.070	0.001	0.021	0.021	0.027
-1.070	0.000	0.021	0.000	0.021
-1.068	0.001	0.029	0.029	0.027
-1.066	0.002	0.045	0.045	0.028
-1.065	0.001	0.021	0.021	0.028
-1.065	0.000	0.021	0.000	0.028
-1.063	0.001	0.029	0.029	0.028
-1.061	0.002	0.045	0.045	0.029
-1.060	0.001	0.020	0.020	0.029
-1.060	0.000	0.020	0.000	0.029
-1.059	0.001	0.030	0.030	0.029
-1.059	0.000	0.030	0.000	0.029
-1.056	0.002	0.045	0.045	0.029
-1.056	0.000	0.045	0.000	0.029
-1.054	0.002	0.048	0.048	0.029
-1.052	0.002	0.048	0.048	0.030
-1.051	0.001	0.019	0.019	0.030
-1.051	0.000	0.019	0.000	0.030
-1.049	0.002	0.031	0.031	0.030
-1.049	0.000	0.031	0.000	0.030
-1.049	0.000	0.031	0.000	0.030
-1.047	0.002	0.046	0.046	0.031
-1.047	0.000	0.046	0.000	0.031
-1.047	0.000	0.046	0.000	0.019
-1.046	0.001	0.021	0.021	0.021
-1.046	0.000	0.021	0.000	0.019
-1.046	0.000	-0.004	0.004	0.004
-1.045	0.001	0.011	0.011	0.004
-1.044	0.002	0.034	0.034	0.011
-1.044	0.000	0.034	0.000	0.004
-1.042	0.002	0.045	0.045	0.011
-1.039	0.002	0.047	0.047	0.021
-1.038	0.001	0.015	0.015	0.015
-1.037	0.001	0.028	0.028	0.021
-1.036	0.001	0.013	0.013	0.021
-1.035	0.001	0.029	0.029	0.028
-1.033	0.002	0.044	0.044	0.029
-1.033	0.000	0.044	0.000	0.029
-1.032	0.001	0.016	0.016	0.029
-1.030	0.001	0.029	0.029	0.029
-1.030	0.001	0.014	0.014	0.029
-1.028	0.001	0.030	0.030	0.029
-1.028	0.000	0.030	0.000	0.028
-1.028	0.000	0.030	0.000	0.028
-1.026	0.002	0.045	0.045	0.029
-1.024	0.002	0.048	0.048	0.029
-1.024	0.000	0.048	0.000	0.029
-1.023	0.001	0.018	0.018	0.018
-1.021	0.002	0.030	0.030	0.029
-1.021	0.000	0.030	0.000	0.029
-1.019	0.002	0.046	0.046	0.030
-1.016	0.002	0.049	0.049	0.030
-1.016	0.000	0.049	0.000	0.030
-1.015	0.001	0.020	0.020	0.030
-1.014	0.002	0.030	0.030	0.030
-1.012	0.002	0.047	0.047	0.030
-1.012	0.000	0.047	0.000	0.030
-1.009	0.002	0.050	0.050	0.030
-1.009	0.000	0.050	0.000	0.030
-1.007	0.002	0.050	0.050	0.046
-1.007	0.000	0.050	0.000	0.046
-1.006	0.001	0.020	0.020	0.030
-1.004	0.002	0.031	0.031	0.030
-1.002	0.002	0.048	0.048	0.031
-1.001	0.001	0.021	0.021	0.031
-0.999	0.002	0.032	0.032	0.032
-0.999	0.000	0.032	0.000	0.031
-0.996	0.004	0.022	0.070	0.032
-0.996	0.000	0.022	0.000	0.031
-0.994	0.002	0.033	0.033	0.032
-0.993	0.001	0.019	0.019	0.031
-0.991	0.002	0.034	0.034	0.032
-0.990	0.001	0.020	0.020	0.032
-0.989	0.002	0.035	0.035	0.033
-0.986	0.003	0.051	0.051	0.033
-0.986	0.000	0.051	0.000	0.033
-0.985	0.001	0.022	0.022	0.033
-0.985	0.000	0.022	0.000	0.033
-0.983	0.002	0.035	0.035	0.033
-0.981	0.003	0.051	0.051	0.034
-0.981	0.000	0.051	0.000	0.034
-0.978	0.003	0.054	0.054	0.035
-0.977	0.001	0.021	0.021	0.035
-0.977	0.000	0.021	0.000	0.035
-0.975	0.002	0.035	0.035	0.035
-0.972	0.003	0.052	0.052	0.035
-0.971	0.001	0.021	0.021	0.035
-0.970	0.002	0.036	0.036	0.035
-0.970	0.000	0.036	0.000	0.035
-0.967	0.003	0.052	0.052	0.036
-0.967	0.000	0.052	0.000	0.035
-0.966	0.001	0.020	0.020	0.035
-0.964	0.002	0.037	0.037	0.035
-0.964	0.000	0.037	0.000	0.035
-0.962	0.003	0.053	0.053	0.036
-0.959	0.003	0.054	0.054	0.037
-0.958	0.001	0.018	0.018	0.036
-0.956	0.002	0.038	0.038	0.037
-0.955	0.001	0.018	0.018	0.037
-0.953	0.002	0.039	0.039	0.038
-0.952	0.001	0.014	0.014	0.037
-0.950	0.002	0.011	0.040	0.038
-0.950	0.000	0.011	0.000	0.038
-0.951	0.000	-0.007	0.007	0.038
-0.951	0.000	0.000	0.000	0.038
-0.950	0.001	0.015	0.015	0.018
-0.950	0.000	0.005	0.005	0.018
-0.950	0.000	0.005	0.000	0.015
-0.948	0.001	0.025	0.025	0.015
-0.946	0.002	0.041	0.041	0.015
-0.946	0.000	0.041	0.000	0.014
-0.946	0.001	0.015	0.015	0.015
-0.946	0.000	0.015	0.000	0.007
-0.944	0.001	0.027	0.027	0.015
-0.942	0.002	0.043	0.043	0.015
-0.940	0.002	0.045	0.045	0.025
-0.939	0.001	0.014	0.014	0.025
-0.938	0.001	0.026	0.026	0.026
-0.936	0.002	0.028	0.040	0.027
-0.936	0.000	0.028	0.000	0.027
-0.935	0.001	0.014	0.014	0.026
-0.934	0.001	0.028	0.028	0.027
-0.933	0.001	0.014	0.014	0.027
-0.932	0.001	0.028	0.028	0.028
-0.931	0.001	0.015	0.015	0.028
-0.930	0.001	0.028	0.028	0.028
-0.929	0.001	0.015	0.015	0.026
-0.927	0.001	0.028	0.028	0.028
-0.927	0.001	0.016	0.016	0.028
-0.925	0.001	0.029	0.029	0.028
-0.924	0.001	0.016	0.016	0.028
-0.923	0.001	0.029	0.029	0.028
-0.922	0.001	0.016	0.016	0.028
-0.920	0.002	0.016	0.045	0.028
-0.920	0.000	-0.001	0.001	0.028
-0.920	0.000	-0.001	0.000	0.028
-0.919	0.001	0.027	0.027	0.027
-0.916	0.002	0.048	0.048	0.028
-0.915	0.001	0.020	0.020	0.027
-0.914	0.001	0.029	0.029	0.029
-0.913	0.001	0.016	0.016	0.027
-0.912	0.001	0.029	0.029	0.029
-0.909	0.002	0.047	0.047	0.029
-0.908	0.001	0.019	0.019	0.029
-0.907	0.001	0.028	0.028	0.028
-0.906	0.001	0.016	0.016	0.028
-0.906	0.000	-0.001	0.001	0.028
-0.906	0.000	-0.001	0.000	0.028
-0.905	0.001	0.028	0.028	0.028
-0.902	0.002	0.046	0.046	0.028
-0.900	0.002	0.047	0.047	0.028
-0.899	0.001	0.019	0.019	0.028
-0.898	0.001	0.026	0.026	0.028
-0.897	0.001	0.016	0.016	0.026
-0.897	0.000	0.016	0.000	0.026
-0.896	0.001	0.025	0.025	0.025
-0.893	0.002	0.045	0.045	0.026
-0.893	0.000	0.045	0.000	0.026
-0.893	0.001	0.020	0.020	0.026
-0.891	0.001	0.028	0.028	0.026
-0.890	0.001	0.016	0.016	0.025
-0.889	0.001	0.028	0.028	0.025
-0.889	0.000	0.028	0.000	0.025
-0.888	0.001	0.016	0.016	0.020
-0.888	0.000	0.016	0.000	0.020
-0.887	0.001	0.028	0.028	0.025
-0.885	0.002	0.044	0.044	0.028
-0.885	0.000	0.044	0.000	0.020
-0.882	0.002	0.047	0.047	0.028
-0.880	0.002	0.046	0.046	0.028
-0.879	0.001	0.018	0.018	0.028
-0.878	0.001	0.028	0.028	0.028
-0.877	0.001	0.016	0.016	0.028
-0.875	0.001	0.030	0.030	0.028
-0.874	0.001	0.017	0.017	0.028
-0.873	0.002	0.031	0.031	0.030
-0.872	0.001	0.017	0.017	0.030
-0.870	0.002	0.017	0.048	0.030
-0.870	0.000	0.017	0.002	0.030
-0.868	0.001	0.029	0.029	0.029
-0.866	0.002	0.035	0.035	0.029
-0.866	0.000	0.003	0.003	0.029
-0.866	0.000	-0.003	0.003	0.029
-0.867	0.000	-0.009	0.009	0.029
-0.866	0.001	0.012	0.012	0.017
-0.866	0.000	0.005	0.005	0.017
-0.866	0.000	0.001	0.001	0.012
-0.865	0.001	0.024	0.024	0.012
-0.864	0.001	0.012	0.012	0.012
-0.863	0.001	0.028	0.028	0.012
-0.861	0.002	0.027	0.040	0.012
-0.860	0.001	0.027	0.013	0.012
-0.860	0.000	0.013	0.000	0.012
-0.858	0.002	0.013	0.040	0.013
-0.858	0.000	0.013	0.000	0.013
-0.856	0.002	0.013	0.040	0.024
-0.855	0.001	0.027	0.027	0.027
-0.854	0.001	0.014	0.014	0.027
-0.853	0.001	0.025	0.023	0.027
-0.852	0.001	0.016	0.016	0.027
-0.851	0.001	0.027	0.027	0.027
-0.850	0.001	0.015	0.015	0.023
-0.849	0.001	0.027	0.027	0.027
-0.848	0.001	0.015	0.015	0.027
-0.848	0.000	-0.001	0.001	0.023
-0.847	0.001	0.025	0.025	0.025
-0.846	0.001	0.016	0.016	0.023
-0.844	0.002	0.016	0.043	0.023
-0.842	0.001	0.027	0.027	0.025
-0.842	0.001	0.016	0.016	0.025
-0.842	0.000	-0.000	0.000	0.025
-0.840	0.001	0.025	0.025	0.025
-0.838	0.002	0.028	0.045	0.025
-0.837	0.001	0.016	0.016	0.025
-0.837	0.000	0.016	0.000	0.025
-0.835	0.002	0.017	0.046	0.025
-0.833	0.002	0.033	0.033	0.027
-0.832	0.001	0.017	0.017	0.027
-0.831	0.001	0.029	0.029	0.027
-0.830	0.001	0.021	0.021	0.025
-0.828	0.002	0.034	0.034	0.029
-0.827	0.001	0.020	0.020	0.029
-0.827	0.000	0.003	0.003	0.029
-0.826	0.002	0.030	0.030	0.029
-0.825	0.001	0.021	0.021	0.029
-0.823	0.002	0.034	0.034	0.030
-0.822	0.001	0.020	0.020	0.029
-0.819	0.003	0.021	0.055	0.029
-0.817	0.002	0.033	0.033	0.030
-0.816	0.001	0.021	0.021	0.030
-0.816	0.000	0.004	0.004	0.030
-0.815	0.002	0.032	0.032	0.030
-0.814	0.001	0.020	0.020	0.030
-0.812	0.002	0.030	0.030	0.030
-0.811	0.001	0.019	0.019	0.030
-0.810	0.002	0.030	0.030	0.030
-0.807	0.002	0.019	0.049	0.030
-0.806	0.001	0.019	0.019	0.030
-0.805	0.002	0.031	0.031	0.030
-0.804	0.001	0.004	0.023	0.030
-0.804	0.000	0.004	0.000	0.030
-0.801	0.003	0.021	0.051	0.030
-0.799	0.002	0.032	0.032	0.030
-0.798	0.001	0.019	0.019	0.030
-0.797	0.002	0.029	0.033	0.031
-0.796	0.001	0.020	0.020	0.031
-0.794	0.002	0.032	0.032	0.032
-0.793	0.001	0.019	0.019	0.031
-0.793	0.000	0.004	0.004	0.031
-0.791	0.001	0.030	0.030	0.030
-0.791	0.000	0.030	0.000	0.030
-0.790	0.001	0.020	0.020	0.030
-0.789	0.002	0.032	0.032	0.030
-0.787	0.002	0.047	0.047	0.030
-0.786	0.001	0.020	0.020	0.030
-0.784	0.002	0.032	0.032	0.030
-0.783	0.001	0.018	0.018	0.030
-0.783	0.000	0.018	0.000	0.020
-0.780	0.003	0.035	0.068	0.030
-0.779	0.001	0.011	0.011	0.030
-0.779	0.000	0.004	0.004	0.020
-0.778	0.001	0.024	0.024	0.024
-0.777	0.001	0.003	0.011	0.024
-0.777	0.000	0.003	0.000	0.020
-0.777	0.000	0.012	0.006	0.018
-0.777	0.000	0.005	0.005	0.011
-0.775	0.001	0.025	0.025	0.011
-0.775	0.000	0.008	0.008	0.011
-0.775	0.000	0.001	0.001	0.011
-0.773	0.001	0.027	0.027	0.011
-0.773	0.001	0.012	0.012	0.011
-0.772	0.001	0.027	0.027	0.012
-0.770	0.002	0.026	0.038	0.012
-0.769	0.001	0.012	0.012	0.012
-0.769	0.000	0.012	0.000	0.012
-0.768	0.001	0.026	0.026	0.025
-0.766	0.002	0.026	0.039	0.026
-0.765	0.001	0.013	0.013	0.026
-0.765	0.000	-0.002	0.002	0.026
-0.763	0.002	0.014	0.038	0.027
-0.762	0.001	0.026	0.026	0.026
-0.761	0.001	0.014	0.014	0.026
-0.760	0.001	0.026	0.026	0.026
-0.759	0.001	0.015	0.015	0.026
-0.759	0.000	-0.002	0.002	0.026
-0.758	0.001	0.022	0.022	0.026
-0.758	0.001	0.015	0.015	0.022
-0.756	0.001	0.026	0.026	0.022
-0.755	0.001	0.015	0.015	0.022
-0.754	0.001	0.025	0.025	0.025
-0.753	0.001	0.015	0.015	0.022
-0.751	0.002	0.015	0.041	0.022
-0.751	0.000	0.015	0.000	0.022
-0.749	0.002	0.016	0.041	0.022
-0.749	0.000	0.016	0.000	0.022
-0.748	0.001	0.025	0.025	0.025
-0.747	0.001	0.016	0.016	0.025
-0.745	0.002	0.016	0.042	0.025
-0.744	0.001	0.026	0.026	0.025
-0.743	0.001	0.016	0.016	0.025
-0.743	0.000	-0.000	0.000	0.025
-0.741	0.002	0.018	0.040	0.026
-0.740	0.001	0.027	0.027	0.026
-0.739	0.001	0.017	0.017	0.026
-0.738	0.001	0.027	0.027	0.026
-0.737	0.001	0.017	0.017	0.026
-0.735	0.001	0.027	0.027	0.027
-0.735	0.001	0.017	0.017	0.027
-0.734	0.000	0.001	0.001	0.026
-0.732	0.002	0.017	0.041	0.027
-0.731	0.001	0.025	0.025	0.027
-0.730	0.001	0.016	0.016	0.027
-0.730	0.000	0.000	0.000	0.025
-0.728	0.002	0.017	0.039	0.025
-0.728	0.000	0.017	0.000	0.025
-0.726	0.002	0.017	0.043	0.025
-0.725	0.001	0.026	0.026	0.026
-0.724	0.001	0.016	0.016	0.025
-0.723	0.001	0.023	0.024	0.025
-0.722	0.001	0.017	0.017	0.025
-0.722	0.000	0.001	0.001	0.024
-0.720	0.002	0.017	0.041	0.024
-0.719	0.001	0.028	0.028	0.026
-0.718	0.001	0.017	0.017	0.026
-0.718	0.000	0.017	0.000	0.024
-0.716	0.002	0.017	0.044	0.026
-0.714	0.001	0.028	0.028	0.026
-0.713	0.001	0.017	0.017	0.024
-0.713	0.000	0.001	0.001	0.024
-0.712	0.001	0.027	0.027	0.027
-0.711	0.001	0.018	0.018	0.027
-0.709	0.002	0.031	0.031	0.028
-0.709	0.001	0.017	0.017	0.027
-0.706	0.002	0.017	0.048	0.027
-0.706	0.000	0.017	0.000	0.027
-0.704	0.002	0.017	0.049	0.028
-0.702	0.002	0.031	0.031	0.028
-0.701	0.001	0.018	0.018	0.027
-0.699	0.002	0.018	0.049	0.031
-0.699	0.000	0.002	0.002	0.031
-0.699	0.000	-0.000	0.000	0.031
-0.699	0.000	-0.005	0.005	0.031
-0.699	0.000	-0.005	0.000	0.018
-0.698	0.001	0.004	0.014	0.018
-0.697	0.001	0.028	0.028	0.018
-0.696	0.001	0.015	0.015	0.018
-0.696	0.000	0.000	0.000	0.015
-0.695	0.001	0.027	0.027	0.015
-0.694	0.001	0.015	0.015	0.015
-0.692	0.002	0.014	0.044	0.015
-0.692	0.000	0.014	0.000	0.015
-0.690	0.002	0.014	0.043	0.015
-0.690	0.000	0.014	0.000	0.015
-0.688	0.002	0.014	0.044	0.027
-0.688	0.000	0.014	0.000	0.027
-0.685	0.002	0.015	0.044	0.027
-0.685	0.000	-0.000	0.000	0.027
-0.684	0.001	0.027	0.027	0.027
-0.682	0.002	0.030	0.046	0.043
-0.682	0.000	0.030	0.000	0.043
-0.681	0.001	0.016	0.016	0.027
-0.679	0.001	0.030	0.030	0.030
-0.679	0.001	0.016	0.016	0.027
-0.677	0.002	0.030	0.030	0.030
-0.676	0.001	0.016	0.016	0.027
-0.674	0.002	0.030	0.047	0.030
-0.672	0.002	0.030	0.030	0.030
-0.672	0.001	0.017	0.017	0.030
-0.672	0.000	0.017	0.000	0.030
-0.669	0.002	0.017	0.048	0.030
-0.668	0.002	0.031	0.031	0.030
-0.667	0.001	0.018	0.018	0.030
-0.667	0.000	0.002	0.002	0.030
-0.665	0.001	0.030	0.030	0.030
-0.663	0.003	0.033	0.053	0.030
-0.662	0.001	0.019	0.019	0.030
-0.662	0.000	0.002	0.002	0.030
-0.660	0.002	0.031	0.031	0.030
-0.657	0.003	0.034	0.053	0.031
-0.656	0.001	0.018	0.018	0.031
-0.655	0.002	0.033	0.033	0.031
-0.654	0.001	0.001	0.018	0.030
-0.654	0.000	0.001	0.000	0.030
-0.651	0.002	0.018	0.049	0.031
-0.651	0.000	0.018	0.000	0.031
-0.649	0.003	0.017	0.050	0.031
-0.649	0.000	0.017	0.000	0.031
-0.646	0.003	0.017	0.051	0.033
-0.645	0.002	0.034	0.034	0.034
-0.644	0.001	0.017	0.017	0.033
-0.644	0.000	0.001	0.001	0.033
-0.642	0.002	0.033	0.033	0.033
-0.641	0.001	0.019	0.019	0.033
-0.639	0.003	0.018	0.052	0.034
-0.639	0.000	0.018	0.000	0.033
-0.636	0.003	0.017	0.052	0.034
-0.634	0.002	0.034	0.034	0.034
-0.633	0.001	0.017	0.017	0.034
-0.632	0.002	0.032	0.034	0.034
-0.631	0.001	0.018	0.018	0.033
-0.629	0.002	0.035	0.035	0.034
-0.628	0.001	0.017	0.017	0.034
-0.628	0.000	0.002	0.002	0.034
-0.626	0.003	0.018	0.050	0.034
-0.624	0.002	0.035	0.035	0.034
-0.623	0.001	0.002	0.019	0.034
-0.623	0.000	0.002	0.000	0.034
-0.620	0.003	0.018	0.051	0.034
-0.619	0.002	0.036	0.036	0.035
-0.618	0.001	0.017	0.017	0.035
-0.618	0.000	0.002	0.002	0.035
-0.615	0.003	0.017	0.052	0.035
-0.613	0.002	0.037	0.037	0.036
-0.612	0.001	0.016	0.016	0.036
-0.611	0.002	0.036	0.038	0.036
-0.610	0.001	0.017	0.017	0.036
-0.608	0.002	0.031	0.031	0.036
-0.608	0.001	0.012	0.012	0.036
-0.608	0.001	-0.013	0.013	0.031
-0.608	0.000	0.001	0.001	0.017
-0.607	0.001	0.018	0.018	0.018
-0.607	0.000	0.007	0.007	0.018
-0.606	0.001	0.022	0.022	0.018
-0.605	0.001	0.010	0.010	0.017
-0.605	0.000	0.002	0.002	0.017
-0.604	0.001	0.028	0.028	0.017
-0.603	0.001	0.014	0.014	0.014
-0.602	0.001	0.029	0.029	0.014
-0.599	0.002	0.028	0.043	0.018
-0.599	0.001	0.015	0.015	0.018
-0.598	0.001	0.025	0.024	0.022
-0.597	0.001	0.016	0.016	0.022
-0.595	0.001	0.029	0.029	0.024
-0.595	0.001	0.016	0.016	0.024
-0.595	0.000	-0.001	0.001	0.024
-0.593	0.001	0.025	0.025	0.025
-0.592	0.001	0.017	0.017	0.024
-0.590	0.002	0.016	0.045	0.025
-0.589	0.001	0.028	0.028	0.025
-0.588	0.001	-0.000	0.016	0.024
-0.588	0.000	-0.000	0.000	0.024
-0.586	0.002	0.018	0.044	0.025
-0.584	0.001	0.029	0.029	0.028
-0.584	0.001	0.017	0.017	0.025
-0.582	0.001	0.028	0.028	0.028
-0.581	0.001	0.018	0.018	0.028
-0.581	0.000	0.000	0.000	0.028
-0.579	0.002	0.016	0.046	0.028
-0.579	0.000	0.016	0.000	0.028
-0.577	0.002	0.017	0.047	0.028
-0.575	0.001	0.027	0.027	0.028
-0.574	0.001	0.017	0.017	0.028
-0.574	0.000	-0.000	0.000	0.027
-0.573	0.001	0.026	0.026	0.026
-0.572	0.001	0.020	0.020	0.026
-0.571	0.001	0.030	0.030	0.026
-0.570	0.001	0.019	0.019	0.026
-0.568	0.001	0.029	0.029	0.027
-0.566	0.002	0.030	0.049	0.027
-0.565	0.001	0.019	0.019	0.027
-0.563	0.001	0.030	0.030	0.027
-0.562	0.001	0.002	0.021	0.026
-0.561	0.001	0.028	0.028	0.028
-0.560	0.001	0.021	0.021	0.028
-0.560	0.000	0.003	0.003	0.028
-0.558	0.001	0.029	0.029	0.029
-0.556	0.003	0.031	0.052	0.029
-0.555	0.001	0.019	0.019	0.029
-0.555	0.000	0.002	0.002	0.028
-0.552	0.003	0.021	0.051	0.028
-0.552	0.000	0.021	0.000	0.028
-0.549	0.003	0.020	0.052	0.028
-0.549	0.000	0.020	0.000	0.028
-0.547	0.003	0.020	0.052	0.029
-0.545	0.002	0.033	0.033	0.033
-0.544	0.001	0.020	0.020	0.033
-0.542	0.002	0.032	0.036	0.036
-0.541	0.001	0.022	0.022	0.033
-0.540	0.002	0.034	0.034	0.034
-0.539	0.001	0.020	0.020	0.034
-0.538	0.000	0.004	0.004	0.033
-0.536	0.003	0.021	0.055	0.034
-0.534	0.002	0.035	0.035	0.034
-0.533	0.001	0.019	0.019	0.034
-0.533	0.000	0.003	0.003	0.033
-0.531	0.002	0.033	0.033	0.033
-0.530	0.001	0.021	0.021	0.033
-0.527	0.003	0.020	0.055	0.033
-0.525	0.002	0.036	0.036	0.034
-0.524	0.001	0.020	0.020	0.033
-0.524	0.000	0.005	0.005	0.033
-0.522	0.002	0.036	0.036	0.035
-0.520	0.003	0.054	0.054	0.035
-0.519	0.001	0.021	0.021	0.033
-0.517	0.002	0.035	0.035	0.035
-0.516	0.001	0.020	0.020	0.035
-0.516	0.000	0.005	0.005	0.035
-0.516	0.000	-0.008	0.008	0.035
-0.516	0.001	0.014	0.011	0.021
-0.515	0.000	0.005	0.005	0.020
-0.514	0.001	0.025	0.025	0.021
-0.513	0.001	0.015	0.015	0.021
-0.513	0.000	0.002	0.002	0.020
-0.512	0.001	0.026	0.026	0.020
-0.511	0.001	0.015	0.015	0.015
-0.510	0.002	0.031	0.031	0.015
-0.509	0.001	0.015	0.015	0.015
-0.507	0.002	0.030	0.030	0.015
-0.507	0.001	0.015	0.015	0.015
-0.505	0.002	0.013	0.042	0.025
-0.503	0.001	0.030	0.030	0.026
-0.503	0.000	0.030	0.000	0.026
-0.502	0.001	0.015	0.015	0.026
-0.500	0.002	0.015	0.044	0.030
-0.500	0.000	0.015	0.000	0.030
-0.498	0.002	0.016	0.046	0.030
-0.498	0.000	0.016	0.000	0.030
-0.496	0.002	0.016	0.046	0.030
-0.494	0.001	0.027	0.027	0.030
-0.493	0.001	0.016	0.016	0.030
-0.493	0.000	0.001	0.001	0.027
-0.492	0.001	0.025	0.025	0.025
-0.491	0.001	0.014	0.014	0.025
-0.489	0.002	0.014	0.043	0.027
-0.488	0.001	0.028	0.028	0.027
-0.487	0.001	0.015	0.015	0.027
-0.486	0.001	0.028	0.028	0.027
-0.485	0.001	0.015	0.015	0.027
-0.484	0.001	0.029	0.029	0.027
-0.483	0.001	0.015	0.015	0.025
-0.483	0.000	-0.001	0.001	0.025
-0.481	0.002	0.017	0.046	0.028
-0.479	0.002	0.031	0.031	0.028
-0.478	0.001	0.016	0.016	0.028
-0.478	0.000	0.000	0.000	0.028
-0.476	0.002	0.017	0.047	0.028
-0.474	0.002	0.032	0.032	0.029
-0.473	0.001	0.017	0.017	0.029
-0.472	0.002	0.030	0.031	0.031
-0.471	0.001	0.018	0.018	0.031
-0.469	0.002	0.032	0.032	0.031
-0.469	0.001	0.017	0.017	0.031
-0.468	0.000	0.001	0.001	0.031
-0.467	0.002	0.031	0.031	0.031
-0.466	0.001	0.018	0.018	0.031
-0.464	0.002	0.033	0.033	0.031
-0.464	0.001	0.017	0.017	0.031
-0.462	0.002	0.033	0.033	0.031
-0.461	0.001	0.017	0.017	0.031
-0.459	0.002	0.033	0.033	0.031
-0.459	0.001	0.017	0.017	0.031
-0.456	0.003	0.017	0.051	0.031
-0.456	0.000	0.002	0.002	0.031
-0.454	0.002	0.033	0.033	0.033
-0.453	0.001	0.018	0.018	0.033
-0.452	0.002	0.035	0.035	0.033
-0.451	0.001	0.017	0.017	0.033
-0.449	0.002	0.033	0.033	0.033
-0.447	0.003	0.034	0.051	0.033
-0.446	0.001	0.017	0.017	0.033
-0.446	0.000	0.002	0.002	0.033
-0.444	0.002	0.035	0.035	0.033
-0.443	0.001	0.018	0.018	0.033
-0.441	0.002	0.036	0.036	0.033
-0.438	0.003	0.036	0.053	0.035
-0.438	0.001	0.017	0.017	0.035
-0.438	0.000	0.002	0.002	0.033
-0.436	0.002	0.036	0.036	0.035
-0.435	0.001	0.017	0.017	0.035
-0.433	0.002	0.038	0.038	0.035
-0.430	0.003	0.038	0.055	0.036
-0.430	0.000	0.038	0.000	0.036
-0.428	0.003	0.034	0.051	0.036
-0.427	0.000	0.010	0.010	0.036
-0.427	0.000	0.010	0.000	0.036
-0.428	0.000	-0.010	0.008	0.017
-0.427	0.000	0.010	0.010	0.017
-0.427	0.000	0.004	0.004	0.017
-0.425	0.001	0.029	0.029	0.017
-0.425	0.000	0.009	0.009	0.010
-0.424	0.001	0.027	0.027	0.010
-0.423	0.001	0.012	0.012	0.010
-0.423	0.000	-0.003	0.003	0.010
-0.421	0.002	0.013	0.037	0.010
-0.421	0.000	0.013	0.000	0.010
-0.419	0.002	0.013	0.040	0.012
-0.418	0.001	0.026	0.026	0.026
-0.417	0.001	0.012	0.012	0.026
-0.416	0.001	0.025	0.025	0.026
-0.416	0.001	0.013	0.013	0.025
-0.416	0.000	-0.002	0.002	0.025
-0.414	0.002	0.014	0.037	0.025
-0.414	0.000	0.014	0.000	0.025
-0.412	0.002	0.014	0.041	0.026
-0.412	0.000	-0.002	0.002	0.025
-0.410	0.002	0.015	0.038	0.026
-0.409	0.001	0.027	0.027	0.026
-0.408	0.001	0.015	0.015	0.025
-0.407	0.001	0.023	0.022	0.025
-0.406	0.001	0.016	0.016	0.022
-0.405	0.001	0.027	0.027	0.027
-0.404	0.001	0.015	0.015	0.027
-0.404	0.000	-0.001	0.001	0.022
-0.402	0.002	0.013	0.035	0.027
-0.402	0.000	0.013	0.000	0.022
-0.400	0.002	0.014	0.043	0.027
-0.399	0.001	0.024	0.024	0.024
-0.398	0.001	0.016	0.016	0.022
-0.398	0.000	0.016	0.000	0.022
-0.397	0.001	0.025	0.025	0.024
-0.395	0.002	0.045	0.045	0.025
-0.394	0.001	0.021	0.021	0.024
-0.392	0.001	0.023	0.022	0.024
-0.392	0.001	0.017	0.017	0.024
-0.392	0.000	-0.000	0.000	0.022
-0.390	0.001	0.023	0.023	0.023
-0.390	0.001	0.017	0.017	0.022
-0.387	0.002	0.017	0.045	0.022
-0.386	0.001	0.027	0.027	0.023
-0.385	0.001	0.017	0.017	0.023
-0.385	0.000	0.000	0.000	0.022
-0.383	0.002	0.018	0.042	0.022
-0.382	0.001	0.029	0.029	0.023
-0.381	0.001	0.017	0.017	0.023
-0.381	0.000	0.000	0.000	0.023
-0.380	0.001	0.025	0.025	0.025
-0.377	0.002	0.029	0.047	0.027
-0.376	0.001	0.017	0.017	0.027
-0.376	0.000	0.017	0.000	0.025
-0.375	0.001	0.029	0.029	0.025
-0.374	0.001	0.017	0.017	0.025
-0.373	0.001	0.029	0.029	0.029
-0.372	0.001	0.017	0.017	0.025
-0.370	0.001	0.030	0.030	0.025
-0.368	0.002	0.030	0.048	0.029
-0.367	0.001	0.018	0.018	0.029
-0.367	0.000	0.001	0.001	0.029
-0.365	0.001	0.027	0.027	0.027
-0.363	0.002	0.031	0.050	0.029
-0.362	0.001	0.018	0.018	0.029
-0.362	0.000	0.002	0.002	0.027
-0.361	0.001	0.028	0.028	0.028
-0.360	0.001	0.018	0.018	0.027
-0.357	0.003	0.019	0.051	0.028
-0.357	0.000	0.019	0.000	0.027
-0.355	0.002	0.032	0.032	0.027
-0.355	0.001	0.018	0.018	0.027
-0.352	0.003	0.018	0.051	0.028
-0.352	0.000	0.018	0.000	0.028
-0.349	0.003	0.019	0.052	0.028
-0.348	0.002	0.034	0.034	0.032
-0.347	0.001	0.019	0.019	0.032
-0.347	0.000	0.004	0.004	0.032
-0.345	0.001	0.027	0.027	0.032
-0.345	0.000	0.008	0.008	0.027
-0.345	0.000	-0.004	0.004	0.027
-0.345	0.000	-0.001	0.001	0.019
-0.345	0.001	0.012	0.012	0.019
-0.343	0.001	0.024	0.028	0.019
-0.342	0.001	0.014	0.014	0.019
-0.342	0.000	0.001	0.001	0.014
-0.341	0.001	0.024	0.024	0.014
-0.340	0.001	0.015	0.015	0.014
-0.339	0.001	0.028	0.028	0.015
-0.338	0.001	0.015	0.015	0.015
-0.337	0.001	0.027	0.027	0.015
-0.335	0.002	0.026	0.039	0.024
-0.335	0.000	0.026	0.000	0.024
-0.333	0.002	0.026	0.040	0.027
-0.332	0.001	0.014	0.014	0.024
-0.332	0.000	-0.000	0.000	0.024
-0.331	0.001	0.024	0.024	0.024
-0.330	0.001	0.017	0.017	0.024
-0.329	0.001	0.028	0.028	0.027
-0.328	0.001	0.017	0.017	0.024
-0.326	0.002	0.017	0.044	0.027
-0.326	0.000	0.017	0.000	0.024
-0.323	0.002	0.017	0.045	0.024
-0.322	0.001	0.028	0.028	0.028
-0.321	0.001	0.002	0.020	0.024
-0.321	0.000	0.002	0.000	0.024
-0.319	0.002	0.018	0.043	0.028
-0.319	0.000	0.018	0.000	0.028
-0.317	0.002	0.018	0.046	0.028
-0.315	0.001	0.028	0.028	0.028
-0.314	0.001	0.018	0.018	0.028
-0.314	0.000	0.003	0.003	0.028
-0.312	0.002	0.019	0.044	0.028
-0.312	0.000	0.019	0.000	0.028
-0.310	0.002	0.019	0.048	0.028
-0.308	0.001	0.029	0.029	0.029
-0.307	0.001	0.019	0.019	0.029
-0.307	0.000	0.003	0.003	0.028
-0.305	0.002	0.020	0.046	0.029
-0.305	0.000	0.020	0.000	0.028
-0.302	0.002	0.019	0.049	0.029
-0.300	0.002	0.019	0.049	0.044
-0.300	0.000	0.004	0.004	0.044
-0.298	0.001	0.027	0.027	0.029
-0.297	0.001	0.020	0.020	0.029
-0.297	0.000	0.004	0.004	0.027
-0.295	0.002	0.020	0.048	0.027
-0.293	0.002	0.030	0.030	0.030
-0.292	0.001	0.019	0.019	0.030
-0.291	0.002	0.030	0.030	0.030
-0.290	0.001	0.020	0.020	0.030
-0.290	0.000	0.004	0.004	0.027
-0.287	0.002	0.021	0.049	0.027
-0.287	0.000	0.021	0.000	0.027
-0.285	0.003	0.020	0.051	0.030
-0.283	0.002	0.031	0.031	0.030
-0.282	0.001	0.020	0.020	0.030
-0.281	0.002	0.031	0.031	0.030
-0.280	0.001	0.020	0.020	0.030
-0.279	0.000	0.004	0.004	0.030
-0.278	0.001	0.030	0.030	0.030
-0.275	0.002	0.048	0.048	0.031
-0.274	0.001	0.022	0.022	0.031
-0.274	0.000	0.004	0.004	0.030
-0.273	0.002	0.030	0.030	0.030
-0.272	0.001	0.020	0.020	0.030
-0.269	0.003	0.019	0.052	0.030
-0.267	0.002	0.032	0.032	0.030
-0.266	0.001	0.018	0.018	0.030
-0.266	0.000	0.004	0.004	0.030
-0.264	0.002	0.018	0.049	0.030
-0.262	0.002	0.033	0.033	0.032
-0.261	0.001	0.017	0.017	0.030
-0.260	0.002	0.033	0.033	0.032
-0.259	0.001	0.017	0.017	0.032
-0.259	0.000	0.003	0.003	0.032
-0.257	0.002	0.010	0.038	0.033
-0.257	0.000	0.010	0.010	0.032
-0.257	0.000	-0.001	0.001	0.018
-0.257	0.001	0.014	0.014	0.017
-0.257	0.000	0.004	0.004	0.017
-0.256	0.000	0.002	0.002	0.017
-0.255	0.001	0.006	0.030	0.017
-0.253	0.001	0.030	0.030	0.017
-0.253	0.001	-0.001	0.014	0.014
-0.251	0.001	0.025	0.025	0.014
-0.251	0.000	0.008	0.008	0.014
-0.250	0.001	0.026	0.026	0.014
-0.249	0.001	0.014	0.014	0.014
-0.248	0.001	0.025	0.023	0.023
-0.247	0.001	0.016	0.016	0.023
-0.246	0.001	0.029	0.029	0.025
-0.245	0.001	0.016	0.016	0.025
-0.244	0.001	0.026	0.026	0.025
-0.243	0.001	0.017	0.017	0.023
-0.243	0.000	0.001	0.001	0.023
-0.241	0.001	0.026	0.026	0.023
-0.239	0.002	0.028	0.044	0.026
-0.239	0.000	0.028	0.000	0.023
-0.238	0.001	0.015	0.015	0.023
-0.236	0.002	0.016	0.043	0.026
-0.235	0.001	0.027	0.027	0.026
-0.234	0.001	0.016	0.016	0.026
-0.233	0.001	0.025	0.025	0.026
-0.232	0.001	0.017	0.017	0.025
-0.232	0.000	0.017	0.000	0.025
-0.230	0.002	0.017	0.045	0.026
-0.228	0.001	0.028	0.028	0.027
-0.228	0.001	0.017	0.017	0.025
-0.227	0.001	0.021	0.021	0.025
-0.226	0.001	0.015	0.015	0.025
-0.225	0.001	0.026	0.026	0.025
-0.224	0.001	0.016	0.016	0.021
-0.224	0.000	-0.001	0.001	0.021
-0.223	0.001	0.022	0.022	0.021
-0.222	0.001	0.017	0.017	0.021
-0.220	0.002	0.016	0.043	0.022
-0.220	0.000	0.016	0.000	0.021
-0.218	0.002	0.016	0.042	0.021
-0.218	0.000	0.016	0.000	0.021
-0.215	0.002	0.016	0.042	0.022
-0.214	0.001	0.026	0.026	0.026
-0.213	0.001	0.001	0.018	0.022
-0.213	0.000	-0.002	0.002	0.022
-0.211	0.002	0.018	0.043	0.026
-0.211	0.000	0.018	0.000	0.026
-0.209	0.002	0.017	0.046	0.042
-0.208	0.001	0.028	0.028	0.028
-0.207	0.001	0.017	0.017	0.028
-0.205	0.001	0.028	0.028	0.028
-0.204	0.001	0.017	0.017	0.028
-0.204	0.000	0.001	0.001	0.026
-0.203	0.001	0.026	0.026	0.026
-0.201	0.002	0.030	0.048	0.028
-0.200	0.001	0.018	0.018	0.028
-0.198	0.001	0.029	0.029	0.028
-0.197	0.001	0.018	0.018	0.028
-0.197	0.000	0.002	0.002	0.026
-0.195	0.002	0.018	0.046	0.026
-0.195	0.000	0.018	0.000	0.026
-0.193	0.003	0.019	0.050	0.026
-0.191	0.002	0.033	0.033	0.029
-0.190	0.001	0.004	0.023	0.029
-0.188	0.002	0.031	0.031	0.031
-0.187	0.001	0.020	0.020	0.029
-0.187	0.000	0.005	0.005	0.029
-0.185	0.002	0.031	0.031	0.031
-0.184	0.001	0.020	0.020	0.031
-0.182	0.003	0.020	0.054	0.031
-0.182	0.000	0.020	0.000	0.031
-0.179	0.003	0.020	0.054	0.031
-0.177	0.002	0.035	0.035	0.031
-0.176	0.001	0.020	0.020	0.031
-0.176	0.000	0.006	0.006	0.031
-0.174	0.002	0.034	0.034	0.031
-0.173	0.001	0.022	0.022	0.031
-0.173	0.000	-0.003	0.003	0.031
-0.174	0.000	-0.003	0.003	0.022
-0.173	0.001	0.005	0.019	0.022
-0.173	0.000	0.005	0.000	0.020
-0.171	0.001	0.025	0.025	0.022
-0.169	0.002	0.028	0.042	0.022
-0.169	0.001	0.014	0.014	0.020
-0.167	0.001	0.025	0.025	0.022
-0.167	0.001	0.014	0.014	0.022
-0.167	0.000	0.014	0.000	0.019
-0.165	0.001	0.027	0.027	0.019
-0.164	0.001	0.014	0.014	0.019
-0.163	0.001	0.027	0.027	0.025
-0.162	0.001	0.014	0.014	0.025
-0.161	0.001	0.027	0.027	0.025
-0.160	0.001	0.014	0.014	0.025
-0.159	0.001	0.027	0.027	0.025
-0.158	0.001	0.015	0.015	0.025
-0.157	0.001	0.027	0.027	0.027
-0.156	0.001	0.015	0.015	0.027
-0.154	0.002	0.015	0.043	0.027
-0.153	0.001	0.028	0.028	0.027
-0.152	0.001	0.016	0.016	0.027
-0.152	0.000	0.001	0.001	0.027
-0.151	0.001	0.026	0.026	0.027
-0.150	0.001	0.017	0.017	0.026
-0.147	0.002	0.030	0.047	0.027
-0.146	0.001	0.029	0.029	0.027
-0.145	0.001	0.017	0.017	0.027
-0.144	0.001	0.027	0.028	0.028
-0.144	0.000	0.027	0.000	0.028
-0.143	0.001	0.018	0.018	0.026
-0.141	0.002	0.030	0.030	0.026
-0.140	0.001	0.018	0.018	0.026
-0.138	0.002	0.018	0.047	0.028
-0.136	0.001	0.030	0.030	0.029
-0.136	0.001	0.018	0.018	0.029
-0.134	0.002	0.030	0.030	0.029
-0.134	0.000	0.030	0.000	0.028
-0.133	0.001	0.018	0.018	0.028
-0.132	0.002	0.030	0.030	0.030
-0.131	0.001	0.018	0.018	0.030
-0.129	0.002	0.030	0.030	0.030
-0.127	0.002	0.031	0.049	0.030
-0.126	0.001	0.019	0.019	0.030
-0.126	0.000	0.019	0.000	0.030
-0.124	0.002	0.031	0.031	0.030
-0.123	0.001	0.019	0.019	0.030
-0.121	0.002	0.019	0.048	0.030
-0.119	0.002	0.030	0.030	0.030
-0.119	0.001	0.019	0.019	0.030
-0.117	0.002	0.030	0.030	0.030
-0.116	0.001	0.019	0.019	0.030
-0.115	0.002	0.031	0.031	0.030
-0.114	0.001	0.019	0.019	0.030
-0.113	0.000	0.003	0.003	0.030
-0.112	0.001	0.028	0.028	0.030
-0.110	0.002	0.046	0.046	0.030
-0.109	0.001	0.020	0.020	0.030
-0.109	0.000	0.003	0.003	0.028
-0.106	0.002	0.019	0.048	0.028
-0.106	0.000	0.019	0.000	0.028
-0.104	0.003	0.019	0.051	0.028
-0.102	0.002	0.032	0.032	0.031
-0.101	0.001	0.019	0.019	0.028
-0.101	0.000	0.004	0.004	0.028
-0.099	0.002	0.036	0.036	0.032
-0.096	0.003	0.038	0.058	0.036
-0.095	0.001	0.019	0.019	0.032
-0.095	0.000	0.019	0.000	0.032
-0.092	0.003	0.019	0.057	0.036
-0.090	0.002	0.039	0.039	0.036
-0.090	0.001	0.018	0.018	0.036
-0.089	0.000	0.004	0.004	0.032
-0.087	0.003	0.019	0.057	0.036
-0.085	0.002	0.039	0.039	0.039
-0.085	0.000	0.039	0.000	0.039
-0.084	0.001	0.014	0.014	0.039
-0.082	0.001	0.028	0.028	0.028
-0.082	0.001	0.010	0.010	0.028
-0.082	0.000	-0.006	0.006	0.028
-0.082	0.000	0.000	0.000	0.018
-0.082	0.001	0.012	0.012	0.014
-0.081	0.001	0.019	0.022	0.014
-0.080	0.000	0.006	0.006	0.014
-0.080	0.000	0.002	0.002	0.012
-0.079	0.001	0.027	0.027	0.012
-0.077	0.002	0.028	0.041	0.014
-0.076	0.001	0.014	0.014	0.014
-0.076	0.000	-0.001	0.001	0.012
-0.075	0.001	0.025	0.025	0.014
-0.073	0.002	0.029	0.043	0.022
-0.072	0.001	0.015	0.015	0.022
-0.072	0.000	-0.000	0.000	0.022
-0.070	0.002	0.016	0.042	0.025
-0.069	0.001	0.029	0.029	0.027
-0.068	0.001	0.015	0.015	0.027
-0.068	0.000	0.000	0.000	0.025
-0.066	0.001	0.026	0.026	0.025
-0.066	0.000	0.026	0.000	0.025
-0.064	0.002	0.045	0.045	0.026
-0.064	0.000	0.045	0.000	0.026
-0.063	0.001	0.019	0.019	0.019
-0.062	0.001	0.028	0.028	0.026
-0.060	0.002	0.044	0.044	0.028
-0.057	0.002	0.046	0.046	0.028
-0.057	0.000	0.046	0.000	0.026
-0.056	0.001	0.017	0.017	0.026
-0.055	0.001	0.025	0.025	0.026
-0.054	0.001	0.015	0.015	0.025
-0.054	0.000	0.015	0.000	0.025
-0.053	0.001	0.027	0.027	0.025
-0.053	0.000	0.027	0.000	0.025
-0.053	0.000	0.027	0.000	0.025
-0.051	0.002	0.044	0.044	0.025
-0.051	0.000	0.044	0.000	0.017
-0.049	0.002	0.046	0.046	0.017
-0.049	0.000	0.046	0.000	0.017
-0.046	0.002	0.045	0.045	0.025
-0.044	0.002	0.044	0.044	0.027
-0.042	0.002	0.044	0.044	0.044
-0.042	0.000	0.044	0.000	0.044
-0.040	0.002	0.044	0.044	0.044
-0.039	0.001	0.016	0.016	0.044
-0.039	0.000	0.016	0.000	0.044
-0.038	0.001	0.026	0.026	0.044
-0.035	0.002	0.043	0.043	0.044
-0.035	0.001	0.018	0.018	0.043
-0.033	0.001	0.027	0.027	0.043
-0.031	0.002	0.044	0.044	0.043
-0.031	0.000	0.044	0.000	0.027
-0.030	0.001	0.018	0.018	0.026
-0.029	0.001	0.029	0.029	0.027
-0.028	0.001	0.017	0.017	0.026
-0.026	0.002	0.031	0.031	0.027
-0.026	0.000	0.031	0.000	0.027
-0.024	0.002	0.048	0.048	0.029
-0.023	0.001	0.021	0.021	0.027
-0.021	0.002	0.031	0.031	0.029
-0.021	0.000	0.031	0.000	0.029
-0.019	0.002	0.048	0.048	0.029
-0.018	0.001	0.021	0.021	0.029
-0.016	0.002	0.032	0.032	0.031
-0.015	0.001	0.019	0.019	0.031
-0.014	0.002	0.034	0.034	0.031
-0.014	0.000	0.034	0.000	0.031
-0.011	0.002	0.049	0.049	0.032
-0.010	0.001	0.019	0.019	0.031
-0.009	0.001	0.030	0.030	0.031
-0.008	0.001	0.016	0.016	0.030
-0.006	0.002	0.031	0.031	0.031
-0.004	0.002	0.047	0.047	0.031
-0.004	0.000	0.047	0.000	0.031
-0.003	0.001	0.021	0.021	0.030
-0.001	0.002	0.037	0.037	0.031
-0.001	0.000	0.037	0.000	0.030
-0.001	0.000	0.037	0.000	0.030
0.000	0.001	0.020	0.020	0.021
0.002	0.002	0.038	0.038	0.030
0.002	0.000	0.038	0.000	0.021
0.004	0.002	0.044	0.044	0.031
0.004	0.000	0.044	0.001	0.021
0.004	0.000	0.001	0.000	0.020
0.005	0.001	0.015	0.015	0.020
0.007	0.002	0.038	0.038	0.020
0.008	0.001	0.014	0.014	0.015
0.008	0.000	0.014	0.000	0.015
0.009	0.001	0.029	0.029	0.020
0.011	0.002	0.044	0.044	0.029
0.012	0.001	0.013	0.013	0.015
0.013	0.001	0.028	0.028	0.028
0.013	0.000	0.028	0.000	0.015
0.015	0.002	0.044	0.044	0.028
0.016	0.001	0.015	0.015	0.028
0.016	0.000	0.015	0.000	0.028
0.018	0.001	0.028	0.028	0.028
0.020	0.002	0.046	0.046	0.028
0.021	0.001	0.019	0.019	0.028
0.021	0.000	0.019	0.000	0.028
0.022	0.001	0.030	0.030	0.028
0.025	0.002	0.047	0.047	0.028
0.025	0.000	0.047	0.000	0.028
0.026	0.001	0.019	0.019	0.028
0.027	0.001	0.030	0.030	0.028
0.030	0.002	0.048	0.048	0.030
0.030	0.000	0.048	0.000	0.030
0.032	0.003	0.051	0.051	0.030
0.032	0.000	0.051	0.000	0.030
0.032	0.000	0.051	0.000	0.030
0.033	0.001	0.020	0.020	0.030
0.035	0.001	0.030	0.030	0.030
0.035	0.000	0.030	0.000	0.020
0.037	0.002	0.049	0.049	0.030
0.040	0.003	0.051	0.051	0.030
0.042	0.002	0.050	0.050	0.048
0.043	0.001	0.020	0.020	0.030
0.043	0.000	0.020	0.000	0.030
0.044	0.001	0.029	0.029	0.029
0.047	0.002	0.049	0.049	0.030
0.047	0.000	0.049	0.000	0.030
0.050	0.003	0.052	0.052	0.049
0.051	0.001	0.021	0.021	0.049
0.051	0.000	0.021	0.000	0.049
0.052	0.002	0.031	0.031	0.031
0.055	0.002	0.049	0.049	0.031
0.055	0.001	0.019	0.019	0.029
0.055	0.000	0.019	0.000	0.029
0.057	0.002	0.033	0.033	0.031
0.060	0.003	0.051	0.051	0.033
0.062	0.003	0.053	0.053	0.033
0.062	0.000	0.053	0.000	0.033
0.063	0.001	0.018	0.018	0.031
0.065	0.002	0.034	0.034	0.033
0.065	0.000	0.034	0.000	0.033
0.066	0.001	0.017	0.017	0.033
0.068	0.002	0.036	0.036	0.033
0.068	0.000	0.036	0.000	0.033
0.069	0.002	0.036	0.036	0.034
0.070	0.000	0.010	0.010	0.034
0.070	0.000	0.010	0.000	0.018
0.070	0.000	0.002	0.002	0.017
0.070	0.000	-0.006	0.006	0.017
0.070	0.000	-0.006	0.000	0.010
0.070	0.001	0.015	0.015	0.010
0.070	0.000	0.015	0.000	0.010
0.070	0.000	0.015	0.000	0.006
0.070	0.000	0.015	0.000	0.002
0.072	0.002	0.037	0.037	0.006
0.075	0.002	0.046	0.046	0.006
0.075	0.000	0.046	0.000	0.002
0.077	0.002	0.046	0.046	0.006
0.079	0.002	0.045	0.045	0.015
0.079	0.000	0.045	0.000	0.015
0.081	0.002	0.044	0.044	0.037
0.083	0.002	0.044	0.044	0.044
0.086	0.002	0.045	0.045	0.044
0.086	0.000	0.045	0.000	0.044
0.086	0.001	0.014	0.014	0.044
0.088	0.001	0.026	0.026	0.044
0.088	0.001	0.013	0.013	0.044
0.088	0.000	0.013	0.000	0.044
0.090	0.001	0.028	0.028	0.028
0.092	0.002	0.044	0.044	0.028
0.094	0.002	0.047	0.047	0.044
0.094	0.000	0.047	0.000	0.028
0.095	0.001	0.017	0.017	0.026
0.097	0.001	0.027	0.027	0.026
0.097	0.000	0.027	0.000	0.026
0.099	0.002	0.043	0.043	0.027
0.100	0.001	0.018	0.018	0.027
0.101	0.001	0.027	0.027	0.027
0.101	0.000	0.027	0.000	0.027
0.103	0.002	0.044	0.044	0.027
0.103	0.000	0.044	0.000	0.027
0.104	0.001	0.019	0.019	0.019
0.105	0.001	0.028	0.028	0.027
0.108	0.002	0.045	0.045	0.027
0.108	0.000	0.045	0.000	0.027
0.110	0.002	0.048	0.048	0.028
0.111	0.001	0.019	0.019	0.027
0.112	0.001	0.028	0.028	0.028
0.112	0.000	0.028	0.000	0.028
0.115	0.002	0.043	0.043	0.028
0.115	0.001	0.017	0.017	0.028
0.117	0.001	0.027	0.027	0.028
0.117	0.000	0.027	0.000	0.028
0.118	0.001	0.016	0.016	0.027
0.119	0.001	0.028	0.028	0.027
0.119	0.000	0.028	0.000	0.027
0.121	0.002	0.044	0.044	0.027
0.121	0.000	0.044	0.000	0.027
0.123	0.002	0.046	0.046	0.027
0.126	0.002	0.046	0.046	0.028
0.127	0.001	0.017	0.017	0.027
0.127	0.000	0.017	0.000	0.027
0.128	0.001	0.027	0.027	0.027
0.130	0.002	0.044	0.044	0.028
0.131	0.001	0.019	0.019	0.028
0.133	0.001	0.029	0.029	0.029
0.133	0.000	0.029	0.000	0.029
0.135	0.002	0.045	0.045	0.029
0.136	0.001	0.019	0.019	0.029
0.137	0.001	0.030	0.030	0.029
0.137	0.000	0.030	0.000	0.027
0.140	0.002	0.047	0.047	0.029
0.141	0.001	0.020	0.020	0.029
0.142	0.002	0.033	0.033	0.030
0.142	0.000	0.033	0.000	0.029
0.145	0.002	0.049	0.049	0.030
0.146	0.001	0.021	0.021	0.030
0.146	0.000	0.021	0.000	0.030
0.147	0.002	0.034	0.034	0.030
0.150	0.002	0.049	0.049	0.033
0.151	0.001	0.021	0.021	0.033
0.153	0.002	0.034	0.034	0.034
0.153	0.000	0.034	0.000	0.033
0.155	0.003	0.050	0.050	0.034
0.156	0.001	0.022	0.022	0.034
0.156	0.000	0.022	0.000	0.034
0.158	0.002	0.031	0.031	0.031
0.158	0.000	0.031	0.000	0.031
0.158	0.000	0.001	0.001	0.031
0.158	0.000	0.010	0.010	0.022
0.160	0.002	0.031	0.031	0.022
0.160	0.000	0.031	0.000	0.022
0.160	0.001	0.011	0.011	0.011
0.162	0.001	0.028	0.028	0.022
0.164	0.002	0.042	0.042	0.022
0.164	0.000	0.042	0.000	0.011
0.165	0.001	0.012	0.012	0.012
0.166	0.001	0.027	0.027	0.012
0.166	0.001	0.010	0.010	0.012
0.166	0.000	0.010	0.000	0.012
0.168	0.001	0.029	0.029	0.027
0.170	0.002	0.042	0.042	0.027
0.171	0.001	0.016	0.016	0.027
0.171	0.000	0.016	0.000	0.027
0.172	0.001	0.028	0.028	0.027
0.174	0.002	0.040	0.040	0.027
0.176	0.002	0.042	0.042	0.028
0.176	0.000	0.042	0.000	0.028
0.177	0.001	0.016	0.016	0.028
0.178	0.001	0.025	0.025	0.028
0.178	0.000	0.025	0.000	0.028
0.179	0.001	0.014	0.014	0.025
0.180	0.001	0.026	0.026	0.025
0.183	0.002	0.042	0.042	0.026
0.183	0.000	0.042	0.000	0.026
0.185	0.002	0.046	0.046	0.026
0.186	0.001	0.019	0.019	0.025
0.187	0.001	0.027	0.027	0.025
0.187	0.000	0.027	0.000	0.025
0.189	0.002	0.043	0.043	0.026
0.190	0.001	0.020	0.020	0.026
0.192	0.001	0.028	0.028	0.027
0.192	0.000	0.028	0.000	0.027
0.194	0.002	0.044	0.044	0.028
0.195	0.001	0.021	0.021	0.027
0.196	0.001	0.028	0.028	0.028
0.196	0.000	0.028	0.000	0.027
0.197	0.001	0.018	0.018	0.027
0.199	0.001	0.029	0.029	0.028
0.201	0.002	0.045	0.045	0.028
0.201	0.000	0.045	0.000	0.028
0.201	0.000	0.045	0.000	0.028
0.201	0.000	0.045	0.000	0.021
0.203	0.002	0.047	0.047	0.028
0.203	0.000	0.047	0.000	0.021
0.206	0.002	0.047	0.047	0.028
0.208	0.002	0.047	0.047	0.029
0.208	0.000	0.047	0.000	0.029
0.210	0.002	0.047	0.047	0.045
0.213	0.002	0.047	0.047	0.047
0.213	0.000	0.047	0.000	0.047
0.215	0.002	0.047	0.047	0.047
0.216	0.001	0.020	0.020	0.047
0.217	0.002	0.030	0.030	0.047
0.217	0.000	0.030	0.000	0.047
0.220	0.002	0.047	0.047	0.047
0.221	0.001	0.021	0.021	0.047
0.221	0.000	0.021	0.000	0.030
0.222	0.002	0.031	0.031	0.031
0.225	0.002	0.046	0.046	0.031
0.225	0.000	0.046	0.000	0.030
0.226	0.001	0.020	0.020	0.030
0.227	0.002	0.032	0.032	0.030
0.230	0.002	0.047	0.047	0.031
0.230	0.000	0.047	0.000	0.031
0.232	0.002	0.049	0.049	0.032
0.233	0.001	0.019	0.019	0.031
0.233	0.000	0.019	0.000	0.031
0.235	0.002	0.033	0.033	0.032
0.237	0.002	0.033	0.047	0.033
0.237	0.000	0.047	0.000	0.032
0.239	0.002	0.049	0.049	0.033
0.239	0.000	0.049	0.000	0.033
0.240	0.001	0.018	0.018	0.033
0.242	0.002	0.033	0.033	0.033
0.244	0.002	0.031	0.031	0.033
0.244	0.000	0.031	0.000	0.031
0.244	0.000	0.031	0.000	0.031
0.244	0.000	0.000	0.000	0.031
0.244	0.001	0.014	0.014	0.018
0.244	0.000	0.014	0.000	0.014
0.245	0.000	0.005	0.005	0.014
0.246	0.001	0.023	0.023	0.014
0.248	0.002	0.039	0.039	0.018
0.248	0.001	0.016	0.016	0.016
0.248	0.000	0.016	0.000	0.014
0.250	0.001	0.027	0.027	0.014
0.252	0.002	0.027	0.041	0.016
0.252	0.000	0.041	0.000	0.016
0.254	0.002	0.044	0.044	0.023
0.254	0.000	0.044	0.000	0.023
0.255	0.001	0.015	0.015	0.023
0.256	0.001	0.025	0.025	0.025
0.258	0.002	0.040	0.040	0.027
0.258	0.000	0.040	0.000	0.025
0.260	0.002	0.044	0.044	0.027
0.261	0.001	0.016	0.016	0.027
0.261	0.000	0.016	0.000	0.025
0.262	0.001	0.025	0.025	0.025
0.264	0.002	0.040	0.040	0.025
0.267	0.002	0.044	0.044	0.025
0.267	0.000	0.044	0.000	0.025
0.267	0.001	0.017	0.017	0.025
0.269	0.001	0.024	0.024	0.025
0.269	0.001	0.015	0.015	0.024
0.269	0.000	0.015	0.000	0.024
0.271	0.001	0.025	0.025	0.024
0.273	0.002	0.042	0.042	0.025
0.273	0.000	0.042	0.000	0.025
0.275	0.002	0.045	0.045	0.025
0.276	0.001	0.018	0.018	0.024
0.276	0.000	0.018	0.000	0.018
0.277	0.001	0.025	0.025	0.024
0.279	0.002	0.042	0.042	0.025
0.280	0.001	0.019	0.019	0.025
0.280	0.000	0.019	0.000	0.025
0.281	0.001	0.025	0.025	0.025
0.283	0.002	0.041	0.041	0.025
0.283	0.000	0.041	0.000	0.025
0.286	0.002	0.043	0.043	0.025
0.286	0.001	0.016	0.016	0.025
0.287	0.001	0.022	0.022	0.025
0.289	0.002	0.040	0.040	0.025
0.290	0.001	0.018	0.018	0.025
0.290	0.000	0.018	0.000	0.022
0.292	0.001	0.024	0.024	0.024
0.292	0.001	0.015	0.015	0.024
0.292	0.000	0.015	0.000	0.022
0.294	0.001	0.025	0.025	0.022
0.296	0.002	0.042	0.042	0.024
0.297	0.001	0.019	0.019	0.022
0.297	0.000	0.019	0.000	0.022
0.298	0.001	0.025	0.025	0.024
0.300	0.002	0.041	0.041	0.024
0.302	0.002	0.045	0.045	0.025
0.302	0.000	0.045	0.000	0.025
0.303	0.001	0.019	0.019	0.025
0.304	0.001	0.027	0.027	0.025
0.305	0.001	0.016	0.016	0.025
0.307	0.001	0.028	0.028	0.027
0.307	0.000	0.028	0.000	0.025
0.309	0.002	0.043	0.043	0.027
0.310	0.001	0.020	0.020	0.027
0.311	0.001	0.028	0.028	0.028
0.313	0.002	0.044	0.044	0.028
0.313	0.000	0.044	0.000	0.027
0.314	0.001	0.020	0.020	0.027
0.316	0.001	0.030	0.030	0.028
0.317	0.001	0.017	0.017	0.028
0.318	0.002	0.031	0.031	0.028
0.321	0.002	0.046	0.046	0.030
0.321	0.000	0.046	0.000	0.030
0.322	0.001	0.020	0.020	0.028
0.323	0.002	0.031	0.031	0.030
0.324	0.001	0.018	0.018	0.030
0.324	0.000	0.018	0.000	0.020
0.324	0.000	-0.004	0.004	0.020
0.324	0.000	0.008	0.008	0.020
0.324	0.000	0.003	0.003	0.018
0.324	0.000	0.003	0.000	0.018
0.326	0.001	0.023	0.023	0.018
0.328	0.002	0.039	0.039	0.018
0.328	0.001	0.016	0.016	0.018
0.330	0.001	0.026	0.026	0.018
0.330	0.001	0.013	0.013	0.016
0.330	0.000	0.013	0.000	0.013
0.332	0.001	0.026	0.026	0.016
0.334	0.002	0.040	0.040	0.023
0.334	0.001	0.016	0.016	0.023
0.336	0.001	0.026	0.026	0.026
0.338	0.002	0.040	0.040	0.026
0.338	0.001	0.017	0.017	0.026
0.338	0.000	0.017	0.000	0.026
0.340	0.001	0.027	0.027	0.026
0.341	0.001	0.014	0.014	0.026
0.342	0.001	0.027	0.027	0.026
0.344	0.002	0.042	0.042	0.027
0.344	0.000	0.042	0.000	0.027
0.346	0.002	0.027	0.045	0.027
0.346	0.000	0.027	0.000	0.027
0.347	0.001	0.015	0.015	0.027
0.348	0.001	0.028	0.028	0.027
0.349	0.001	0.016	0.016	0.027
0.349	0.000	0.016	0.000	0.027
0.349	0.000	0.016	0.000	0.016
0.351	0.001	0.028	0.028	0.027
0.351	0.000	0.028	0.000	0.016
0.353	0.002	0.043	0.043	0.016
0.355	0.002	0.046	0.046	0.028
0.357	0.002	0.046	0.046	0.028
0.358	0.001	0.019	0.019	0.028
0.360	0.001	0.028	0.028	0.028
0.360	0.000	0.028	0.000	0.028
0.362	0.002	0.044	0.044	0.028
0.363	0.001	0.020	0.020	0.028
0.364	0.001	0.029	0.029	0.029
0.364	0.000	0.029	0.000	0.029
0.366	0.002	0.044	0.044	0.043
0.367	0.001	0.020	0.020	0.029
0.369	0.001	0.029	0.029	0.029
0.371	0.002	0.045	0.045	0.029
0.371	0.000	0.045	0.000	0.029
0.372	0.001	0.020	0.020	0.029
0.374	0.001	0.029	0.029	0.029
0.374	0.001	0.018	0.018	0.029
0.376	0.002	0.030	0.030	0.029
0.378	0.002	0.046	0.046	0.029
0.378	0.000	0.046	0.000	0.029
0.379	0.001	0.020	0.020	0.029
0.381	0.001	0.030	0.030	0.029
0.382	0.001	0.018	0.018	0.029
0.383	0.002	0.031	0.031	0.029
0.386	0.002	0.047	0.047	0.030
0.387	0.001	0.020	0.020	0.030
0.388	0.002	0.031	0.031	0.030
0.389	0.001	0.018	0.018	0.030
0.391	0.002	0.032	0.032	0.031
0.392	0.001	0.018	0.018	0.030
0.392	0.000	0.018	0.000	0.030
0.392	0.000	0.003	0.003	0.030
0.393	0.002	0.031	0.031	0.031
0.396	0.002	0.048	0.048	0.031
0.397	0.001	0.019	0.019	0.031
0.397	0.000	0.019	0.000	0.020
0.398	0.002	0.032	0.032	0.031
0.401	0.002	0.048	0.048	0.031
0.402	0.001	0.019	0.019	0.031
0.403	0.002	0.033	0.033	0.031
0.403	0.000	0.033	0.000	0.031
0.404	0.001	0.017	0.017	0.031
0.406	0.002	0.035	0.035	0.032
0.408	0.002	0.048	0.048	0.033
0.409	0.001	0.014	0.014	0.032
0.409	0.000	0.014	0.000	0.032
0.410	0.001	0.018	0.018	0.032
0.410	0.000	-0.000	0.000	0.019
0.411	0.001	0.016	0.016	0.018
0.411	0.000	0.007	0.007	0.017
0.412	0.001	0.025	0.025	0.017
0.413	0.000	0.008	0.008	0.017
0.413	0.000	0.002	0.002	0.016
0.414	0.001	0.028	0.028	0.016
0.415	0.001	0.013	0.013	0.014
0.416	0.001	0.028	0.028	0.016
0.417	0.001	0.013	0.013	0.016
0.418	0.001	0.028	0.028	0.016
0.419	0.001	0.013	0.013	0.016
0.420	0.001	0.028	0.028	0.025
0.421	0.001	0.014	0.014	0.025
0.422	0.001	0.027	0.027	0.027
0.424	0.002	0.042	0.042	0.028
0.425	0.001	0.017	0.017	0.028
0.427	0.001	0.026	0.026	0.027
0.427	0.001	0.014	0.014	0.027
0.427	0.000	-0.001	0.001	0.026
0.428	0.001	0.024	0.024	0.026
0.429	0.001	0.016	0.016	0.024
0.430	0.001	0.027	0.027	0.026
0.431	0.001	0.015	0.015	0.024
0.433	0.001	0.027	0.027	0.026
0.433	0.001	0.016	0.016	0.024
0.435	0.001	0.027	0.027	0.024
0.437	0.002	0.044	0.044	0.026
0.438	0.001	0.019	0.019	0.024
0.439	0.001	0.026	0.026	0.026
0.439	0.000	0.026	0.000	0.026
0.440	0.001	0.016	0.016	0.026
0.441	0.001	0.027	0.027	0.027
0.442	0.001	0.017	0.017	0.026
0.442	0.000	0.017	0.000	0.026
0.444	0.001	0.027	0.027	0.026
0.446	0.002	0.044	0.044	0.027
0.448	0.002	0.047	0.047	0.027
0.448	0.000	0.047	0.000	0.026
0.449	0.001	0.020	0.020	0.026
0.450	0.001	0.027	0.027	0.027
0.450	0.000	0.027	0.000	0.027
0.451	0.001	0.017	0.017	0.027
0.453	0.001	0.028	0.028	0.027
0.455	0.002	0.045	0.045	0.027
0.456	0.001	0.045	0.020	0.027
0.456	0.000	0.020	0.000	0.027
0.457	0.001	0.028	0.028	0.027
0.457	0.000	0.028	0.000	0.020
0.457	0.000	0.028	0.000	0.020
0.457	0.000	0.028	0.000	0.020
0.460	0.002	0.045	0.045	0.020
0.462	0.002	0.048	0.048	0.028
0.462	0.000	0.048	0.000	0.028
0.464	0.002	0.048	0.048	0.028
0.467	0.002	0.048	0.048	0.028
0.467	0.000	0.048	0.000	0.028
0.469	0.002	0.048	0.048	0.045
0.469	0.000	0.048	0.000	0.045
0.472	0.002	0.048	0.048	0.048
0.474	0.002	0.048	0.048	0.048
0.474	0.000	0.048	0.000	0.048
0.476	0.002	0.048	0.048	0.048
0.477	0.001	0.019	0.019	0.048
0.477	0.000	0.019	0.000	0.048
0.479	0.001	0.030	0.030	0.048
0.481	0.002	0.046	0.046	0.046
0.481	0.000	0.046	0.000	0.046
0.484	0.002	0.049	0.049	0.046
0.485	0.001	0.020	0.020	0.046
0.485	0.000	0.020	0.000	0.030
0.486	0.002	0.031	0.031	0.030
0.486	0.000	0.031	0.000	0.030
0.488	0.002	0.047	0.047	0.030
0.491	0.003	0.050	0.050	0.031
0.492	0.001	0.020	0.020	0.031
0.492	0.000	0.020	0.000	0.031
0.494	0.002	0.032	0.032	0.031
0.496	0.002	0.044	0.044	0.032
0.496	0.000	0.044	0.000	0.031
0.496	0.001	0.012	0.012	0.031
0.496	0.000	-0.007	0.007	0.031
0.496	0.000	-0.007	0.000	0.020
0.496	0.000	0.009	0.009	0.020
0.498	0.002	0.031	0.031	0.020
0.500	0.002	0.044	0.044	0.020
0.500	0.000	0.044	0.000	0.012
0.501	0.001	0.015	0.015	0.015
0.502	0.001	0.026	0.026	0.015
0.502	0.000	0.026	0.000	0.012
0.504	0.002	0.041	0.041	0.015
0.505	0.001	0.014	0.014	0.015
0.505	0.000	0.014	0.000	0.015
0.506	0.001	0.026	0.026	0.026
0.508	0.002	0.041	0.041	0.026
0.508	0.000	0.041	0.000	0.026
0.509	0.001	0.014	0.014	0.015
0.510	0.001	0.026	0.026	0.026
0.513	0.002	0.042	0.042	0.026
0.515	0.002	0.044	0.044	0.026
0.515	0.000	0.044	0.000	0.026
0.515	0.000	0.044	0.000	0.026
0.515	0.001	0.014	0.014	0.026
0.517	0.001	0.027	0.027	0.026
0.517	0.000	0.027	0.000	0.026
0.519	0.002	0.043	0.043	0.026
0.521	0.002	0.046	0.046	0.027
0.521	0.000	0.046	0.000	0.027
0.522	0.001	0.016	0.016	0.027
0.523	0.001	0.028	0.028	0.027
0.523	0.000	0.028	0.000	0.016
0.523	0.000	0.028	0.000	0.016
0.526	0.002	0.044	0.044	0.027
0.526	0.000	0.044	0.000	0.027
0.528	0.002	0.047	0.047	0.028
0.530	0.002	0.047	0.047	0.043
0.530	0.000	0.047	0.000	0.028
0.533	0.002	0.047	0.047	0.028
0.535	0.002	0.047	0.047	0.044
0.535	0.000	0.047	0.000	0.044
0.536	0.001	0.018	0.018	0.044
0.536	0.000	0.018	0.000	0.044
0.537	0.001	0.030	0.030	0.044
0.540	0.002	0.046	0.046	0.046
0.542	0.002	0.049	0.049	0.047
0.542	0.000	0.049	0.000	0.046
0.545	0.002	0.048	0.048	0.046
0.546	0.001	0.019	0.019	0.046
0.547	0.002	0.033	0.033	0.033
0.550	0.003	0.050	0.050	0.033
0.550	0.000	0.050	0.000	0.033
0.551	0.001	0.021	0.021	0.033
0.552	0.002	0.034	0.034	0.034
0.553	0.001	0.019	0.019	0.034
0.553	0.000	0.019	0.000	0.033
0.555	0.002	0.035	0.035	0.033
0.558	0.003	0.051	0.051	0.034
0.560	0.003	0.053	0.053	0.034
0.560	0.000	0.053	0.000	0.034
0.561	0.001	0.020	0.020	0.034
0.563	0.002	0.035	0.035	0.034
0.566	0.003	0.052	0.052	0.035
0.566	0.000	0.052	0.000	0.035
0.567	0.001	0.021	0.021	0.035
0.569	0.002	0.036	0.036	0.035
0.569	0.000	0.036	0.000	0.035
0.571	0.003	0.053	0.053	0.036
0.572	0.001	0.020	0.020	0.035
0.572	0.000	0.020	0.000	0.021
0.574	0.002	0.037	0.037	0.035
0.577	0.003	0.053	0.053	0.036
0.578	0.001	0.020	0.020	0.036
0.580	0.002	0.038	0.038	0.036
0.580	0.000	0.038	0.000	0.036
0.582	0.003	0.054	0.054	0.037
0.583	0.001	0.019	0.019	0.037
0.583	0.000	0.019	0.000	0.037
0.585	0.002	0.038	0.038	0.037
0.587	0.002	0.038	0.038	0.038
0.587	0.000	0.038	0.000	0.038
0.588	0.001	0.010	0.010	0.038
0.588	0.000	0.010	0.000	0.020
0.587	0.000	-0.006	0.006	0.019
0.588	0.001	0.015	0.015	0.015
0.590	0.002	0.035	0.035	0.019
0.590	0.000	0.035	0.000	0.015
0.592	0.002	0.044	0.044	0.015
0.593	0.001	0.016	0.016	0.016
0.593	0.000	0.016	0.000	0.015
0.594	0.001	0.027	0.027	0.015
0.596	0.002	0.042	0.042	0.016
0.597	0.001	0.015	0.015	0.016
0.597	0.000	0.015	0.000	0.016
0.598	0.001	0.027	0.027	0.027
0.600	0.002	0.041	0.041	0.027
0.600	0.000	0.041	0.000	0.027
0.603	0.002	0.044	0.044	0.027
0.603	0.001	0.015	0.015	0.027
0.603	0.000	0.015	0.000	0.027
0.605	0.001	0.024	0.024	0.027
0.607	0.002	0.040	0.040	0.027
0.607	0.000	0.040	0.000	0.024
0.609	0.002	0.044	0.044	0.027
0.610	0.001	0.016	0.016	0.027
0.610	0.000	0.016	0.000	0.024
0.611	0.001	0.025	0.025	0.024
0.613	0.002	0.043	0.043	0.025
0.613	0.000	0.043	0.000	0.024
0.615	0.002	0.046	0.046	0.025
0.616	0.001	0.017	0.017	0.025
0.617	0.001	0.026	0.026	0.026
0.617	0.000	0.026	0.000	0.025
0.620	0.002	0.043	0.043	0.026
0.620	0.001	0.019	0.019	0.025
0.622	0.001	0.026	0.026	0.026
0.622	0.000	0.026	0.000	0.026
0.624	0.002	0.044	0.044	0.026
0.625	0.001	0.019	0.019	0.026
0.625	0.000	0.019	0.000	0.026
0.626	0.001	0.027	0.027	0.026
0.628	0.002	0.044	0.044	0.026
0.629	0.001	0.020	0.020	0.026
0.631	0.001	0.027	0.027	0.027
0.631	0.000	0.027	0.000	0.026
0.633	0.002	0.044	0.044	0.027
0.634	0.001	0.019	0.019	0.027
0.635	0.001	0.028	0.028	0.027
0.635	0.000	0.028	0.000	0.027
0.638	0.002	0.046	0.046	0.027
0.639	0.001	0.046	0.020	0.027
0.639	0.000	0.020	0.000	0.027
0.640	0.001	0.029	0.029	0.027
0.642	0.002	0.046	0.046	0.028
0.643	0.001	0.020	0.020	0.028
0.643	0.000	0.020	0.000	0.028
0.645	0.002	0.030	0.030	0.028
0.647	0.002	0.047	0.047	0.029
0.648	0.001	0.020	0.020	0.029
0.648	0.000	0.020	0.000	0.029
0.650	0.002	0.031	0.031	0.029
0.650	0.000	0.031	0.000	0.029
0.652	0.002	0.048	0.048	0.030
0.655	0.003	0.051	0.051	0.031
0.655	0.000	0.051	0.000	0.030
0.657	0.002	0.050	0.050	0.031
0.658	0.001	0.019	0.019	0.031
0.660	0.002	0.032	0.032	0.032
0.660	0.000	0.032	0.000	0.031
0.662	0.002	0.049	0.049	0.032
0.663	0.001	0.020	0.020	0.032
0.663	0.000	0.020	0.000	0.032
0.665	0.002	0.033	0.033	0.033
0.665	0.000	0.033	0.000	0.032
0.668	0.002	0.050	0.050	0.032
0.670	0.003	0.052	0.052	0.033
0.670	0.000	0.052	0.000	0.032
0.671	0.001	0.020	0.020	0.032
0.673	0.002	0.034	0.034	0.033
0.675	0.002	0.048	0.048	0.034
0.675	0.000	0.048	0.000	0.033
0.676	0.000	0.005	0.005	0.033
0.676	0.000	0.005	0.000	0.033
0.676	0.000	0.007	0.007	0.020
0.676	0.000	0.002	0.002	0.020
0.676	0.000	0.002	0.000	0.007
0.677	0.001	0.024	0.024	0.007
0.679	0.002	0.038	0.038	0.020
0.679	0.000	0.038	0.000	0.007
0.681	0.002	0.041	0.041	0.007
0.682	0.001	0.013	0.013	0.007
0.683	0.001	0.025	0.025	0.013
0.684	0.001	0.011	0.011	0.013
0.684	0.000	0.011	0.000	0.013
0.685	0.001	0.026	0.026	0.024
0.685	0.000	0.026	0.000	0.024
0.687	0.002	0.040	0.040	0.025
0.689	0.002	0.042	0.042	0.026
0.690	0.001	0.014	0.014	0.025
0.690	0.000	0.014	0.000	0.025
0.691	0.001	0.026	0.026	0.025
0.693	0.002	0.040	0.040	0.026
0.695	0.002	0.043	0.043	0.026
0.695	0.000	0.043	0.000	0.026
0.696	0.001	0.015	0.015	0.026
0.697	0.001	0.026	0.026	0.026
0.699	0.002	0.041	0.041	0.040
0.699	0.000	0.041	0.000	0.026
0.700	0.001	0.017	0.017	0.026
0.701	0.001	0.027	0.027	0.026
0.701	0.000	0.027	0.000	0.026
0.704	0.002	0.042	0.042	0.027
0.704	0.000	0.042	0.000	0.026
0.704	0.001	0.017	0.017	0.017
0.704	0.000	0.017	0.000	0.017
0.706	0.001	0.027	0.027	0.026
0.706	0.000	0.027	0.000	0.017
0.706	0.000	0.027	0.000	0.017
0.706	0.000	0.027	0.000	0.017
0.708	0.002	0.043	0.043	0.017
0.708	0.000	0.043	0.000	0.000
0.710	0.002	0.046	0.046	0.017
0.713	0.002	0.045	0.045	0.017
0.713	0.000	0.045	0.000	0.017
0.715	0.002	0.045	0.045	0.027
0.717	0.002	0.045	0.045	0.043
0.717	0.000	0.045	0.000	0.043
0.719	0.002	0.046	0.046	0.045
0.722	0.002	0.046	0.046	0.045
0.724	0.002	0.046	0.046	0.045
0.724	0.000	0.046	0.000	0.045
0.726	0.002	0.046	0.046	0.046
0.727	0.001	0.018	0.018	0.045
0.729	0.001	0.029	0.029	0.045
0.729	0.000	0.029	0.000	0.045
0.731	0.002	0.046	0.046	0.046
0.731	0.000	0.046	0.000	0.046
0.732	0.001	0.020	0.020	0.046
0.733	0.002	0.030	0.030	0.030
0.736	0.002	0.046	0.046	0.030
0.737	0.001	0.019	0.019	0.029
0.737	0.000	0.019	0.000	0.029
0.738	0.002	0.031	0.031	0.029
0.741	0.002	0.046	0.046	0.030
0.741	0.000	0.046	0.000	0.030
0.741	0.001	0.019	0.019	0.030
0.743	0.002	0.031	0.031	0.030
0.745	0.002	0.047	0.047	0.031
0.748	0.002	0.049	0.049	0.031
0.748	0.000	0.049	0.000	0.031
0.749	0.001	0.017	0.017	0.031
0.750	0.002	0.032	0.032	0.031
0.753	0.002	0.047	0.047	0.032
0.753	0.000	0.047	0.000	0.032
0.754	0.001	0.017	0.017	0.031
0.755	0.002	0.033	0.033	0.032
0.756	0.001	0.016	0.016	0.032
0.758	0.002	0.034	0.034	0.033
0.758	0.000	0.034	0.000	0.032
0.760	0.002	0.041	0.041	0.032
0.760	0.000	0.006	0.006	0.032
0.760	0.000	0.006	0.000	0.032
0.760	0.000	-0.006	0.006	0.017
0.760	0.001	0.012	0.012	0.016
0.760	0.000	0.012	0.000	0.016
0.761	0.000	0.003	0.003	0.012
0.761	0.000	0.003	0.000	0.006
0.762	0.001	0.025	0.025	0.006
0.764	0.002	0.041	0.041	0.006
0.764	0.000	0.041	0.000	0.006
0.766	0.002	0.045	0.045	0.006
0.768	0.002	0.044	0.044	0.012
0.771	0.002	0.044	0.044	0.025
0.771	0.000	0.044	0.000	0.025
0.771	0.001	0.015	0.015	0.025
0.773	0.001	0.026	0.026	0.026
0.773	0.000	0.026	0.000	0.026
0.773	0.000	0.026	0.000	0.026
0.773	0.000	0.026	0.000	0.026
0.775	0.002	0.044	0.044	0.026
0.777	0.002	0.047	0.047	0.044
0.777	0.000	0.047	0.000	0.026
0.779	0.002	0.046	0.046	0.026
0.782	0.002	0.046	0.046	0.026
0.782	0.000	0.046	0.000	0.026
0.784	0.002	0.046	0.046	0.044
0.785	0.001	0.017	0.017	0.044
0.786	0.001	0.027	0.027	0.044
0.788	0.002	0.045	0.045	0.045
0.789	0.001	0.020	0.020	0.045
0.789	0.000	0.020	0.000	0.045
0.791	0.001	0.028	0.028	0.028
0.792	0.001	0.017	0.017	0.028
0.793	0.001	0.029	0.029	0.028
0.793	0.000	0.029	0.000	0.027
0.795	0.002	0.047	0.047	0.028
0.795	0.000	0.047	0.000	0.027
0.796	0.001	0.020	0.020	0.027
0.798	0.001	0.029	0.029	0.028
0.800	0.002	0.047	0.047	0.028
0.801	0.001	0.020	0.020	0.028
0.801	0.000	0.020	0.000	0.028
0.803	0.001	0.029	0.029	0.029
0.805	0.002	0.047	0.047	0.029
0.806	0.001	0.020	0.020	0.029
0.808	0.002	0.030	0.030	0.029
0.810	0.002	0.048	0.048	0.029
0.810	0.000	0.048	0.000	0.029
0.811	0.001	0.021	0.021	0.029
0.813	0.002	0.031	0.031	0.030
0.814	0.001	0.019	0.019	0.029
0.814	0.000	0.019	0.000	0.029
0.815	0.002	0.032	0.032	0.030
0.818	0.002	0.049	0.049	0.031
0.818	0.000	0.049	0.000	0.030
0.819	0.001	0.020	0.020	0.030
0.820	0.001	0.028	0.028	0.028
0.822	0.002	0.045	0.045	0.028
0.822	0.000	0.045	0.000	0.028
0.825	0.002	0.048	0.048	0.031
0.826	0.001	0.019	0.019	0.028
0.827	0.001	0.029	0.029	0.029
0.829	0.002	0.046	0.046	0.032
0.829	0.000	0.046	0.000	0.029
0.830	0.001	0.020	0.020	0.028
0.832	0.002	0.031	0.031	0.029
0.833	0.001	0.018	0.018	0.029
0.835	0.002	0.032	0.032	0.031
0.835	0.000	0.032	0.000	0.029
0.837	0.002	0.048	0.048	0.031
0.838	0.001	0.020	0.020	0.029
0.839	0.002	0.032	0.032	0.031
0.840	0.001	0.018	0.018	0.031
0.842	0.002	0.033	0.033	0.031
0.844	0.002	0.049	0.049	0.032
0.844	0.000	0.049	0.000	0.032
0.845	0.001	0.020	0.020	0.032
0.847	0.002	0.033	0.033	0.032
0.847	0.000	0.033	0.000	0.032
0.848	0.001	0.019	0.019	0.032
0.848	0.000	0.019	0.000	0.020
0.848	0.000	-0.005	0.005	0.020
0.848	0.000	0.008	0.008	0.019
0.850	0.001	0.028	0.028	0.020
0.852	0.002	0.039	0.039	0.020
0.852	0.000	0.039	0.000	0.019
0.852	0.001	0.014	0.014	0.019
0.853	0.001	0.025	0.025	0.019
0.854	0.000	0.010	0.010	0.014
0.855	0.001	0.025	0.025	0.019
0.855	0.000	0.025	0.000	0.014
0.857	0.002	0.039	0.039	0.025
0.858	0.001	0.014	0.014	0.025
0.859	0.001	0.028	0.028	0.025
0.861	0.002	0.043	0.043	0.025
0.861	0.000	0.043	0.000	0.025
0.862	0.001	0.015	0.015	0.025
0.863	0.001	0.028	0.028	0.025
0.864	0.001	0.011	0.011	0.025
0.864	0.000	0.011	0.000	0.025
0.865	0.001	0.027	0.027	0.027
0.867	0.002	0.043	0.043	0.028
0.867	0.000	0.043	0.000	0.027
0.868	0.001	0.014	0.014	0.027
0.870	0.001	0.027	0.027	0.027
0.870	0.000	0.027	0.000	0.015
0.872	0.002	0.043	0.043	0.027
0.874	0.002	0.046	0.046	0.027
0.874	0.000	0.046	0.000	0.027
0.875	0.001	0.015	0.015	0.027
0.876	0.001	0.024	0.024	0.027
0.878	0.002	0.040	0.040	0.027
0.879	0.001	0.016	0.016	0.024
0.880	0.001	0.026	0.026	0.026
0.880	0.000	0.026	0.000	0.026
0.882	0.002	0.041	0.041	0.026
0.883	0.001	0.017	0.017	0.026
0.884	0.001	0.026	0.026	0.026
0.884	0.000	0.026	0.000	0.024
0.885	0.001	0.015	0.015	0.024
0.886	0.001	0.027	0.027	0.026
0.888	0.002	0.042	0.042	0.026
0.889	0.001	0.018	0.018	0.026
0.889	0.000	0.018	0.000	0.026
0.891	0.001	0.027	0.027	0.026
0.893	0.002	0.047	0.047	0.027
0.893	0.000	0.047	0.000	0.026
0.894	0.001	0.020	0.020	0.026
0.896	0.002	0.032	0.032	0.027
0.898	0.002	0.048	0.048	0.027
0.901	0.003	0.051	0.051	0.032
0.901	0.000	0.051	0.000	0.032
0.902	0.001	0.019	0.019	0.027
0.903	0.002	0.032	0.032	0.032
0.904	0.001	0.018	0.018	0.032
0.906	0.002	0.034	0.034	0.032
0.906	0.000	0.034	0.000	0.032
0.908	0.002	0.049	0.049	0.032
0.909	0.001	0.020	0.020	0.032
0.911	0.002	0.034	0.034	0.034
0.913	0.002	0.050	0.050	0.034
0.913	0.000	0.050	0.000	0.032
0.914	0.001	0.019	0.019	0.032
0.916	0.002	0.035	0.035	0.034
0.917	0.001	0.017	0.017	0.034
0.919	0.002	0.035	0.035	0.034
0.919	0.000	0.035	0.000	0.034
0.921	0.003	0.050	0.050	0.035
0.922	0.001	0.019	0.019	0.034
0.924	0.002	0.036	0.036	0.035
0.927	0.003	0.051	0.051	0.035
0.927	0.000	0.051	0.000	0.035
0.927	0.001	0.018	0.018	0.035
0.929	0.002	0.037	0.037	0.035
0.929	0.000	0.037	0.000	0.035
0.932	0.003	0.017	0.054	0.036
0.932	0.000	0.037	0.000	0.036
0.934	0.002	0.037	0.037	0.037
0.934	0.000	0.009	0.009	0.036
0.934	0.000	-0.005	0.005	0.036
0.934	0.000	-0.005	0.000	0.018
0.935	0.001	0.020	0.020	0.018
0.935	0.000	0.008	0.008	0.018
0.937	0.001	0.028	0.028	0.020
0.937	0.000	0.028	0.000	0.009
0.939	0.002	0.043	0.043	0.020
0.940	0.001	0.017	0.017	0.017
0.941	0.001	0.029	0.029	0.020
0.943	0.002	0.044	0.044	0.020
0.943	0.000	0.044	0.000	0.020
0.944	0.001	0.017	0.017	0.020
0.946	0.001	0.028	0.028	0.028
0.948	0.002	0.044	0.044	0.028
0.948	0.000	0.044	0.000	0.028
0.949	0.001	0.017	0.017	0.028
0.950	0.001	0.028	0.028	0.028
0.951	0.001	0.015	0.015	0.028
0.952	0.001	0.029	0.029	0.028
0.952	0.000	0.029	0.000	0.028
0.955	0.002	0.045	0.045	0.028
0.956	0.001	0.018	0.018	0.028
0.957	0.001	0.027	0.027	0.028
0.959	0.002	0.044	0.044	0.028
0.959	0.000	0.044	0.000	0.027
0.960	0.001	0.018	0.018	0.027
0.961	0.001	0.027	0.027	0.027
0.962	0.001	0.016	0.016	0.027
0.964	0.001	0.028	0.028	0.027
0.966	0.002	0.045	0.045	0.027
0.966	0.000	0.045	0.000	0.027
0.967	0.001	0.020	0.020	0.027
0.968	0.001	0.028	0.028	0.027
0.968	0.000	0.028	0.000	0.027
0.970	0.002	0.045	0.045	0.027
0.971	0.001	0.020	0.020	0.027
0.973	0.001	0.027	0.027	0.027
0.973	0.001	0.016	0.016	0.027
0.975	0.001	0.027	0.027	0.027
0.977	0.002	0.044	0.044	0.027
0.977	0.000	0.044	0.000	0.027
0.978	0.001	0.020	0.020	0.027
0.979	0.001	0.027	0.027	0.027
0.980	0.001	0.016	0.016	0.027
0.982	0.001	0.028	0.028	0.027
0.982	0.000	0.028	0.000	0.027
0.984	0.002	0.044	0.044	0.027
0.985	0.001	0.020	0.020	0.027
0.986	0.001	0.027	0.027	0.027
0.986	0.000	0.027	0.000	0.027
0.988	0.002	0.044	0.044	0.027
0.989	0.001	0.020	0.020	0.027
0.991	0.001	0.028	0.028	0.027
0.993	0.002	0.044	0.044	0.028
0.993	0.000	0.044	0.000	0.028
0.994	0.001	0.020	0.020	0.027
0.995	0.001	0.028	0.028	0.028
0.996	0.001	0.016	0.016	0.027
0.997	0.001	0.029	0.029	0.028
1.000	0.002	0.045	0.045	0.028
1.000	0.000	0.045	0.000	0.028
1.001	0.001	0.020	0.020	0.028
1.002	0.001	0.029	0.029	0.028
1.003	0.001	0.017	0.017	0.028
1.004	0.001	0.030	0.030	0.028
1.007	0.002	0.046	0.046	0.029
1.008	0.001	0.020	0.020	0.029
1.008	0.000	0.020	0.000	0.029
1.009	0.001	0.030	0.030	0.029
1.010	0.001	0.017	0.017	0.029
1.012	0.002	0.031	0.031	0.029
1.012	0.000	0.031	0.000	0.029
1.014	0.002	0.047	0.047	0.030
1.015	0.001	0.020	0.020	0.030
1.015	0.000	0.020	0.000	0.030
1.016	0.002	0.031	0.031	0.030
1.019	0.002	0.047	0.047	0.030
1.020	0.001	0.020	0.020	0.030
1.021	0.001	0.028	0.028	0.030
1.021	0.000	0.028	0.000	0.028
1.022	0.000	0.008	0.008	0.028
1.021	0.001	-0.011	0.011	0.020
1.022	0.000	0.010	0.010	0.020
1.022	0.000	0.010	0.000	0.020
1.023	0.001	0.028	0.028	0.020
1.023	0.000	0.008	0.008	0.020
1.023	0.000	0.008	0.000	0.011
1.025	0.001	0.025	0.025	0.011
1.027	0.002	0.039	0.039	0.011
1.027	0.000	0.010	0.010	0.010
1.028	0.001	0.024	0.024	0.011
1.028	0.000	0.024	0.000	0.011
1.030	0.002	0.040	0.040	0.024
1.031	0.001	0.011	0.011	0.024
1.032	0.001	0.024	0.024	0.024
1.032	0.000	0.010	0.010	0.024
1.032	0.000	0.010	0.000	0.024
1.034	0.001	0.025	0.025	0.024
1.036	0.002	0.041	0.041	0.024
1.036	0.001	0.012	0.012	0.024
1.036	0.000	0.012	0.000	0.024
1.038	0.001	0.024	0.024	0.024
1.040	0.002	0.041	0.041	0.024
1.040	0.001	0.013	0.013	0.024
1.041	0.001	0.025	0.025	0.024
1.041	0.000	0.025	0.000	0.024
1.044	0.002	0.041	0.041	0.025
1.044	0.001	0.014	0.014	0.025
1.045	0.001	0.025	0.025	0.025
1.048	0.002	0.042	0.042	0.025
1.048	0.000	0.042	0.000	0.025
1.048	0.001	0.015	0.015	0.025
1.050	0.001	0.026	0.026	0.025
1.050	0.001	0.013	0.013	0.025
1.052	0.001	0.028	0.028	0.025
1.054	0.002	0.045	0.045	0.026
1.054	0.000	0.045	0.000	0.026
1.055	0.001	0.018	0.018	0.025
1.056	0.001	0.028	0.028	0.026
1.056	0.000	0.028	0.000	0.026
1.058	0.002	0.029	0.044	0.026
1.058	0.000	0.029	0.000	0.026
1.061	0.002	0.045	0.045	0.028
1.061	0.001	0.017	0.017	0.028
1.063	0.002	0.032	0.032	0.028
1.066	0.002	0.050	0.050	0.032
1.067	0.001	0.021	0.021	0.028
1.068	0.002	0.034	0.034	0.032
1.068	0.000	0.034	0.000	0.032
1.069	0.001	0.019	0.019	0.032
1.071	0.002	0.035	0.035	0.034
1.072	0.001	0.020	0.020	0.032
1.072	0.000	0.020	0.000	0.032
1.074	0.002	0.035	0.035	0.032
1.076	0.003	0.052	0.052	0.034
1.077	0.001	0.021	0.021	0.034
1.077	0.000	0.021	0.000	0.021
1.082	0.004	0.053	0.088	0.034
1.082	0.000	0.053	0.000	0.021
1.083	0.001	0.021	0.021	0.021
1.085	0.002	0.036	0.036	0.035
1.086	0.001	0.019	0.019	0.021
1.086	0.000	0.019	0.000	0.021
1.087	0.002	0.037	0.037	0.035
1.090	0.003	0.054	0.054	0.036
1.090	0.000	0.054	0.000	0.021
1.091	0.001	0.021	0.021	0.021
1.093	0.002	0.037	0.037	0.036
1.096	0.003	0.054	0.054	0.036
1.098	0.003	0.055	0.055	0.037
1.098	0.000	0.055	0.000	0.037
1.099	0.001	0.019	0.019	0.037
1.101	0.002	0.037	0.037	0.037
1.102	0.001	0.018	0.018	0.037
1.104	0.002	0.039	0.039	0.037
1.104	0.000	0.039	0.000	0.037
1.106	0.002	0.045	0.045	0.037
1.107	0.001	0.010	0.010	0.037
1.108	0.001	0.027	0.027	0.037
1.109	0.000	0.009	0.009	0.027
1.109	0.000	0.009	0.000	0.019
1.108	0.000	-0.005	0.005	0.019
1.108	0.000	-0.005	0.000	0.018
1.109	0.001	0.012	0.012	0.012
1.111	0.002	0.034	0.034	0.012
1.111	0.001	0.034	0.011	0.011
1.111	0.000	0.011	0.000	0.011
1.113	0.001	0.029	0.029	0.011
1.115	0.002	0.043	0.043	0.012
1.116	0.001	0.015	0.015	0.012
1.116	0.000	0.015	0.000	0.012
1.117	0.001	0.027	0.027	0.015
1.119	0.002	0.043	0.043	0.027
1.120	0.001	0.016	0.016	0.027
1.120	0.000	0.016	0.000	0.027
1.120	0.000	0.016	0.000	0.016
1.120	0.000	0.016	0.000	0.016
1.120	0.000	0.016	0.000	0.016
1.120	0.000	0.016	0.000	0.015
1.120	0.000	0.016	0.000	0.000
1.120	0.000	0.016	0.000	0.000
1.120	0.000	0.016	0.000	0.000
1.120	0.000	0.016	0.000	0.000
1.120	0.000	0.016	0.000	0.000
1.120	0.000	0.016	0.000	0.000
1.120	0.000	0.016	0.000	0.000
1.120	0.000	0.016	0.000	0.000
1.120	0.000	0.016	0.000	0.000
1.120	0.000	0.016	0.000	0.000
1.120	0.000	0.016	0.000	0.000
1.120	0.000	0.016	0.000	0.000
1.120	0.000	0.016	0.000	0.000
1.120	0.000	0.016	0.000	0.000
1.120	0.000	0.016	0.000	0.000
1.120	0.000	0.016	0.000	0.000
1.120	0.000	0.016	0.000	0.000
1.120	0.000	0.016	0.000	0.000
