1	0.024	0.115	0.000
1	0.034	0.120	0.000
1	0.035	0.121	0.000
1	0.033	0.119	0.000
1	0.031	0.118	0.000
1	0.029	0.117	0.000
1	0.027	0.116	0.000
1	0.027	0.116	0.000
1	0.023	0.114	0.000
1	0.021	0.113	0.000
1	0.019	0.111	0.000
1	0.017	0.110	0.000
1	0.015	0.109	0.000
1	0.013	0.108	0.000
1	0.011	0.107	0.000
1	0.011	0.107	0.000
1	0.007	0.105	0.000
1	0.007	0.105	0.000
1	0.003	0.103	0.000
1	0.001	0.102	0.000
1	0.001	0.102	0.000
1	-0.003	0.099	0.000
1	-0.005	0.098	0.000
1	-0.007	0.097	0.000
1	-0.009	0.096	0.000
1	-0.011	0.095	0.000
1	-0.013	0.094	0.000
1	-0.015	0.093	0.000
1	-0.017	0.092	0.000
1	-0.019	0.090	0.000
1	-0.021	0.089	0.000
1	-0.021	0.089	0.000
1	-0.023	0.088	0.000
1	-0.023	0.088	0.000
1	-0.025	0.087	0.000
1	-0.027	0.086	0.000
1	-0.027	0.086	0.000
1	-0.029	0.085	0.000
1	-0.029	0.085	0.000
1	-0.031	0.084	0.000
1	-0.031	0.084	0.000
1	-0.033	0.083	0.000
1	-0.033	0.082	0.000
1	-0.035	0.081	0.000
1	-0.035	0.081	0.000
1	-0.036	0.080	0.000
1	-0.038	0.079	0.000
1	-0.038	0.078	0.000
1	-0.038	0.078	0.001
1	-0.038	0.078	0.001
1	-0.038	0.078	0.002
1	-0.037	0.078	0.004
1	-0.037	0.078	0.004
0	-0.037	0.079	0.005
0	-0.036	0.079	0.007
0	-0.034	0.080	0.008
0	-0.034	0.080	0.008
0	-0.033	0.081	0.009
0	-0.031	0.082	0.011
0	-0.029	0.083	0.012
0	-0.027	0.084	0.013
0	-0.025	0.085	0.014
0	-0.025	0.086	0.014
0	-0.022	0.087	0.015
0	-0.020	0.088	0.016
0	-0.017	0.090	0.017
0	-0.014	0.091	0.017
0	-0.014	0.091	0.017
0	-0.011	0.093	0.018
0	-0.011	0.093	0.018
0	-0.008	0.095	0.018
0	-0.005	0.096	0.019
0	-0.005	0.096	0.019
0	-0.002	0.098	0.019
0	0.001	0.100	0.019
0	0.001	0.100	0.019
0	0.004	0.101	0.019
0	0.007	0.103	0.019
0	0.007	0.103	0.019
0	0.010	0.105	0.018
0	0.013	0.106	0.018
0	0.013	0.107	0.018
0	0.016	0.108	0.017
0	0.016	0.108	0.017
0	0.019	0.110	0.017
0	0.019	0.110	0.017
0	0.021	0.111	0.016
0	0.024	0.113	0.015
0	0.024	0.113	0.015
0	0.026	0.114	0.014
0	0.028	0.115	0.013
0	0.029	0.115	0.013
0	0.031	0.117	0.012
0	0.032	0.118	0.011
0	0.033	0.118	0.011
0	0.034	0.119	0.010
0	0.036	0.119	0.009
0	0.039	0.121	0.007
0	0.038	0.121	0.006
0	0.038	0.121	0.006
1	0.039	0.121	0.004
1	0.040	0.122	0.003
1	0.040	0.122	0.003
1	0.040	0.122	0.000
1	0.039	0.122	0.000
1	0.037	0.121	0.000
1	0.035	0.120	0.000
1	0.033	0.119	0.000
1	0.033	0.119	0.000
1	0.031	0.118	0.000
1	0.031	0.118	0.000
1	0.029	0.117	0.000
1	0.027	0.116	0.000
1	0.027	0.116	0.000
1	0.025	0.115	0.000
1	0.025	0.115	0.000
1	0.023	0.114	0.000
1	0.021	0.113	0.000
1	0.019	0.111	0.000
1	0.019	0.111	0.000
1	0.017	0.110	0.000
1	0.015	0.109	0.000
1	0.013	0.108	0.000
1	0.013	0.108	0.000
1	0.011	0.107	0.000
1	0.009	0.106	0.000
1	0.007	0.105	0.000
1	0.005	0.104	0.000
1	0.005	0.104	0.000
1	0.003	0.103	0.000
1	0.001	0.101	0.000
1	0.002	0.102	0.000
1	-0.001	0.100	0.000
1	-0.003	0.099	0.000
1	-0.005	0.098	0.000
1	-0.004	0.098	0.000
1	-0.007	0.097	0.000
1	-0.007	0.097	0.000
1	-0.009	0.096	0.000
1	-0.011	0.095	0.000
1	-0.011	0.095	0.000
1	-0.013	0.094	0.000
1	-0.015	0.093	0.000
1	-0.017	0.091	0.000
1	-0.017	0.091	0.000
1	-0.019	0.090	0.000
1	-0.021	0.089	0.000
1	-0.021	0.089	0.000
1	-0.023	0.088	0.000
1	-0.025	0.087	0.000
1	-0.025	0.087	0.000
1	-0.027	0.086	0.000
1	-0.029	0.085	0.000
1	-0.031	0.084	0.000
1	-0.031	0.083	0.000
1	-0.033	0.083	0.000
1	-0.033	0.082	0.000
1	-0.035	0.081	0.000
1	-0.035	0.081	0.000
1	-0.036	0.080	0.000
1	-0.037	0.079	0.000
1	-0.037	0.079	0.000
1	-0.036	0.079	0.001
1	-0.036	0.079	0.001
1	-0.036	0.079	0.002
1	-0.036	0.080	0.004
1	-0.036	0.080	0.004
0	-0.035	0.081	0.005
0	-0.034	0.082	0.007
0	-0.034	0.083	0.008
0	-0.033	0.083	0.008
0	-0.033	0.085	0.009
0	-0.031	0.086	0.011
0	-0.031	0.087	0.011
0	-0.030	0.088	0.012
0	-0.030	0.089	0.012
0	-0.028	0.091	0.013
0	-0.029	0.091	0.013
0	-0.027	0.093	0.014
0	-0.027	0.093	0.014
0	-0.025	0.095	0.015
0	-0.025	0.096	0.015
0	-0.024	0.098	0.016
0	-0.024	0.098	0.016
0	-0.022	0.101	0.017
0	-0.022	0.101	0.017
0	-0.020	0.104	0.017
0	-0.020	0.104	0.017
0	-0.018	0.107	0.018
0	-0.016	0.110	0.018
0	-0.015	0.110	0.018
0	-0.014	0.113	0.019
0	-0.014	0.113	0.019
0	-0.012	0.116	0.019
0	-0.010	0.119	0.019
0	-0.009	0.120	0.019
0	-0.008	0.122	0.019
0	-0.007	0.123	0.019
0	-0.007	0.123	0.019
0	-0.006	0.126	0.019
0	-0.003	0.129	0.018
0	-0.001	0.132	0.018
0	-0.001	0.132	0.018
0	0.001	0.135	0.017
0	0.001	0.135	0.017
0	0.002	0.138	0.017
0	0.004	0.140	0.016
0	0.004	0.141	0.016
0	0.006	0.143	0.015
0	0.006	0.143	0.015
0	0.008	0.146	0.014
0	0.008	0.146	0.014
0	0.009	0.148	0.013
0	0.011	0.150	0.012
0	0.012	0.152	0.011
0	0.013	0.154	0.010
0	0.013	0.154	0.010
0	0.014	0.156	0.009
0	0.014	0.156	0.008
0	0.015	0.157	0.007
0	0.015	0.157	0.007
0	0.016	0.158	0.006
0	0.016	0.158	0.006
1	0.017	0.159	0.004
1	0.017	0.160	0.003
1	0.016	0.160	0.002
1	0.017	0.160	0.002
1	0.017	0.160	0.002
1	0.017	0.161	0.002
1	0.016	0.161	0.002
1	0.016	0.161	0.002
1	0.016	0.161	0.002
1	0.014	0.160	0.002
1	0.013	0.160	0.002
1	0.012	0.160	0.002
1	0.010	0.158	0.002
1	0.009	0.158	0.002
1	0.007	0.157	0.002
1	0.006	0.156	0.002
1	0.005	0.156	0.002
1	0.004	0.155	0.002
1	0.003	0.155	0.002
1	0.001	0.154	0.002
1	-0.000	0.153	0.001
1	-0.001	0.153	0.001
1	-0.002	0.152	0.001
1	-0.003	0.152	0.001
1	-0.003	0.151	0.001
1	-0.004	0.151	0.001
1	-0.004	0.151	0.001
1	-0.007	0.149	0.001
1	-0.008	0.148	0.001
1	-0.008	0.149	0.001
1	-0.009	0.148	0.001
1	-0.010	0.147	0.001
1	-0.012	0.146	0.001
1	-0.012	0.146	0.001
1	-0.015	0.145	0.001
1	-0.015	0.145	0.001
1	-0.016	0.144	0.001
1	-0.017	0.143	0.001
1	-0.018	0.143	0.001
1	-0.019	0.142	0.001
1	-0.021	0.141	0.001
1	-0.020	0.141	0.001
1	-0.022	0.140	0.001
1	-0.022	0.141	0.001
1	-0.024	0.139	0.001
1	-0.025	0.139	0.001
1	-0.027	0.138	0.001
1	-0.028	0.137	0.001
1	-0.029	0.137	0.001
1	-0.028	0.137	0.001
1	-0.030	0.136	0.001
1	-0.031	0.136	0.001
1	-0.032	0.135	0.001
1	-0.033	0.135	0.001
1	-0.034	0.134	0.001
1	-0.035	0.134	0.001
1	-0.037	0.133	0.001
1	-0.037	0.132	0.001
1	-0.038	0.132	0.001
1	-0.041	0.130	0.001
1	-0.042	0.129	0.001
1	-0.042	0.130	0.001
1	-0.044	0.128	0.001
1	-0.044	0.128	0.001
1	-0.046	0.127	0.001
1	-0.047	0.127	0.001
1	-0.046	0.127	0.001
1	-0.047	0.127	0.001
1	-0.049	0.126	0.001
1	-0.050	0.125	0.001
1	-0.052	0.124	0.001
1	-0.053	0.124	0.001
1	-0.054	0.123	0.001
1	-0.055	0.122	0.001
1	-0.058	0.120	0.000
1	-0.058	0.120	0.000
1	-0.058	0.120	0.000
1	-0.059	0.118	0.000
1	-0.060	0.118	0.000
1	-0.059	0.117	0.001
1	-0.059	0.117	0.001
1	-0.059	0.117	0.002
1	-0.059	0.117	0.002
1	-0.059	0.117	0.002
1	-0.058	0.117	0.004
1	-0.058	0.117	0.004
0	-0.057	0.117	0.005
0	-0.056	0.117	0.007
0	-0.055	0.117	0.007
0	-0.054	0.117	0.008
0	-0.051	0.118	0.009
0	-0.051	0.117	0.010
0	-0.052	0.117	0.010
0	-0.049	0.118	0.011
0	-0.048	0.117	0.012
0	-0.047	0.117	0.012
0	-0.045	0.118	0.013
0	-0.045	0.118	0.013
0	-0.045	0.118	0.013
0	-0.042	0.118	0.014
0	-0.042	0.118	0.014
0	-0.039	0.118	0.015
0	-0.039	0.118	0.015
0	-0.036	0.118	0.016
0	-0.035	0.118	0.016
0	-0.032	0.118	0.017
0	-0.029	0.119	0.017
0	-0.025	0.119	0.018
0	-0.025	0.119	0.018
0	-0.021	0.119	0.018
0	-0.018	0.119	0.019
0	-0.017	0.120	0.019
0	-0.017	0.119	0.019
0	-0.013	0.119	0.019
0	-0.010	0.119	0.019
0	-0.010	0.120	0.019
0	-0.006	0.120	0.019
0	-0.006	0.120	0.019
0	-0.002	0.120	0.019
0	-0.002	0.120	0.019
0	-0.002	0.120	0.019
0	0.002	0.120	0.018
0	0.005	0.120	0.018
0	0.006	0.120	0.018
0	0.006	0.120	0.018
0	0.010	0.120	0.017
0	0.013	0.121	0.017
0	0.017	0.121	0.016
0	0.017	0.121	0.016
0	0.020	0.121	0.015
0	0.020	0.121	0.015
0	0.020	0.121	0.015
0	0.023	0.121	0.014
0	0.025	0.121	0.013
0	0.026	0.121	0.013
0	0.028	0.121	0.012
0	0.030	0.122	0.011
0	0.031	0.122	0.011
0	0.031	0.122	0.011
0	0.033	0.122	0.010
0	0.033	0.122	0.010
0	0.035	0.122	0.009
0	0.035	0.122	0.008
0	0.037	0.122	0.007
0	0.038	0.122	0.006
1	0.039	0.122	0.004
1	0.039	0.122	0.004
1	0.040	0.122	0.003
1	0.040	0.122	0.003
1	0.040	0.122	0.003
1	0.040	0.122	0.000
1	0.039	0.122	0.000
1	0.037	0.121	0.000
1	0.037	0.121	0.000
1	0.037	0.121	0.000
1	0.035	0.120	0.000
1	0.035	0.120	0.000
1	0.033	0.119	0.000
1	0.031	0.118	0.000
1	0.029	0.117	0.000
1	0.027	0.116	0.000
1	0.027	0.116	0.000
1	0.027	0.115	0.000
1	0.025	0.114	0.000
1	0.023	0.114	0.000
1	0.021	0.113	0.000
1	0.021	0.112	0.000
1	0.019	0.111	0.000
1	0.019	0.111	0.000
1	0.017	0.110	0.000
1	0.015	0.109	0.000
1	0.015	0.109	0.000
1	0.013	0.108	0.000
1	0.011	0.107	0.000
1	0.011	0.107	0.000
1	0.011	0.107	0.000
1	0.009	0.106	0.000
1	0.009	0.106	0.000
1	0.008	0.105	0.000
1	0.007	0.105	0.000
1	0.005	0.104	0.000
1	0.005	0.103	0.000
1	0.003	0.102	0.000
1	0.003	0.102	0.000
1	0.001	0.101	0.000
1	-0.001	0.100	0.000
1	-0.003	0.099	0.000
1	-0.005	0.098	0.000
1	-0.007	0.097	0.000
1	-0.007	0.097	0.000
1	-0.007	0.097	0.000
1	-0.009	0.096	0.000
1	-0.009	0.096	0.000
1	-0.011	0.095	0.000
1	-0.013	0.094	0.000
1	-0.015	0.093	0.000
1	-0.015	0.092	0.000
1	-0.017	0.091	0.000
1	-0.017	0.091	0.000
1	-0.019	0.090	0.000
1	-0.019	0.090	0.000
1	-0.019	0.090	0.000
1	-0.021	0.089	0.000
1	-0.023	0.088	0.000
1	-0.023	0.088	0.000
1	-0.025	0.087	0.000
1	-0.027	0.086	0.000
1	-0.026	0.086	0.000
1	-0.027	0.086	0.000
1	-0.029	0.085	0.000
1	-0.031	0.084	0.000
1	-0.030	0.084	0.000
1	-0.031	0.083	0.000
1	-0.033	0.082	0.000
1	-0.033	0.082	0.000
1	-0.035	0.082	0.000
1	-0.035	0.080	0.000
1	-0.035	0.080	0.000
1	-0.035	0.080	0.000
1	-0.035	0.080	0.000
1	-0.034	0.080	0.001
1	-0.034	0.080	0.001
1	-0.034	0.080	0.001
1	-0.033	0.081	0.003
1	-0.033	0.081	0.003
1	-0.033	0.081	0.004
0	-0.032	0.082	0.006
0	-0.032	0.082	0.006
0	-0.031	0.083	0.007
0	-0.030	0.083	0.007
0	-0.029	0.084	0.008
0	-0.029	0.084	0.009
0	-0.029	0.084	0.008
0	-0.028	0.085	0.010
0	-0.028	0.085	0.010
0	-0.025	0.087	0.011
0	-0.023	0.088	0.012
0	-0.024	0.088	0.012
0	-0.022	0.089	0.013
0	-0.020	0.091	0.014
0	-0.020	0.091	0.014
0	-0.018	0.093	0.015
0	-0.018	0.093	0.015
0	-0.018	0.093	0.015
0	-0.016	0.095	0.016
0	-0.013	0.097	0.017
0	-0.011	0.098	0.017
0	-0.011	0.098	0.017
0	-0.011	0.098	0.017
0	-0.009	0.100	0.018
0	-0.008	0.101	0.018
0	-0.006	0.102	0.018
0	-0.006	0.103	0.018
0	-0.003	0.104	0.018
0	0.000	0.107	0.018
0	-0.000	0.107	0.018
0	0.003	0.109	0.018
0	0.002	0.109	0.018
0	0.005	0.111	0.018
0	0.005	0.111	0.018
0	0.005	0.111	0.018
0	0.007	0.113	0.018
0	0.010	0.115	0.017
0	0.010	0.115	0.017
0	0.010	0.115	0.017
0	0.012	0.117	0.017
0	0.015	0.119	0.016
0	0.017	0.121	0.016
0	0.019	0.122	0.015
0	0.019	0.123	0.015
0	0.022	0.125	0.014
0	0.021	0.124	0.014
0	0.024	0.127	0.013
0	0.024	0.126	0.013
0	0.023	0.126	0.013
0	0.025	0.127	0.012
0	0.027	0.129	0.011
0	0.027	0.129	0.011
0	0.027	0.129	0.011
0	0.028	0.130	0.010
0	0.028	0.130	0.009
0	0.030	0.131	0.008
0	0.031	0.132	0.007
0	0.031	0.132	0.007
0	0.031	0.132	0.007
0	0.031	0.132	0.006
1	0.032	0.133	0.004
1	0.033	0.134	0.004
1	0.033	0.133	0.003
1	0.033	0.133	0.002
1	0.033	0.133	0.002
1	0.033	0.134	0.001
1	0.033	0.134	0.001
1	0.032	0.134	0.001
1	0.031	0.134	0.001
1	0.030	0.133	0.001
1	0.030	0.133	0.001
1	0.028	0.132	0.001
1	0.028	0.132	0.001
1	0.026	0.131	0.001
1	0.025	0.131	0.001
1	0.024	0.130	0.000
1	0.023	0.130	0.000
1	0.021	0.129	0.000
1	0.020	0.128	0.000
1	0.019	0.128	0.000
1	0.018	0.127	0.000
1	0.016	0.126	0.000
1	0.014	0.125	0.000
1	0.012	0.124	0.000
1	0.012	0.124	0.000
1	0.012	0.123	0.000
1	0.010	0.122	0.000
1	0.010	0.122	0.000
1	0.008	0.121	0.000
1	0.006	0.120	0.000
1	0.006	0.120	0.000
1	0.004	0.119	0.000
1	0.004	0.119	0.000
1	0.002	0.118	0.000
1	0.002	0.118	0.000
1	0.002	0.118	0.000
1	-0.000	0.117	0.000
1	-0.002	0.116	0.000
1	-0.002	0.116	0.000
1	-0.002	0.116	0.000
1	-0.004	0.114	0.000
1	-0.006	0.114	0.000
1	-0.006	0.114	0.000
1	-0.007	0.113	0.000
1	-0.008	0.112	0.000
1	-0.010	0.111	0.000
1	-0.010	0.111	0.000
1	-0.010	0.111	0.000
1	-0.012	0.110	0.000
1	-0.012	0.110	0.000
1	-0.014	0.109	0.000
1	-0.014	0.109	0.000
1	-0.016	0.108	0.000
1	-0.016	0.108	0.000
1	-0.018	0.107	0.000
1	-0.018	0.107	0.000
1	-0.020	0.106	0.000
1	-0.020	0.106	0.000
1	-0.022	0.105	0.000
1	-0.022	0.104	0.000
1	-0.024	0.103	0.000
1	-0.024	0.103	0.000
1	-0.026	0.102	0.000
1	-0.027	0.102	0.000
1	-0.028	0.101	0.000
1	-0.028	0.101	0.000
1	-0.030	0.100	0.000
1	-0.030	0.100	0.000
1	-0.032	0.099	0.000
1	-0.034	0.098	0.000
1	-0.035	0.098	0.000
1	-0.034	0.098	0.000
1	-0.035	0.098	0.000
1	-0.037	0.096	0.000
1	-0.038	0.096	0.000
1	-0.040	0.094	0.000
1	-0.042	0.093	0.000
1	-0.042	0.093	0.000
1	-0.041	0.092	0.000
1	-0.041	0.092	0.001
1	-0.041	0.092	0.001
1	-0.041	0.092	0.002
1	-0.041	0.092	0.002
1	-0.040	0.092	0.004
1	-0.040	0.092	0.004
1	-0.040	0.092	0.004
0	-0.039	0.093	0.005
0	-0.038	0.093	0.007
0	-0.037	0.093	0.008
0	-0.037	0.093	0.008
0	-0.036	0.094	0.009
0	-0.035	0.094	0.010
0	-0.035	0.094	0.009
0	-0.034	0.095	0.011
0	-0.032	0.095	0.012
0	-0.032	0.095	0.012
0	-0.029	0.097	0.013
0	-0.026	0.098	0.014
0	-0.027	0.097	0.014
0	-0.024	0.098	0.015
0	-0.025	0.098	0.015
0	-0.021	0.100	0.016
0	-0.022	0.099	0.016
0	-0.022	0.099	0.016
0	-0.019	0.100	0.017
0	-0.016	0.101	0.017
0	-0.014	0.102	0.018
0	-0.013	0.102	0.018
0	-0.010	0.103	0.018
0	-0.007	0.104	0.019
0	-0.007	0.105	0.019
0	-0.004	0.106	0.019
0	-0.003	0.106	0.019
0	-0.004	0.106	0.019
0	-0.001	0.107	0.019
0	-0.001	0.107	0.019
0	0.003	0.108	0.019
0	0.007	0.110	0.019
0	0.007	0.110	0.019
0	0.006	0.109	0.019
0	0.009	0.110	0.018
0	0.012	0.111	0.018
0	0.012	0.112	0.018
0	0.012	0.112	0.018
0	0.015	0.113	0.017
0	0.018	0.114	0.017
0	0.018	0.114	0.017
0	0.020	0.115	0.016
0	0.021	0.115	0.016
0	0.023	0.116	0.015
0	0.024	0.116	0.015
0	0.026	0.117	0.014
0	0.028	0.117	0.013
0	0.028	0.118	0.013
0	0.028	0.118	0.013
0	0.031	0.119	0.012
0	0.034	0.120	0.011
0	0.033	0.120	0.011
0	0.032	0.119	0.011
0	0.034	0.120	0.010
0	0.034	0.120	0.010
0	0.036	0.120	0.008
0	0.037	0.121	0.007
0	0.037	0.121	0.007
0	0.039	0.122	0.006
1	0.039	0.122	0.004
1	0.040	0.122	0.003
1	0.041	0.122	0.003
1	0.040	0.122	0.003
1	0.040	0.122	0.001
1	0.040	0.122	0.001
1	0.040	0.122	0.000
1	0.040	0.122	0.000
1	0.039	0.122	0.000
1	0.038	0.122	0.000
1	0.038	0.122	0.000
1	0.037	0.121	0.000
1	0.035	0.120	0.000
1	0.035	0.120	0.000
1	0.033	0.119	0.000
1	0.033	0.119	0.000
1	0.031	0.118	0.000
1	0.029	0.117	0.000
1	0.029	0.117	0.000
1	0.027	0.116	0.000
1	0.027	0.116	0.000
1	0.025	0.115	0.000
1	0.025	0.115	0.000
1	0.023	0.114	0.000
1	0.023	0.114	0.000
1	0.021	0.113	0.000
1	0.020	0.112	0.000
1	0.019	0.111	0.000
1	0.017	0.110	0.000
1	0.015	0.109	0.000
1	0.013	0.108	0.000
1	0.011	0.107	0.000
1	0.011	0.107	0.000
1	0.011	0.107	0.000
1	0.009	0.106	0.000
1	0.007	0.105	0.000
1	0.005	0.104	0.000
1	0.005	0.104	0.000
1	0.005	0.104	0.000
1	0.003	0.103	0.000
1	0.001	0.101	0.000
1	-0.000	0.101	0.000
1	-0.001	0.100	0.000
1	-0.001	0.100	0.000
1	-0.002	0.100	0.000
1	-0.003	0.099	0.000
1	-0.005	0.098	0.000
1	-0.007	0.097	0.000
1	-0.006	0.098	0.000
1	-0.009	0.096	0.000
1	-0.009	0.096	0.000
1	-0.009	0.096	0.000
1	-0.011	0.095	0.000
1	-0.013	0.094	0.000
1	-0.015	0.093	0.000
1	-0.015	0.093	0.000
1	-0.017	0.092	0.000
1	-0.016	0.092	0.000
1	-0.017	0.091	0.000
1	-0.017	0.091	0.000
1	-0.021	0.089	0.000
1	-0.020	0.090	0.000
1	-0.021	0.089	0.000
1	-0.023	0.088	0.000
1	-0.023	0.088	0.000
1	-0.025	0.087	0.000
1	-0.027	0.086	0.000
1	-0.027	0.086	0.000
1	-0.027	0.086	0.000
1	-0.028	0.085	0.000
1	-0.031	0.084	0.000
1	-0.031	0.084	0.000
1	-0.033	0.083	0.000
1	-0.033	0.082	0.000
1	-0.033	0.082	0.000
1	-0.035	0.081	0.000
1	-0.035	0.081	0.000
1	-0.035	0.080	0.000
1	-0.035	0.080	0.000
1	-0.035	0.080	0.000
1	-0.034	0.080	0.000
1	-0.034	0.080	0.002
1	-0.032	0.081	0.003
1	-0.033	0.081	0.003
0	-0.033	0.081	0.005
0	-0.032	0.081	0.005
0	-0.032	0.081	0.006
0	-0.032	0.082	0.006
0	-0.030	0.082	0.008
0	-0.030	0.083	0.008
0	-0.029	0.083	0.009
0	-0.029	0.083	0.009
0	-0.027	0.084	0.010
0	-0.026	0.084	0.010
0	-0.027	0.084	0.010
0	-0.026	0.085	0.012
0	-0.024	0.086	0.013
0	-0.023	0.086	0.013
0	-0.021	0.087	0.014
0	-0.019	0.088	0.015
0	-0.018	0.089	0.015
0	-0.015	0.090	0.016
0	-0.016	0.090	0.016
0	-0.014	0.091	0.016
0	-0.012	0.093	0.017
0	-0.011	0.093	0.017
0	-0.009	0.094	0.018
0	-0.008	0.094	0.018
0	-0.006	0.096	0.018
0	-0.006	0.096	0.018
0	-0.006	0.096	0.018
0	-0.003	0.097	0.018
0	-0.003	0.098	0.018
0	0.000	0.099	0.019
0	0.003	0.101	0.019
0	0.006	0.103	0.018
0	0.009	0.104	0.018
0	0.009	0.104	0.018
0	0.009	0.104	0.018
0	0.012	0.106	0.018
0	0.015	0.107	0.018
0	0.017	0.109	0.017
0	0.017	0.109	0.017
0	0.020	0.110	0.017
0	0.020	0.110	0.017
0	0.020	0.110	0.017
0	0.022	0.112	0.016
0	0.025	0.113	0.015
0	0.025	0.113	0.015
0	0.027	0.114	0.014
0	0.027	0.115	0.014
0	0.027	0.115	0.014
0	0.029	0.116	0.013
0	0.031	0.117	0.012
0	0.035	0.119	0.011
0	0.033	0.118	0.011
0	0.036	0.119	0.010
0	0.036	0.119	0.010
0	0.035	0.119	0.010
0	0.036	0.120	0.008
0	0.036	0.120	0.008
0	0.038	0.121	0.007
0	0.038	0.121	0.006
1	0.039	0.121	0.004
1	0.040	0.122	0.004
1	0.039	0.121	0.004
1	0.040	0.122	0.003
1	0.040	0.122	0.003
1	0.040	0.122	0.000
1	0.040	0.122	0.000
1	0.039	0.122	0.000
1	0.037	0.121	0.000
1	0.035	0.120	0.000
1	0.035	0.120	0.000
1	0.034	0.120	0.000
1	0.033	0.119	0.000
1	0.031	0.118	0.000
1	0.031	0.118	0.000
1	0.029	0.117	0.000
1	0.029	0.117	0.000
1	0.027	0.116	0.000
1	0.027	0.116	0.000
1	0.025	0.115	0.000
1	0.025	0.115	0.000
1	0.023	0.114	0.000
1	0.023	0.114	0.000
1	0.021	0.112	0.000
1	0.019	0.111	0.000
1	0.019	0.111	0.000
1	0.019	0.111	0.000
1	0.017	0.110	0.000
1	0.017	0.110	0.000
1	0.015	0.109	0.000
1	0.013	0.108	0.000
1	0.014	0.108	0.000
1	0.011	0.107	0.000
1	0.011	0.107	0.000
1	0.009	0.106	0.000
1	0.009	0.106	0.000
1	0.007	0.105	0.000
1	0.005	0.104	0.000
1	0.006	0.104	0.000
1	0.003	0.103	0.000
1	0.003	0.102	0.000
1	0.001	0.102	0.000
1	0.001	0.101	0.000
1	-0.001	0.100	0.000
1	-0.003	0.099	0.000
1	-0.003	0.099	0.000
1	-0.005	0.098	0.000
1	-0.005	0.098	0.000
1	-0.006	0.097	0.000
1	-0.009	0.096	0.000
1	-0.009	0.096	0.000
1	-0.011	0.095	0.000
1	-0.011	0.095	0.000
1	-0.013	0.094	0.000
1	-0.013	0.094	0.000
1	-0.013	0.094	0.000
1	-0.015	0.093	0.000
1	-0.017	0.091	0.000
1	-0.017	0.091	0.000
1	-0.017	0.091	0.000
1	-0.019	0.090	0.000
1	-0.021	0.089	0.000
1	-0.023	0.088	0.000
1	-0.023	0.088	0.000
1	-0.023	0.088	0.000
1	-0.023	0.088	0.000
1	-0.025	0.087	0.000
1	-0.027	0.086	0.000
1	-0.029	0.085	0.000
1	-0.031	0.084	0.000
1	-0.031	0.084	0.000
1	-0.031	0.084	0.000
1	-0.033	0.082	0.000
1	-0.035	0.081	0.000
1	-0.035	0.081	0.000
1	-0.037	0.080	0.000
1	-0.037	0.080	0.000
1	-0.037	0.079	0.000
1	-0.037	0.079	0.000
1	-0.036	0.079	0.001
1	-0.036	0.079	0.002
1	-0.036	0.079	0.002
1	-0.036	0.079	0.002
1	-0.036	0.079	0.004
0	-0.034	0.081	0.005
0	-0.034	0.080	0.005
0	-0.035	0.080	0.005
0	-0.034	0.080	0.007
0	-0.034	0.081	0.008
0	-0.033	0.081	0.008
0	-0.033	0.081	0.008
0	-0.032	0.081	0.009
0	-0.031	0.082	0.011
0	-0.031	0.082	0.011
0	-0.031	0.082	0.011
0	-0.029	0.083	0.012
0	-0.029	0.083	0.013
0	-0.028	0.083	0.013
0	-0.027	0.084	0.014
0	-0.025	0.085	0.015
0	-0.024	0.086	0.016
0	-0.023	0.086	0.016
0	-0.022	0.087	0.017
0	-0.021	0.087	0.017
0	-0.020	0.088	0.017
0	-0.018	0.089	0.018
0	-0.016	0.091	0.018
0	-0.014	0.092	0.019
0	-0.011	0.093	0.019
0	-0.009	0.094	0.019
0	-0.007	0.095	0.019
0	-0.007	0.095	0.019
0	-0.005	0.097	0.018
0	-0.003	0.098	0.018
0	-0.003	0.098	0.018
0	-0.001	0.099	0.018
0	0.001	0.100	0.017
0	0.001	0.100	0.017
0	0.003	0.101	0.017
0	0.003	0.101	0.017
0	0.005	0.102	0.016
0	0.007	0.103	0.015
0	0.007	0.103	0.015
0	0.009	0.104	0.014
0	0.010	0.105	0.013
0	0.010	0.105	0.013
0	0.012	0.106	0.012
0	0.012	0.106	0.012
0	0.013	0.107	0.011
0	0.014	0.107	0.010
0	0.015	0.108	0.010
0	0.015	0.108	0.008
0	0.015	0.108	0.008
0	0.016	0.108	0.007
0	0.017	0.109	0.006
0	0.017	0.109	0.005
1	0.018	0.109	0.004
1	0.018	0.109	0.004
1	0.018	0.109	0.003
1	0.018	0.109	0.001
1	0.018	0.109	0.000
1	0.017	0.110	0.000
1	0.015	0.109	0.000
1	0.014	0.109	0.000
1	0.013	0.108	0.000
1	0.010	0.107	0.000
1	0.010	0.106	0.000
1	0.009	0.105	0.000
1	0.007	0.104	0.000
1	0.006	0.104	0.000
1	0.005	0.103	0.000
1	0.003	0.102	0.000
1	0.002	0.102	0.000
1	0.001	0.101	0.000
1	-0.001	0.100	0.000
1	-0.002	0.100	0.000
1	-0.003	0.099	0.000
1	-0.005	0.098	0.000
1	-0.007	0.097	0.000
1	-0.008	0.096	0.000
1	-0.009	0.096	0.000
1	-0.011	0.094	0.000
1	-0.011	0.094	0.000
1	-0.016	0.092	0.000
1	-0.016	0.092	0.000
1	-0.017	0.091	0.000
1	-0.019	0.090	0.000
1	-0.022	0.089	0.000
1	-0.021	0.089	0.000
1	-0.023	0.088	0.000
1	-0.026	0.087	0.000
1	-0.026	0.086	0.000
1	-0.027	0.086	0.000
1	-0.030	0.084	0.000
1	-0.032	0.083	0.000
1	-0.032	0.083	0.000
1	-0.033	0.082	0.000
1	-0.034	0.082	0.000
1	-0.035	0.081	0.000
1	-0.037	0.080	0.000
1	-0.037	0.080	0.000
1	-0.037	0.080	0.000
1	-0.037	0.079	0.000
1	-0.037	0.079	0.001
1	-0.037	0.079	0.002
1	-0.036	0.079	0.004
0	-0.035	0.080	0.005
0	-0.034	0.080	0.006
0	-0.033	0.081	0.008
0	-0.031	0.082	0.009
0	-0.030	0.083	0.011
0	-0.030	0.083	0.011
0	-0.028	0.084	0.012
0	-0.028	0.084	0.012
0	-0.026	0.085	0.013
0	-0.024	0.086	0.014
0	-0.021	0.087	0.015
0	-0.021	0.088	0.015
0	-0.019	0.089	0.016
0	-0.016	0.090	0.017
0	-0.016	0.090	0.017
0	-0.013	0.092	0.017
0	-0.010	0.093	0.018
0	-0.010	0.094	0.018
0	-0.008	0.095	0.018
0	-0.005	0.097	0.019
0	-0.002	0.098	0.019
0	-0.000	0.099	0.019
0	0.001	0.100	0.019
0	0.004	0.102	0.019
0	0.005	0.102	0.019
0	0.007	0.103	0.019
0	0.008	0.104	0.019
0	0.010	0.105	0.018
0	0.013	0.107	0.018
0	0.016	0.108	0.017
0	0.019	0.110	0.017
0	0.019	0.110	0.017
0	0.022	0.111	0.016
0	0.024	0.113	0.015
0	0.025	0.114	0.015
0	0.026	0.114	0.014
0	0.029	0.115	0.013
0	0.029	0.116	0.013
0	0.031	0.117	0.012
0	0.033	0.118	0.011
0	0.033	0.118	0.011
0	0.034	0.119	0.010
0	0.036	0.120	0.009
0	0.036	0.120	0.008
0	0.037	0.120	0.007
0	0.038	0.121	0.006
0	0.038	0.121	0.006
1	0.039	0.121	0.004
1	0.040	0.122	0.003
1	0.040	0.122	0.003
1	0.040	0.122	0.001
1	0.040	0.122	0.000
1	0.039	0.122	0.000
1	0.037	0.121	0.000
1	0.037	0.121	0.000
1	0.035	0.120	0.000
1	0.033	0.119	0.000
1	0.032	0.119	0.000
1	0.031	0.118	0.000
1	0.031	0.118	0.000
1	0.029	0.117	0.000
1	0.027	0.116	0.000
1	0.027	0.116	0.000
1	0.025	0.115	0.000
1	0.023	0.114	0.000
1	0.021	0.113	0.000
1	0.021	0.113	0.000
1	0.019	0.112	0.000
1	0.019	0.111	0.000
1	0.017	0.110	0.000
1	0.015	0.109	0.000
1	0.013	0.108	0.000
1	0.014	0.109	0.000
1	0.011	0.107	0.000
1	0.009	0.106	0.000
1	0.009	0.106	0.000
1	0.007	0.105	0.000
1	0.005	0.104	0.000
1	0.005	0.104	0.000
1	0.003	0.103	0.000
1	0.003	0.102	0.000
1	0.001	0.101	0.000
1	-0.001	0.100	0.000
1	-0.003	0.099	0.000
1	-0.005	0.098	0.000
1	-0.007	0.097	0.000
1	-0.009	0.096	0.000
1	-0.011	0.095	0.000
1	-0.013	0.094	0.000
1	-0.013	0.094	0.000
1	-0.015	0.093	0.000
1	-0.017	0.091	0.000
1	-0.017	0.091	0.000
1	-0.019	0.090	0.000
1	-0.021	0.089	0.000
1	-0.021	0.089	0.000
1	-0.023	0.088	0.000
1	-0.025	0.087	0.000
1	-0.027	0.086	0.000
1	-0.027	0.086	0.000
1	-0.029	0.085	0.000
1	-0.031	0.084	0.000
1	-0.033	0.083	0.000
1	-0.033	0.082	0.000
1	-0.035	0.081	0.000
1	-0.036	0.080	0.000
1	-0.036	0.079	0.000
1	-0.036	0.079	0.001
1	-0.036	0.079	0.001
1	-0.036	0.079	0.002
1	-0.035	0.079	0.004
1	-0.035	0.079	0.004
0	-0.035	0.080	0.005
0	-0.034	0.080	0.007
0	-0.032	0.081	0.008
0	-0.032	0.081	0.008
0	-0.031	0.082	0.009
0	-0.029	0.083	0.011
0	-0.027	0.084	0.012
0	-0.027	0.084	0.012
0	-0.025	0.085	0.013
0	-0.023	0.086	0.014
0	-0.021	0.088	0.015
0	-0.021	0.088	0.015
0	-0.018	0.089	0.016
0	-0.018	0.089	0.016
0	-0.016	0.090	0.017
0	-0.013	0.092	0.017
0	-0.010	0.094	0.018
0	-0.010	0.094	0.018
0	-0.007	0.095	0.018
0	-0.004	0.097	0.019
0	-0.004	0.097	0.019
0	-0.001	0.099	0.019
0	0.002	0.100	0.019
0	0.005	0.102	0.019
0	0.005	0.102	0.019
0	0.008	0.104	0.018
0	0.011	0.105	0.018
0	0.011	0.105	0.018
0	0.014	0.107	0.018
0	0.014	0.107	0.018
0	0.018	0.109	0.017
0	0.019	0.110	0.017
0	0.019	0.110	0.017
0	0.022	0.112	0.016
0	0.024	0.113	0.015
0	0.027	0.114	0.014
0	0.027	0.114	0.014
0	0.029	0.116	0.013
0	0.029	0.116	0.013
0	0.031	0.117	0.012
0	0.033	0.118	0.011
0	0.033	0.118	0.011
0	0.034	0.119	0.010
0	0.036	0.120	0.009
0	0.036	0.120	0.008
0	0.037	0.120	0.007
0	0.038	0.121	0.007
0	0.038	0.121	0.006
1	0.039	0.121	0.004
1	0.039	0.121	0.004
1	0.040	0.122	0.003
1	0.040	0.122	0.003
1	0.040	0.122	0.000
1	0.039	0.122	0.000
1	0.039	0.122	0.000
1	0.037	0.121	0.000
1	0.035	0.120	0.000
1	0.035	0.121	0.000
1	0.033	0.119	0.000
1	0.033	0.120	0.000
1	0.031	0.118	0.000
1	0.029	0.117	0.000
1	0.029	0.117	0.000
1	0.027	0.116	0.000
1	0.025	0.115	0.000
1	0.025	0.115	0.000
1	0.023	0.114	0.000
1	0.023	0.114	0.000
1	0.021	0.113	0.000
1	0.021	0.113	0.000
1	0.017	0.110	0.000
1	0.017	0.110	0.000
1	0.015	0.109	0.000
1	0.015	0.109	0.000
1	0.013	0.108	0.000
1	0.011	0.107	0.000
1	0.009	0.106	0.000
1	0.007	0.105	0.000
1	0.007	0.105	0.000
1	0.005	0.104	0.000
1	0.003	0.103	0.000
1	0.003	0.102	0.000
1	0.001	0.102	0.000
1	-0.001	0.100	0.000
1	-0.001	0.100	0.000
1	-0.003	0.099	0.000
1	-0.005	0.098	0.000
1	-0.005	0.098	0.000
1	-0.007	0.097	0.000
1	-0.006	0.097	0.000
1	-0.009	0.096	0.000
1	-0.011	0.095	0.000
1	-0.011	0.095	0.000
1	-0.013	0.094	0.000
1	-0.013	0.094	0.000
1	-0.015	0.093	0.000
1	-0.017	0.092	0.000
1	-0.017	0.091	0.000
1	-0.019	0.090	0.000
1	-0.019	0.090	0.000
1	-0.021	0.089	0.000
1	-0.021	0.089	0.000
1	-0.021	0.089	0.000
1	-0.023	0.088	0.000
1	-0.025	0.087	0.000
1	-0.025	0.087	0.000
1	-0.025	0.087	0.000
1	-0.029	0.085	0.000
1	-0.029	0.085	0.000
1	-0.031	0.084	0.000
1	-0.031	0.084	0.000
1	-0.033	0.083	0.000
1	-0.035	0.081	0.000
1	-0.035	0.081	0.000
1	-0.036	0.080	0.000
1	-0.036	0.079	0.000
1	-0.036	0.079	0.001
1	-0.036	0.079	0.001
1	-0.036	0.079	0.002
1	-0.036	0.079	0.002
1	-0.036	0.079	0.002
1	-0.035	0.079	0.004
1	-0.035	0.079	0.004
0	-0.035	0.080	0.005
0	-0.035	0.080	0.005
0	-0.034	0.080	0.007
0	-0.034	0.081	0.007
0	-0.032	0.081	0.008
0	-0.032	0.081	0.008
0	-0.031	0.082	0.009
0	-0.029	0.083	0.011
0	-0.029	0.083	0.011
0	-0.027	0.084	0.012
0	-0.027	0.084	0.012
0	-0.027	0.084	0.012
0	-0.025	0.085	0.013
0	-0.025	0.085	0.013
0	-0.023	0.086	0.014
0	-0.023	0.086	0.014
0	-0.021	0.088	0.015
0	-0.021	0.088	0.015
0	-0.018	0.089	0.016
0	-0.016	0.090	0.017
0	-0.015	0.091	0.017
0	-0.013	0.092	0.017
0	-0.013	0.092	0.017
0	-0.009	0.094	0.018
0	-0.009	0.094	0.018
0	-0.007	0.095	0.018
0	-0.004	0.097	0.019
0	-0.001	0.099	0.019
0	-0.001	0.099	0.019
0	0.002	0.100	0.019
0	0.002	0.100	0.019
0	0.005	0.102	0.019
0	0.008	0.104	0.019
0	0.008	0.104	0.019
0	0.011	0.105	0.018
0	0.013	0.107	0.018
0	0.018	0.110	0.017
0	0.019	0.110	0.017
0	0.022	0.112	0.016
0	0.024	0.113	0.015
0	0.027	0.114	0.014
0	0.029	0.116	0.013
0	0.031	0.117	0.012
0	0.031	0.117	0.012
0	0.033	0.118	0.011
0	0.034	0.119	0.010
0	0.036	0.120	0.009
0	0.036	0.120	0.008
0	0.037	0.120	0.007
0	0.038	0.121	0.006
1	0.039	0.121	0.004
1	0.039	0.121	0.004
1	0.040	0.122	0.003
1	0.040	0.122	0.001
1	0.040	0.122	0.001
1	0.040	0.122	0.000
1	0.039	0.122	0.000
1	0.037	0.121	0.000
1	0.035	0.120	0.000
1	0.034	0.120	0.000
1	0.033	0.119	0.000
1	0.031	0.118	0.000
1	0.030	0.118	0.000
1	0.029	0.117	0.000
1	0.027	0.116	0.000
1	0.027	0.116	0.000
1	0.025	0.115	0.000
1	0.023	0.114	0.000
1	0.021	0.112	0.000
1	0.021	0.112	0.000
1	0.019	0.111	0.000
1	0.017	0.110	0.000
1	0.015	0.109	0.000
1	0.015	0.109	0.000
1	0.013	0.108	0.000
1	0.011	0.107	0.000
1	0.009	0.106	0.000
1	0.007	0.105	0.000
1	0.005	0.104	0.000
1	0.003	0.102	0.000
1	0.003	0.102	0.000
1	0.001	0.101	0.000
1	-0.001	0.100	0.000
1	-0.003	0.099	0.000
1	-0.005	0.098	0.000
1	-0.005	0.098	0.000
1	-0.007	0.097	0.000
1	-0.009	0.096	0.000
1	-0.009	0.096	0.000
1	-0.011	0.095	0.000
1	-0.011	0.095	0.000
1	-0.013	0.094	0.000
1	-0.015	0.093	0.000
1	-0.017	0.091	0.000
1	-0.017	0.091	0.000
1	-0.019	0.090	0.000
1	-0.021	0.089	0.000
1	-0.021	0.089	0.000
1	-0.023	0.088	0.000
1	-0.025	0.087	0.000
1	-0.025	0.087	0.000
1	-0.027	0.086	0.000
1	-0.029	0.085	0.000
1	-0.029	0.085	0.000
1	-0.031	0.084	0.000
1	-0.033	0.083	0.000
1	-0.033	0.082	0.000
1	-0.035	0.081	0.000
1	-0.036	0.080	0.000
1	-0.037	0.080	0.000
1	-0.037	0.079	0.000
1	-0.036	0.079	0.001
1	-0.036	0.079	0.002
1	-0.035	0.079	0.004
1	-0.035	0.079	0.004
0	-0.035	0.080	0.005
0	-0.034	0.080	0.007
0	-0.033	0.081	0.007
0	-0.032	0.081	0.008
0	-0.031	0.082	0.009
0	-0.029	0.083	0.011
0	-0.029	0.083	0.011
0	-0.027	0.084	0.012
0	-0.025	0.085	0.013
0	-0.023	0.086	0.014
0	-0.023	0.086	0.014
0	-0.021	0.088	0.015
0	-0.018	0.089	0.016
0	-0.016	0.091	0.017
0	-0.015	0.091	0.017
0	-0.013	0.092	0.017
0	-0.010	0.094	0.018
0	-0.010	0.094	0.018
0	-0.007	0.095	0.018
0	-0.004	0.097	0.019
0	-0.004	0.097	0.019
0	-0.001	0.099	0.019
0	0.002	0.100	0.019
0	0.002	0.100	0.019
0	0.005	0.102	0.019
0	0.008	0.104	0.019
0	0.008	0.104	0.019
0	0.011	0.105	0.018
0	0.013	0.107	0.018
0	0.014	0.107	0.018
0	0.016	0.108	0.017
0	0.019	0.110	0.017
0	0.019	0.110	0.017
0	0.022	0.112	0.016
0	0.024	0.113	0.015
0	0.024	0.113	0.015
0	0.027	0.114	0.014
0	0.029	0.116	0.013
0	0.031	0.117	0.012
0	0.033	0.118	0.011
0	0.033	0.118	0.011
0	0.034	0.119	0.010
0	0.036	0.120	0.009
0	0.036	0.120	0.008
0	0.037	0.120	0.007
0	0.038	0.121	0.006
1	0.039	0.121	0.004
1	0.039	0.121	0.004
1	0.040	0.122	0.003
1	0.040	0.122	0.001
1	0.040	0.122	0.000
1	0.039	0.122	0.000
1	0.039	0.122	0.000
1	0.037	0.121	0.000
1	0.035	0.120	0.000
1	0.033	0.119	0.000
1	0.033	0.119	0.000
1	0.031	0.118	0.000
1	0.031	0.118	0.000
1	0.029	0.117	0.000
1	0.027	0.116	0.000
1	0.025	0.115	0.000
1	0.025	0.115	0.000
1	0.023	0.114	0.000
1	0.021	0.112	0.000
1	0.019	0.111	0.000
1	0.019	0.111	0.000
1	0.017	0.110	0.000
1	0.015	0.109	0.000
1	0.015	0.109	0.000
1	0.013	0.108	0.000
1	0.011	0.107	0.000
1	0.011	0.107	0.000
1	0.009	0.106	0.000
1	0.007	0.105	0.000
1	0.005	0.104	0.000
1	0.003	0.102	0.000
1	0.001	0.101	0.000
1	-0.001	0.100	0.000
1	-0.001	0.100	0.000
1	-0.005	0.098	0.000
1	-0.007	0.097	0.000
1	-0.009	0.096	0.000
1	-0.009	0.096	0.000
1	-0.011	0.095	0.000
1	-0.013	0.094	0.000
1	-0.013	0.093	0.000
1	-0.015	0.092	0.000
1	-0.017	0.091	0.000
1	-0.017	0.091	0.000
1	-0.019	0.090	0.000
1	-0.021	0.089	0.000
1	-0.021	0.089	0.000
1	-0.023	0.088	0.000
1	-0.025	0.087	0.000
1	-0.027	0.086	0.000
1	-0.027	0.085	0.000
1	-0.029	0.085	0.000
1	-0.031	0.083	0.000
1	-0.031	0.083	0.000
1	-0.033	0.082	0.000
1	-0.033	0.082	0.000
1	-0.035	0.081	0.000
1	-0.036	0.080	0.000
1	-0.037	0.080	0.000
1	-0.036	0.079	0.000
1	-0.036	0.079	0.001
1	-0.036	0.079	0.001
1	-0.036	0.079	0.002
1	-0.035	0.079	0.004
0	-0.035	0.080	0.005
0	-0.034	0.080	0.007
0	-0.032	0.081	0.008
0	-0.032	0.081	0.008
0	-0.031	0.082	0.009
0	-0.029	0.083	0.011
0	-0.027	0.084	0.012
0	-0.025	0.085	0.013
0	-0.023	0.086	0.014
0	-0.021	0.088	0.015
0	-0.021	0.088	0.015
0	-0.018	0.089	0.016
0	-0.016	0.090	0.017
0	-0.015	0.091	0.017
0	-0.013	0.092	0.017
0	-0.013	0.092	0.017
0	-0.010	0.094	0.018
0	-0.007	0.095	0.018
0	-0.007	0.095	0.018
0	-0.004	0.097	0.019
0	-0.001	0.099	0.019
0	-0.001	0.099	0.019
0	0.002	0.100	0.019
0	0.005	0.102	0.019
0	0.005	0.102	0.019
0	0.008	0.104	0.019
0	0.011	0.105	0.018
0	0.011	0.105	0.018
0	0.014	0.107	0.018
0	0.014	0.107	0.018
0	0.016	0.108	0.017
0	0.019	0.110	0.017
0	0.019	0.110	0.017
0	0.022	0.112	0.016
0	0.024	0.113	0.015
0	0.027	0.114	0.014
0	0.027	0.114	0.014
0	0.029	0.116	0.013
0	0.031	0.117	0.012
0	0.031	0.117	0.012
0	0.033	0.118	0.011
0	0.033	0.118	0.011
0	0.034	0.119	0.010
0	0.036	0.120	0.009
0	0.036	0.120	0.008
0	0.037	0.120	0.007
0	0.037	0.120	0.007
0	0.038	0.121	0.006
1	0.039	0.121	0.004
1	0.039	0.121	0.004
1	0.040	0.122	0.003
1	0.040	0.122	0.003
1	0.040	0.122	0.000
1	0.039	0.122	0.000
1	0.037	0.121	0.000
1	0.035	0.120	0.000
1	0.035	0.120	0.000
1	0.033	0.119	0.000
1	0.033	0.119	0.000
1	0.031	0.118	0.000
1	0.029	0.117	0.000
1	0.029	0.117	0.000
1	0.027	0.116	0.000
1	0.027	0.116	0.000
1	0.025	0.115	0.000
1	0.023	0.114	0.000
1	0.023	0.113	0.000
1	0.021	0.113	0.000
1	0.019	0.111	0.000
1	0.019	0.111	0.000
1	0.017	0.110	0.000
1	0.015	0.109	0.000
1	0.013	0.108	0.000
1	0.013	0.108	0.000
1	0.011	0.107	0.000
1	0.009	0.106	0.000
1	0.009	0.106	0.000
1	0.007	0.105	0.000
1	0.005	0.104	0.000
1	0.005	0.103	0.000
1	0.003	0.103	0.000
1	0.003	0.102	0.000
1	0.001	0.101	0.000
1	-0.001	0.100	0.000
1	-0.001	0.100	0.000
1	-0.003	0.099	0.000
1	-0.005	0.098	0.000
1	-0.005	0.098	0.000
1	-0.007	0.097	0.000
1	-0.009	0.096	0.000
1	-0.011	0.095	0.000
1	-0.011	0.095	0.000
1	-0.013	0.094	0.000
1	-0.013	0.093	0.000
1	-0.013	0.093	0.000
1	-0.017	0.091	0.000
1	-0.016	0.092	0.000
1	-0.019	0.090	0.000
1	-0.021	0.089	0.000
1	-0.021	0.089	0.000
1	-0.023	0.088	0.000
1	-0.023	0.088	0.000
1	-0.025	0.087	0.000
1	-0.027	0.086	0.000
1	-0.027	0.086	0.000
1	-0.029	0.085	0.000
1	-0.031	0.084	0.000
1	-0.030	0.084	0.000
1	-0.033	0.082	0.000
1	-0.033	0.082	0.000
1	-0.037	0.080	0.000
1	-0.037	0.080	0.000
1	-0.037	0.079	0.000
1	-0.036	0.079	0.001
1	-0.036	0.079	0.001
1	-0.036	0.079	0.002
1	-0.036	0.080	0.004
1	-0.036	0.080	0.004
0	-0.035	0.080	0.005
0	-0.034	0.081	0.007
0	-0.034	0.081	0.007
0	-0.033	0.082	0.008
0	-0.032	0.084	0.009
0	-0.031	0.084	0.009
0	-0.031	0.085	0.011
0	-0.030	0.086	0.011
0	-0.029	0.087	0.012
0	-0.027	0.088	0.013
0	-0.026	0.089	0.013
0	-0.026	0.090	0.014
0	-0.024	0.092	0.015
0	-0.023	0.093	0.015
0	-0.022	0.095	0.016
0	-0.021	0.095	0.016
0	-0.018	0.097	0.017
0	-0.017	0.099	0.017
0	-0.017	0.099	0.017
0	-0.015	0.102	0.018
0	-0.013	0.104	0.018
0	-0.012	0.104	0.018
0	-0.010	0.107	0.019
0	-0.010	0.107	0.019
0	-0.008	0.109	0.019
0	-0.005	0.112	0.019
0	-0.005	0.112	0.019
0	-0.003	0.114	0.019
0	-0.003	0.115	0.019
0	-0.000	0.117	0.019
0	0.002	0.120	0.018
0	0.002	0.120	0.018
0	0.006	0.123	0.018
0	0.007	0.125	0.017
0	0.007	0.125	0.017
0	0.009	0.127	0.017
0	0.011	0.129	0.016
0	0.011	0.130	0.016
0	0.013	0.131	0.015
0	0.013	0.132	0.015
0	0.015	0.134	0.014
0	0.017	0.135	0.013
0	0.017	0.136	0.013
0	0.018	0.137	0.012
0	0.019	0.137	0.012
0	0.020	0.139	0.011
0	0.021	0.140	0.010
0	0.022	0.141	0.010
0	0.023	0.142	0.009
0	0.023	0.142	0.008
0	0.024	0.143	0.007
0	0.025	0.144	0.006
0	0.025	0.144	0.006
1	0.025	0.144	0.004
1	0.026	0.145	0.003
1	0.026	0.145	0.003
1	0.026	0.145	0.001
1	0.026	0.145	0.001
1	0.026	0.146	0.001
1	0.025	0.146	0.001
1	0.023	0.145	0.001
1	0.022	0.145	0.001
1	0.021	0.144	0.001
1	0.019	0.143	0.001
1	0.018	0.143	0.001
1	0.017	0.142	0.001
1	0.015	0.141	0.001
1	0.014	0.141	0.001
1	0.013	0.140	0.001
1	0.012	0.140	0.001
1	0.011	0.139	0.001
1	0.009	0.138	0.001
1	0.008	0.137	0.001
1	0.007	0.137	0.001
1	0.005	0.135	0.001
1	0.004	0.135	0.001
1	0.003	0.134	0.001
1	0.001	0.133	0.000
1	0.000	0.133	0.000
1	-0.001	0.132	0.000
1	-0.003	0.131	0.000
1	-0.003	0.131	0.000
1	-0.005	0.130	0.000
1	-0.005	0.130	0.000
1	-0.007	0.129	0.000
1	-0.009	0.128	0.000
1	-0.010	0.127	0.000
1	-0.011	0.127	0.000
1	-0.013	0.125	0.000
1	-0.015	0.124	0.000
1	-0.015	0.124	0.000
1	-0.017	0.123	0.000
1	-0.019	0.122	0.000
1	-0.020	0.122	0.000
1	-0.021	0.121	0.000
1	-0.021	0.121	0.000
1	-0.023	0.120	0.000
1	-0.023	0.120	0.000
1	-0.025	0.119	0.000
1	-0.027	0.118	0.000
1	-0.027	0.117	0.000
1	-0.031	0.115	0.000
1	-0.032	0.115	0.000
1	-0.033	0.114	0.000
1	-0.033	0.114	0.000
1	-0.035	0.113	0.000
1	-0.037	0.112	0.000
1	-0.038	0.112	0.000
1	-0.039	0.111	0.000
1	-0.041	0.110	0.000
1	-0.043	0.109	0.000
1	-0.044	0.109	0.000
1	-0.045	0.108	0.000
1	-0.046	0.107	0.000
1	-0.047	0.106	0.000
1	-0.049	0.105	0.000
1	-0.049	0.105	0.000
1	-0.051	0.103	0.000
1	-0.051	0.103	0.000
1	-0.051	0.102	0.000
1	-0.050	0.102	0.001
1	-0.050	0.102	0.002
1	-0.050	0.102	0.002
1	-0.049	0.102	0.004
0	-0.048	0.103	0.005
0	-0.048	0.103	0.005
0	-0.047	0.103	0.007
0	-0.046	0.103	0.008
0	-0.045	0.103	0.008
