0	0	0	0.048120714724064	-0.22189991176128	0.0017993077635765	5.2511692047119e-05	0.089010834693909	-0.11110073328018
0.0029285466298461	-0.5336040854454	-0.5422625541687	0.045548509806395	-0.23562130331993	0.015906348824501	0.00021674484014511	0.079666167497635	-0.081383660435677
0.014431998133659	-0.21173873543739	-0.50926315784454	0.046359449625015	-0.26629191637039	0.0043100565671921	-0.0001695305109024	0.054740339517593	-0.09442562609911
0.015578282997012	-0.20856501162052	-0.50754791498184	0.046937167644501	-0.27164888381958	0.0016217157244682	-0.00042079761624336	0.053975194692612	-0.095170520246029
0.014614760875702	-0.23394249379635	-0.51257961988449	0.046884544193745	-0.26991122961044	0.0030164122581482	-0.00048530101776123	0.055917024612427	-0.09423116594553
0.0135394083336	-0.26165267825127	-0.52009212970734	0.046620219945908	-0.26657277345657	0.0042344555258751	-0.00047378242015839	0.05772739648819	-0.093205705285072
0.012497563846409	-0.28933835029602	-0.52827990055084	0.046483501791954	-0.2631256878376	0.0053124353289604	-0.00043933093547821	0.059393346309662	-0.092158354818821
0.011555089615285	-0.31669744849205	-0.53605878353119	0.046391792595387	-0.25971487164497	0.0063877627253532	-0.00040493160486221	0.061042040586472	-0.091100811958313
0.010704738087952	-0.34353324770927	-0.54271215200424	0.046275150030851	-0.25627815723419	0.0074428096413612	-0.00037309899926186	0.062735587358475	-0.090059824287891
0.0098733874037862	-0.36960986256599	-0.54774165153503	0.046160873025656	-0.25275814533234	0.0084707289934158	-0.00033885985612869	0.064507395029068	-0.08904629945755
0.0090576102957129	-0.39464771747589	-0.55078423023224	0.046051844954491	-0.24913460016251	0.0094569250941277	-0.00030306726694107	0.066378116607666	-0.088070333003998
0.0082440981641412	-0.41837656497955	-0.55157196521759	0.045933172106743	-0.24538421630859	0.010414607822895	-0.00026489794254303	0.068362832069397	-0.087132759392262
0.0074454811401665	-0.44049602746964	-0.54990655183792	0.045816212892532	-0.24151973426342	0.011286705732346	-0.00022298842668533	0.070451706647873	-0.086259782314301
0.0066826893016696	-0.46071600914001	-0.54564034938812	0.045688055455685	-0.23751221597195	0.012109458446503	-0.00018387287855148	0.072647050023079	-0.085445679724216
0.0059186411090195	-0.47879600524902	-0.53867089748383	0.045578584074974	-0.23338253796101	0.012868121266365	-0.00014014914631844	0.074945718050003	-0.084694750607014
0.0051637021824718	-0.49451231956482	-0.52893686294556	0.04547381401062	-0.22914849221706	0.013557724654675	-9.2335045337677e-05	0.077341824769974	-0.08400884270668
0.0044465898536146	-0.50767397880554	-0.51641309261322	0.045368302613497	-0.22482292354107	0.014163576066494	-4.4450163841248e-05	0.079822242259979	-0.083398543298244
0.0037472699768841	-0.51813971996307	-0.50110685825348	0.045263826847076	-0.2204023450613	0.014715127646923	4.1089951992035e-06	0.082386076450348	-0.0828512981534
0.0030750678852201	-0.525819003582	-0.48305889964104	0.045162376016378	-0.21590267121792	0.015192799270153	5.3573399782181e-05	0.085020527243614	-0.082376681268215
0.0024298997595906	-0.53065913915634	-0.46233725547791	0.045065131038427	-0.21133621037006	0.015592843294144	0.00010375306010246	0.087714746594429	-0.08197795599699
0.0018131079850718	-0.53265392780304	-0.43903389573097	0.044973067939281	-0.20671319961548	0.01591420173645	0.00015522539615631	0.090458109974861	-0.081656485795975
0.0012262361124158	-0.53183418512344	-0.41326254606247	0.044893503189087	-0.20204290747643	0.016153067350388	0.00020849332213402	0.093240112066269	-0.081414185464382
0.00066003139363602	-0.52826488018036	-0.38515335321426	0.044832967221737	-0.19733460247517	0.016311831772327	0.00026236847043037	0.096049651503563	-0.081250101327896
0.00013218297681306	-0.52203738689423	-0.35484853386879	0.04477109387517	-0.19260296225548	0.016391113400459	0.00031475350260735	0.09887620806694	-0.081166036427021
-0.00036273142904975	-0.5132662653923	-0.3225025832653	0.044705212116241	-0.18786303699017	0.016387611627579	0.00036600232124329	0.10170814394951	-0.081162862479687
-0.00082937156548724	-0.50208270549774	-0.28827485442162	0.04463766887784	-0.18312640488148	0.016303494572639	0.00041718780994415	0.1045345813036	-0.081239610910416
-0.0012730457819998	-0.4886280298233	-0.25232926011086	0.044572662562132	-0.17839893698692	0.016136929392815	0.00046904012560844	0.10734468698502	-0.081396363675594
-0.0016916895983741	-0.47305297851562	-0.21483315527439	0.044512622058392	-0.17369310557842	0.015891306102276	0.00052071362733841	0.1101276576519	-0.081630431115627
-0.0020859860815108	-0.45551204681396	-0.17595495283604	0.044455870985985	-0.16902194917202	0.015565723180771	0.00057238340377808	0.11287239193916	-0.081943020224571
-0.0024522074963897	-0.43616282939911	-0.13586336374283	0.044398762285709	-0.16439899802208	0.015161849558353	0.00062277540564537	0.11556801199913	-0.082331880927086
-0.0027931157965213	-0.41516160964966	-0.094727531075478	0.044343374669552	-0.15983594954014	0.014681369066238	0.00067212805151939	0.11820408701897	-0.082795202732086
-0.0031099894549698	-0.39266410470009	-0.052715688943863	0.044288791716099	-0.15534566342831	0.014123190194368	0.00071970745921135	0.12077039480209	-0.083330877125263
-0.0034071081317961	-0.36882463097572	-0.0099967895075679	0.044237092137337	-0.15093311667442	0.01348865032196	0.00076725706458092	0.12325729429722	-0.083936363458633
-0.0036816957872361	-0.34379503130913	0.033259797841311	0.044188410043716	-0.14661541581154	0.012777201831341	0.00081311166286469	0.12565457820892	-0.084609821438789
-0.0039326171390712	-0.31772527098656	0.076882801949978	0.044138118624687	-0.14240120351315	0.011999733746052	0.00085704401135445	0.12795300781727	-0.085348360240459
-0.0041640680283308	-0.29076433181763	0.12069929391146	0.044088087975979	-0.13829843699932	0.011157710105181	0.00089943036437035	0.1301439255476	-0.086148515343666
-0.0043770801275969	-0.26306003332138	0.16453172266483	0.044040061533451	-0.13431596755981	0.010252770036459	0.00094037875533104	0.13221874833107	-0.087006598711014
-0.0045707770623267	-0.23476001620293	0.20819762349129	0.043992437422276	-0.13046126067638	0.0092890858650208	0.00097945332527161	0.1341692507267	-0.087919741868973
-0.0047460808418691	-0.20601265132427	0.25151008367538	0.043945252895355	-0.1267421990633	0.0082707330584526	0.0010167397558689	0.13598808646202	-0.088883943855762
-0.0049036960117519	-0.17696967720985	0.29427236318588	0.043898746371269	-0.12316638976336	0.0072013959288597	0.0010517202317715	0.13766795396805	-0.089895248413086
-0.0050431070849299	-0.14778290688992	0.33628183603287	0.043853409588337	-0.1197409927845	0.0060848705470562	0.001084353774786	0.13920232653618	-0.090949758887291
-0.0051665264181793	-0.11861168593168	0.37732195854187	0.043809689581394	-0.11647207289934	0.0049249604344368	0.0011149682104588	0.14058549702168	-0.092043399810791
-0.0052718697115779	-0.089617654681206	0.41716971993446	0.043769814074039	-0.11336778104305	0.0037259384989738	0.0011426992714405	0.14181196689606	-0.093171522021294
-0.0053633633069694	-0.060968711972237	0.45558720827103	0.043733634054661	-0.11043179780245	0.0024922788143158	0.0011684969067574	0.14287714660168	-0.094329871237278
-0.0052775447256863	-0.032839488238096	0.49269208312035	0.04362165927887	-0.10761399567127	0.0013851299881935	0.0011320598423481	0.14384913444519	-0.095537662506104
-0.0052440799772739	-0.0054089366458356	0.52739316225052	0.043637402355671	-0.1054312735796	0.0014119148254395	0.0010914728045464	0.14475470781326	-0.096448317170143
-0.0051040952093899	0.02113900706172	0.55978858470917	0.043662145733833	-0.10415937751532	0.0014332570135593	0.0010130703449249	0.14548119902611	-0.097362175583839
-0.0051088011823595	0.046617638319731	0.59002274274826	0.043445453047752	-0.10287206619978	0.0014536567032337	0.0010174512863159	0.14612844586372	-0.098238259553909
-0.0050950492732227	0.070840187370777	0.61786293983459	0.043047219514847	-0.10171722620726	0.001473531126976	0.00098168104887009	0.14673653244972	-0.098958097398281
-0.0051238080486655	0.093625627458096	0.64255493879318	0.042751535773277	-0.10080667585135	0.0014885887503624	0.00090257450938225	0.14721749722958	-0.099572874605656
-0.005534649360925	0.072016648948193	0.599968791008	0.042985528707504	-0.10148626565933	0.0014475025236607	0.0010171830654144	0.14581808447838	-0.098860964179039
-0.0051406994462013	0.049997910857201	0.55586314201355	0.043281018733978	-0.10244700312614	0.0013931542634964	0.00095101445913315	0.14382919669151	-0.098816655576229
-0.0048401579260826	0.030460100620985	0.51507133245468	0.043578788638115	-0.10323239117861	0.0013364814221859	0.0008552186191082	0.14165990054607	-0.09892226010561
-0.0046025216579437	0.012960741296411	0.47780191898346	0.043830066919327	-0.1036883443594	0.001282773911953	0.00078769028186798	0.13965952396393	-0.098952561616898
-0.0044061271473765	-0.0029897743370384	0.44308069348335	0.044023521244526	-0.10403293371201	0.0012319944798946	0.00074243545532227	0.13776877522469	-0.098954163491726
-0.004226291552186	-0.017726965248585	0.41017806529999	0.044211484491825	-0.10437159240246	0.0011829994618893	0.00070782750844955	0.13592590391636	-0.098956003785133
-0.0040384475141764	-0.031471017748117	0.37867069244385	0.044399000704288	-0.10470942407846	0.0011343769729137	0.00067270174622536	0.13410007953644	-0.098965100944042
-0.0038511597085744	-0.044367626309395	0.3483202457428	0.044586099684238	-0.10504200309515	0.0010865852236748	0.00063833966851234	0.13228340446949	-0.098978579044342
-0.003662076080218	-0.056517418473959	0.31896832585335	0.04477196931839	-0.10536949336529	0.0010392554104328	0.00060462951660156	0.13047255575657	-0.098994486033916
-0.0034712322521955	-0.067988850176334	0.29050153493881	0.044958017766476	-0.10569334775209	0.00099212676286697	0.00057148188352585	0.12866535782814	-0.099011965095997
-0.0032751720864326	-0.078831039369106	0.26283830404282	0.045143805444241	-0.10601555556059	0.00094499439001083	0.00053811073303223	0.12686042487621	-0.099030435085297
-0.0030756164342165	-0.089080035686493	0.23591677844524	0.045327685773373	-0.10633750259876	0.00089841708540916	0.00050485506653786	0.12505619227886	-0.099049240350723
-0.0028850177768618	-0.098763301968575	0.20968501269817	0.045522287487984	-0.10666231811047	0.0008518323302269	0.00047255679965019	0.12325147539377	-0.09906829893589
-0.0026698475703597	-0.1079022064805	0.18411281704903	0.045695498585701	-0.10699485242367	0.00080525875091553	0.00043569877743721	0.12144725769758	-0.09908688813448
-0.0024654834996909	-0.11651260405779	0.15916535258293	0.045854702591896	-0.10731611400843	0.00075912475585938	0.00040807574987411	0.1196433827281	-0.09910649061203
-0.0022388128563762	-0.12460739910603	0.13481739163399	0.046023435890675	-0.10762400925159	0.00071295350790024	0.00037978962063789	0.11784140765667	-0.099126100540161
-0.0019859110470861	-0.13219711184502	0.11104379594326	0.046195238828659	-0.10792917013168	0.00066676735877991	0.00034605711698532	0.11603961884975	-0.099144846200943
-0.0017300595063716	-0.13929069042206	0.087822280824184	0.046370573341846	-0.10823184251785	0.00062069296836853	0.00031254440546036	0.11423702538013	-0.099163450300694
-0.0014685245696455	-0.14589400589466	0.065136983990669	0.046548508107662	-0.10853137075901	0.00057454407215118	0.00027888640761375	0.11243388056755	-0.099182121455669
-0.0011999029666185	-0.15201289951801	0.04297399148345	0.046729817986488	-0.1088273525238	0.00052856653928757	0.00024532154202461	0.11062984913588	-0.099200621247292
-0.00092421320732683	-0.15765064954758	0.02132073789835	0.04691506549716	-0.10911874473095	0.00048249959945679	0.00021178275346756	0.10882529616356	-0.099218934774399
-0.00063769280677661	-0.16281050443649	0.00016738475824241	0.047104027122259	-0.10940475016832	0.00043638795614243	0.00017746910452843	0.10702015459538	-0.099237248301506
-0.0003501228929963	-0.16749382019043	-0.020499162375927	0.047298926860094	-0.10968531668186	0.00039014220237732	0.00014395266771317	0.10521397739649	-0.099255673587322
-6.191276042955e-05	-0.17170202732086	-0.040687672793865	0.047494322061539	-0.10995558649302	0.00034387409687042	0.00011271983385086	0.10340578854084	-0.09927462041378
0.0002388868451817	-0.17543442547321	-0.060400426387787	0.047690473496914	-0.1102139800787	0.00029753893613815	8.1785023212433e-05	0.10159715265036	-0.099293448030949
0.00055693968897685	-0.17869080603123	-0.079641528427601	0.047885213047266	-0.11046219617128	0.00025135278701782	4.8499554395676e-05	0.099786303937435	-0.099315710365772
0.0008639611187391	-0.18146933615208	-0.09824301302433	0.04808508977294	-0.11066848039627	0.00026464462280273	4.7553330659866e-05	0.09803182631731	-0.099311269819736
0.0011811858275905	-0.18376821279526	-0.11658946424723	0.048261284828186	-0.11090512573719	0.00028033554553986	3.0484050512314e-05	0.096232935786247	-0.099328048527241
0.0015543893678114	-0.18558475375175	-0.13451088964939	0.048437599092722	-0.11113296449184	0.00029662251472473	-2.5108456611633e-06	0.094417840242386	-0.099348306655884
0.0019833731930703	-0.18691594898701	-0.15197557210922	0.04863191023469	-0.11133606731892	0.00031225383281708	-5.5983662605286e-05	0.092588044703007	-0.099379234015942
0.0024051945656538	-0.18775835633278	-0.16894502937794	0.048843711614609	-0.11151158809662	0.0003323033452034	-0.00011403113603592	0.090775370597839	-0.099396169185638
0.0027978913858533	-0.18810747563839	-0.1854664683342	0.049060713499784	-0.11168409883976	0.0003502145409584	-0.00015660002827644	0.088957443833351	-0.099419102072716
0.0031949107069522	-0.18795956671238	-0.20154221355915	0.049278698861599	-0.11182079464197	0.00037600845098495	-0.00018622353672981	0.087158091366291	-0.099421016871929
0.0036128684878349	-0.18730908632278	-0.21716818213463	0.049487840384245	-0.11194133758545	0.00039759278297424	-0.00021524727344513	0.085346609354019	-0.099437057971954
0.0040658367797732	-0.18615218997002	-0.23234139382839	0.049694962799549	-0.11204890906811	0.00041908025741577	-0.00024668872356415	0.08353291451931	-0.099454633891582
0.0045344526879489	-0.18448215723038	-0.24706448614597	0.049900855869055	-0.11214535683393	0.00044070184230804	-0.00027818605303764	0.081716828048229	-0.099472485482693
0.0050054802559316	-0.18229520320892	-0.26134642958641	0.05009376630187	-0.11220862716436	0.00046247988939285	-0.00030161440372467	0.079896464943886	-0.099489815533161
0.0055526313371956	-0.17958401143551	-0.27516385912895	0.050279960036278	-0.11225061863661	0.00048413872718811	-0.00033602491021156	0.078079074621201	-0.099506050348282
0.0061303591355681	-0.17634426057339	-0.28849193453789	0.050491124391556	-0.11230245232582	0.00050544738769531	-0.00037921220064163	0.076270557940006	-0.099522210657597
0.0066215884871781	-0.17256991565228	-0.30144721269608	0.050665475428104	-0.11229587346315	0.00052765011787415	-0.00039000436663628	0.074433721601963	-0.099538534879684
0.007230251096189	-0.16825537383556	-0.31388977169991	0.050816815346479	-0.11224010586739	0.00054941326379776	-0.00041647255420685	0.072608627378941	-0.09955445677042
0.0078961029648781	-0.16339446604252	-0.32584431767464	0.05096498504281	-0.11216408014297	0.00057107210159302	-0.00045101717114449	0.070790201425552	-0.099568925797939
0.0087173515930772	-0.15798243880272	-0.3375196158886	0.051105860620737	-0.11226660013199	0.00059153884649277	-0.00053979828953743	0.068904034793377	-0.0995779260993
0.009396119043231	-0.15201403200626	-0.34830096364021	0.051084652543068	-0.1120663434267	0.00061219185590744	-0.00055369734764099	0.067164033651352	-0.099593207240105
0.010152958333492	-0.14548401534557	-0.35889402031898	0.05104922875762	-0.1118246614933	0.00063350796699524	-0.0005875863134861	0.06534718722105	-0.099603489041328
0.010949146933854	-0.1383879929781	-0.36896696686745	0.051063623279333	-0.11157102137804	0.00065478682518005	-0.00063281878829002	0.063531138002872	-0.099614202976227
0.011777038685977	-0.13072142004967	-0.37855336070061	0.05112985894084	-0.11130670458078	0.00067602843046188	-0.00066960975527763	0.061710067093372	-0.099624350667
0.012647841125727	-0.12248039990664	-0.38763961195946	0.051198408007622	-0.11102288961411	0.0006972923874855	-0.00070127472281456	0.05988909304142	-0.099633917212486
0.014735910110176	-0.10391829162836	-0.40379849076271	0.051467217504978	-0.11248779296875	0.00073978304862976	-0.00077959150075912	0.056282602250576	-0.099846661090851
0.014629713259637	-0.10389967262745	-0.4040299654007	0.051564246416092	-0.11260298639536	0.00074762850999832	-0.00076984614133835	0.056060671806335	-0.099893264472485
0.014498436823487	-0.10493201762438	-0.40288904309273	0.051655031740665	-0.11255110055208	0.00074626505374908	-0.00077199563384056	0.05623809248209	-0.099895097315311
0.01441465690732	-0.10566520690918	-0.40198197960854	0.051726795732975	-0.11246036738157	0.00074425339698792	-0.0007685199379921	0.056398347020149	-0.099901415407658
0.014371966943145	-0.10612724721432	-0.40137141942978	0.051783718168736	-0.11238081008196	0.00074288994073868	-0.00076529756188393	0.05651281028986	-0.099907636642456
0.014226172119379	-0.10641383379698	-0.40097004175186	0.05181710422039	-0.11228583008051	0.00074203312397003	-0.00073109939694405	0.05660155415535	-0.099911980330944
0.014217429794371	-0.10659094154835	-0.40073826909065	0.051819987595081	-0.11221717298031	0.0007416158914566	-0.00071878358721733	0.056653343141079	-0.099913284182549
0.014191349968314	-0.10670059174299	-0.40061548352242	0.051810123026371	-0.11218902468681	0.00074120610952377	-0.00070787966251373	0.056678555905819	-0.099914401769638
0.014205171726644	-0.10676830261946	-0.40055179595947	0.051786795258522	-0.11216390132904	0.00074109435081482	-0.00070386379957199	0.056690007448196	-0.099913820624352
0.014210131950676	-0.10681041330099	-0.40050286054611	0.05175669491291	-0.11213946342468	0.00074093043804169	-0.00069951266050339	0.056699551641941	-0.099913418292999
0.01422113366425	-0.10683633387089	-0.40047097206116	0.051720507442951	-0.11211714148521	0.00074085593223572	-0.00069687142968178	0.056706257164478	-0.099913373589516
0.014232040382922	-0.10685208439827	-0.40045243501663	0.051681160926819	-0.11209587007761	0.00074073672294617	-0.00069557875394821	0.05671015381813	-0.099913395941257
0.014241726137698	-0.10686212778091	-0.40044099092484	0.051640018820763	-0.11207557469606	0.00074075162410736	-0.00069522857666016	0.056712791323662	-0.099913373589516
0.014249150641263	-0.10686808824539	-0.40043434500694	0.051597952842712	-0.11205591261387	0.00074078887701035	-0.00069503858685493	0.056714296340942	-0.099913246929646
0.014254662208259	-0.10687200725079	-0.40042996406555	0.051555275917053	-0.11203721910715	0.00074079632759094	-0.00069495663046837	0.056715361773968	-0.099913120269775
0.01425904314965	-0.10687424242496	-0.40042772889137	0.051512286067009	-0.11201879382133	0.00074070692062378	-0.00069510936737061	0.056715950369835	-0.099913269281387
0.014261744916439	-0.10687585175037	-0.40042743086815	0.051469095051289	-0.11200017482042	0.00074069947004318	-0.00069531798362732	0.056715995073318	-0.099913291633129
0.014262137934566	-0.10687671601772	-0.40042757987976	0.051426373422146	-0.11198023706675	0.00074074417352676	-0.00069493800401688	0.056715838611126	-0.099913142621517
0.014262459240854	-0.10687734931707	-0.40042644739151	0.051383569836617	-0.1119599789381	0.00074087083339691	-0.00069458782672882	0.056715980172157	-0.099912874400616
0.014262399636209	-0.1068774536252	-0.40042608976364	0.051340758800507	-0.11193954944611	0.00074081122875214	-0.00069420039653778	0.056716047227383	-0.099912948906422
0.014261657372117	-0.10687782615423	-0.40042632818222	0.051298178732395	-0.11191884428263	0.00074078142642975	-0.00069361180067062	0.056715808808804	-0.099912859499454
0.014261572621763	-0.10687799006701	-0.40042647719383	0.051255747675896	-0.11189725995064	0.00074063241481781	-0.00069313496351242	0.056715689599514	-0.099912829697132
0.014261662960052	-0.10687797516584	-0.40042647719383	0.051213391125202	-0.1118751168251	0.0007409006357193	-0.00069289654493332	0.056715585291386	-0.099912494421005
0.014262037351727	-0.10687798261642	-0.40042600035667	0.0511714220047	-0.11185255646706	0.00074087083339691	-0.00069234520196915	0.056715592741966	-0.099912352859974
0.014262638054788	-0.10687804222107	-0.40042561292648	0.051129676401615	-0.11182956397533	0.00074078887701035	-0.00069203972816467	0.056715436279774	-0.099912382662296
0.014262875542045	-0.10687803477049	-0.40042531490326	0.051087900996208	-0.11180636286736	0.0007408931851387	-0.00069171935319901	0.056715600192547	-0.099912211298943
0.01426319219172	-0.10687810182571	-0.40042492747307	0.051046326756477	-0.11178317666054	0.0007409080862999	-0.0006914846599102	0.056715540587902	-0.099912136793137
0.014265080913901	-0.10687831044197	-0.40042427182198	0.051004528999329	-0.11176010966301	0.00074084848165512	-0.00069174915552139	0.056715838611126	-0.099912263453007
0.01426646579057	-0.10687832534313	-0.40042400360107	0.050962746143341	-0.11173734813929	0.0007408931851387	-0.00069200247526169	0.056715823709965	-0.09991217404604
0.014266587793827	-0.10687827318907	-0.40042421221733	0.050921283662319	-0.11171448975801	0.00074080377817154	-0.0006919838488102	0.056715704500675	-0.099912323057652
0.014265582896769	-0.10687836259604	-0.40042442083359	0.050880037248135	-0.1116911098361	0.00074084103107452	-0.00069163739681244	0.056715629994869	-0.099912151694298
0.014265680685639	-0.10687829554081	-0.40042415261269	0.050838813185692	-0.11166808009148	0.00074078887701035	-0.00069158524274826	0.056715704500675	-0.099912241101265
0.014265637844801	-0.10687804967165	-0.4004237651825	0.050797909498215	-0.11164548248053	0.00074081867933273	-0.0006914883852005	0.056715711951256	-0.09991218149662
0.014265762642026	-0.10687804967165	-0.40042307972908	0.050756923854351	-0.11162330955267	0.00074081867933273	-0.00069136545062065	0.056715846061707	-0.099912233650684
0.014264803379774	-0.10687809437513	-0.40042358636856	0.050715766847134	-0.11160070449114	0.00074081867933273	-0.00069106370210648	0.056715786457062	-0.099912196397781
0.014264679513872	-0.10687810927629	-0.40042412281036	0.050674460828304	-0.11157786846161	0.00074081867933273	-0.00069083273410797	0.056715600192547	-0.099912218749523
0.01426296774298	-0.10687809437513	-0.4004248380661	0.050633676350117	-0.11155401915312	0.0007409006357193	-0.00069012120366096	0.056715339422226	-0.099912077188492
0.014260901138186	-0.10687806457281	-0.40042540431023	0.050593055784702	-0.11152942478657	0.00074086338281631	-0.00068915635347366	0.056715101003647	-0.099912025034428
0.014248078688979	-0.10687830299139	-0.40040349960327	0.050543710589409	-0.11151528358459	0.00074084103107452	-0.00068435072898865	0.056722223758698	-0.099914543330669
0.014271540567279	-0.10687801241875	-0.40037742257118	0.050447195768356	-0.11154749244452	0.00074088573455811	-0.0006781667470932	0.05673211067915	-0.099923588335514
0.014454429969192	-0.13069240748882	-0.42151620984077	0.050326600670815	-0.11143680661917	0.00074359774589539	-0.00072339549660683	0.056501895189285	-0.099049866199493
0.014304202049971	-0.15651850402355	-0.44261437654495	0.050259277224541	-0.11102817952633	0.00074391067028046	-0.00073477253317833	0.056392915546894	-0.098135478794575
0.013774164021015	-0.18269346654415	-0.46177741885185	0.050266444683075	-0.11003004014492	0.000743068754673	-0.00067319720983505	0.056550450623035	-0.097196400165558
0.013088592328131	-0.20919485390186	-0.47997456789017	0.050451263785362	-0.10806156694889	0.0016267001628876	-0.00052133575081825	0.057078547775745	-0.095916777849197
0.012517644092441	-0.23602522909641	-0.49571883678436	0.050565160810947	-0.10545842349529	0.0028083845973015	-0.00044927000999451	0.057934023439884	-0.09467027336359
0.012028479017317	-0.2630942761898	-0.50968545675278	0.050599932670593	-0.10270193219185	0.0039950162172318	-0.0004112720489502	0.058969803154469	-0.093467906117439
0.011507586576045	-0.29024371504784	-0.52184671163559	0.050609327852726	-0.099864698946476	0.0051311105489731	-0.00038323551416397	0.060158528387547	-0.09231573343277
0.010918439365923	-0.31725844740868	-0.5320799946785	0.050623759627342	-0.096880875527859	0.0062531605362892	-0.0003567710518837	0.061512008309364	-0.091198571026325
0.010274755768478	-0.34388044476509	-0.54025202989578	0.050649266690016	-0.09375062584877	0.0073384121060371	-0.00033015012741089	0.063022591173649	-0.090121425688267
0.0096042230725288	-0.36982163786888	-0.54621982574463	0.050691109150648	-0.090460814535618	0.0083766505122185	-0.00030487775802612	0.064680084586143	-0.089089833199978
0.0088582700118423	-0.39478033781052	-0.54984325170517	0.050755251199007	-0.087010949850082	0.0093678086996078	-0.00026918947696686	0.06647951155901	-0.088105708360672
0.0081142233684659	-0.41845855116844	-0.55099040269852	0.050833500921726	-0.083416879177094	0.010305069386959	-0.00023343041539192	0.068415455520153	-0.087171144783497
0.0073501840233803	-0.44054684042931	-0.5495463013649	0.050912208855152	-0.079683288931847	0.011206112802029	-0.00019533932209015	0.070482045412064	-0.086283929646015
0.0065729855559766	-0.46074745059013	-0.5454176068306	0.050988808274269	-0.075833171606064	0.012038871645927	-0.00015042722225189	0.072664588689804	-0.085463002324104
0.0058316113427281	-0.47881576418877	-0.53853362798691	0.051056783646345	-0.071897253394127	0.012794822454453	-0.00010716915130615	0.074953064322472	-0.084711708128452
0.0051034181378782	-0.49452430009842	-0.5288525223732	0.05112486332655	-0.067859791219234	0.013472944498062	-6.1187893152237e-05	0.077339455485344	-0.084031999111176
0.0043873121030629	-0.50768113136292	-0.51636040210724	0.051191780716181	-0.063722021877766	0.014095112681389	-1.4148652553558e-05	0.079819291830063	-0.083414569497108
0.0036918907426298	-0.51814419031143	-0.50107485055923	0.051256485283375	-0.059510443359613	0.01465430855751	3.2510608434677e-05	0.082381539046764	-0.082865640521049
0.0030291143339127	-0.52582144737244	-0.48303949832916	0.051308445632458	-0.055240873247385	0.015136212110519	7.9449266195297e-05	0.085014812648296	-0.082391068339348
0.0023890626616776	-0.5306608080864	-0.46232548356056	0.051364537328482	-0.050913296639919	0.015541471540928	0.0001276470720768	0.087708115577698	-0.081992000341415
0.001780868973583	-0.53265428543091	-0.4390272796154	0.051425017416477	-0.046540595591068	0.015870362520218	0.0001756027340889	0.090451531112194	-0.081669591367245
0.0012397483224049	-0.53183495998383	-0.41325953602791	0.051505550742149	-0.042131029069424	0.016123838722706	0.00021527335047722	0.093233153223991	-0.081426732242107
0.00067230296554044	-0.52826499938965	-0.38515159487724	0.051642280071974	-0.037691883742809	0.016295127570629	0.00026572868227959	0.096043989062309	-0.081260412931442
0.00011989071208518	-0.52203768491745	-0.35484734177589	0.051785204559565	-0.033204961568117	0.016358733177185	0.00032267346978188	0.098869264125824	-0.081177279353142
-0.00036437169183046	-0.51326686143875	-0.32250103354454	0.051871255040169	-0.02862574160099	0.016332924365997	0.00037418678402901	0.10169956088066	-0.081178747117519
-0.00083689566235989	-0.50208282470703	-0.28827330470085	0.051952019333839	-0.023999575525522	0.016241133213043	0.00042679905891418	0.1045258641243	-0.081256322562695
-0.0012907162308693	-0.48862779140472	-0.25232788920403	0.052035272121429	-0.019391898065805	0.016068041324615	0.00048135593533516	0.10733572393656	-0.081413462758064
-0.0017032413743436	-0.4730529487133	-0.21483227610588	0.05212402716279	-0.014814574271441	0.015819564461708	0.00053203478455544	0.11011835187674	-0.081648267805576
-0.0020932657644153	-0.45551225543022	-0.17595434188843	0.052222654223442	-0.010269992053509	0.0154939442873	0.00058269128203392	0.11286305636168	-0.081960558891296
-0.0024504563771188	-0.43616279959679	-0.13586324453354	0.052328139543533	-0.0057688653469086	0.015091210603714	0.00063064321875572	0.11555849015713	-0.08234928548336
-0.0028074197471142	-0.41516152024269	-0.094727098941803	0.052438959479332	-0.0013182573020458	0.014607310295105	0.00068359076976776	0.11819494515657	-0.082812331616879
-0.0031142570078373	-0.39266416430473	-0.052715510129929	0.052543096244335	0.0030597597360611	0.01404669508338	0.00073002278804779	0.12076102942228	-0.083348855376244
-0.0033972712699324	-0.3688246011734	-0.0099973548203707	0.052654452621937	0.0073553547263145	0.013410206884146	0.00077323988080025	0.12324658036232	-0.083955362439156
-0.0035969747696072	-0.34379515051842	0.033258128911257	0.052731342613697	0.011575900018215	0.012705527245998	0.00079875811934471	0.12564143538475	-0.084632597863674
-0.0038443161174655	-0.31772541999817	0.076882563531399	0.052926503121853	0.015743188560009	0.011967867612839	0.00083412602543831	0.12794144451618	-0.08536784350872
-0.0041105896234512	-0.29076439142227	0.12069864571095	0.053182624280453	0.01982132345438	0.011134155094624	0.00087952241301537	0.13013246655464	-0.086167141795158
-0.0043365187011659	-0.26306039094925	0.16453045606613	0.053432822227478	0.023793637752533	0.010231766849756	0.00092178955674171	0.13220708072186	-0.08702552318573
-0.0045328927226365	-0.23476009070873	0.20819698274136	0.053669512271881	0.02764842286706	0.0092689990997314	0.00096104294061661	0.13415747880936	-0.087939135730267
-0.0047097657807171	-0.20601262152195	0.25150975584984	0.053900219500065	0.031376592814922	0.0082507058978081	0.00099864974617958	0.13597621023655	-0.088903479278088
-0.0048698880709708	-0.17696961760521	0.29427206516266	0.054126851260662	0.034970343112946	0.0071806497871876	0.0010343976318836	0.13765603303909	-0.089915215969086
-0.0050111766904593	-0.14778333902359	0.33628115057945	0.054348550736904	0.038422990590334	0.0060633756220341	0.0010678917169571	0.13919062912464	-0.090969733893871
-0.0051350258290768	-0.11861158907413	0.3773221373558	0.05456368625164	0.04172819852829	0.0049030780792236	0.0010990351438522	0.14057384431362	-0.09206323325634
-0.00524195516482	-0.089617811143398	0.41716971993446	0.054770641028881	0.044880457222462	0.003704022616148	0.0011277385056019	0.1418005079031	-0.093191131949425
-0.00533447554335	-0.060969024896622	0.45558741688728	0.054967612028122	0.047874540090561	0.0024703815579414	0.0011544562876225	0.14286577701569	-0.0943488702178
-0.005545717664063	-0.03283940628171	0.49268910288811	0.05511812120676	0.050759099423885	0.001385360956192	0.0012164488434792	0.14383888244629	-0.095559239387512
-0.005361377261579	-0.0054090456105769	0.52739298343658	0.055158339440823	0.053120907396078	0.0014114454388618	0.001136738806963	0.14476552605629	-0.096428669989109
-0.0052279750816524	0.021139286458492	0.55980294942856	0.05522108823061	0.054776180535555	0.0014342740178108	0.0010565966367722	0.14550763368607	-0.097313106060028
-0.0056635709479451	0.046617746353149	0.5898848772049	0.055441252887249	0.056260026991367	0.001447781920433	0.0011378787457943	0.14612214267254	-0.098190762102604
-0.0053793909028172	0.070840120315552	0.61779433488846	0.055371262133121	0.057916890829802	0.0014691054821014	0.0010545365512371	0.14673998951912	-0.09891901910305
-0.005151528865099	0.093624420464039	0.64256888628006	0.055227130651474	0.059081479907036	0.0014869347214699	0.00092710182070732	0.14723737537861	-0.09953635931015
-0.00524398451671	0.091995723545551	0.64034366607666	0.055231690406799	0.059248231351376	0.0014913827180862	0.00095784291625023	0.14729312062263	-0.099416628479958
-0.0053822086192667	0.089557230472565	0.63715732097626	0.055265262722969	0.059174578636885	0.001488920301199	0.00099631771445274	0.14724898338318	-0.099319837987423
-0.005463307723403	0.087919309735298	0.63497495651245	0.055300518870354	0.059075236320496	0.001486849039793	0.0010187551379204	0.14719805121422	-0.0992666259408
-0.0054927077144384	0.086894407868385	0.63360410928726	0.055332116782665	0.058987945318222	0.0014856047928333	0.0010290145874023	0.1471608877182	-0.099236607551575
-0.0054934127256274	0.086259678006172	0.63276046514511	0.055360779166222	0.058913692831993	0.0014845207333565	0.0010326877236366	0.1471368521452	-0.099219128489494
-0.0054812915623188	0.085867054760456	0.63224405050278	0.055387288331985	0.058848541229963	0.0014840848743916	0.0010330826044083	0.14712198078632	-0.099208250641823
-0.0054658288136125	0.085624262690544	0.63192927837372	0.055412977933884	0.058789104223251	0.0014837197959423	0.001032181084156	0.14711308479309	-0.099201545119286
-0.0054514575749636	0.085474252700806	0.63173675537109	0.055437788367271	0.058733709156513	0.001483540982008	0.0010305121541023	0.14710780978203	-0.099197342991829
-0.0054382248781621	0.085381358861923	0.63161939382553	0.055462896823883	0.058680608868599	0.0014834143221378	0.0010282509028912	0.14710468053818	-0.099194601178169
-0.0054305782541633	0.085323967039585	0.6315484046936	0.055488035082817	0.058628555387259	0.0014833882451057	0.0010275021195412	0.14710274338722	-0.099192790687084
-0.0054270345717669	0.085288323462009	0.63150525093079	0.055512592196465	0.058578044176102	0.0014832653105259	0.0010276958346367	0.14710175991058	-0.09919186681509
-0.0054193357937038	0.085266508162022	0.63147807121277	0.055537551641464	0.058527871966362	0.0014833249151707	0.0010255724191666	0.14710102975368	-0.099191009998322
-0.0054180338047445	0.085253037512302	0.63146209716797	0.055562481284142	0.058478251099586	0.0014833062887192	0.0010256245732307	0.14710065722466	-0.099190607666969
-0.0054176868870854	0.085244558751583	0.63145273923874	0.055587388575077	0.058428354561329	0.0014833696186543	0.0010259374976158	0.1471004486084	-0.099190346896648
-0.0054193986579776	0.08523927628994	0.63144737482071	0.055611506104469	0.058378748595715	0.0014831498265266	0.0010270588099957	0.14710061252117	-0.099190481007099
-0.0054177227430046	0.085236229002476	0.63144326210022	0.055635653436184	0.058328617364168	0.0014833323657513	0.0010269097983837	0.14710035920143	-0.099190145730972
-0.0054160775616765	0.085233964025974	0.63144040107727	0.055659957230091	0.058278657495975	0.0014832243323326	0.0010264255106449	0.14710047841072	-0.099190056324005
-0.005414207931608	0.085232943296432	0.63143885135651	0.055684521794319	0.058228775858879	0.0014831982553005	0.0010258704423904	0.14710047841072	-0.09918998926878
-0.0054122908040881	0.085232071578503	0.63143789768219	0.055709414184093	0.058178290724754	0.0014832429587841	0.0010250881314278	0.14710035920143	-0.099189847707748
-0.0054124034941196	0.085231743752956	0.63143736124039	0.055734783411026	0.058127887547016	0.0014833249151707	0.0010250024497509	0.14710038900375	-0.099189780652523
-0.0054132039658725	0.085231304168701	0.63143742084503	0.055759623646736	0.058077655732632	0.001483254134655	0.0010250322520733	0.14710035920143	-0.099189884960651
-0.0054127951152623	0.085231184959412	0.63143700361252	0.055784739553928	0.058027058839798	0.0014832653105259	0.0010247342288494	0.14710013568401	-0.099189914762974
-0.0054123806767166	0.085231214761734	0.63143676519394	0.055809788405895	0.057976603507996	0.0014833472669125	0.0010243505239487	0.14710009098053	-0.099189750850201
-0.0054116910323501	0.085231214761734	0.63143670558929	0.05583543330431	0.05792585760355	0.0014832355082035	0.0010238699615002	0.14710009098053	-0.099189877510071
-0.0054120295681059	0.0852310359478	0.63143718242645	0.055860862135887	0.057875394821167	0.0014832839369774	0.00102399289608	0.14710007607937	-0.099189832806587
-0.0054128677584231	0.085230924189091	0.63143694400787	0.055885925889015	0.057825163006783	0.0014832876622677	0.0010238736867905	0.14709997177124	-0.099189892411232
-0.0054152677766979	0.085230968892574	0.63143771886826	0.055911213159561	0.057774964720011	0.0014832243323326	0.0010248608887196	0.14710000157356	-0.099190041422844
-0.0054179006256163	0.08523091673851	0.63143801689148	0.055935353040695	0.057724989950657	0.0014833547174931	0.0010262355208397	0.14710023999214	-0.099189780652523
-0.0054149725474417	0.085231013596058	0.63143742084503	0.055959910154343	0.05767460167408	0.0014833062887192	0.00102524086833	0.14710021018982	-0.099189832806587
-0.0054156235419214	0.085230834782124	0.63143759965897	0.055984228849411	0.057623948901892	0.0014833472669125	0.0010259374976158	0.14710029959679	-0.099189847707748
-0.0054124174639583	0.085230864584446	0.63143670558929	0.056008823215961	0.057573184370995	0.0014833100140095	0.0010243579745293	0.14710009098053	-0.09918987005949
-0.0054114400409162	0.085230946540833	0.63143688440323	0.056034028530121	0.057521961629391	0.0014833398163319	0.0010240003466606	0.14709997177124	-0.099189855158329
-0.0054100882261992	0.085230886936188	0.63143688440323	0.056059494614601	0.057470396161079	0.0014833807945251	0.0010230876505375	0.14709997177124	-0.099189795553684
-0.0054121478460729	0.085230812430382	0.63143718242645	0.056085325777531	0.057419009506702	0.001483216881752	0.0010235831141472	0.14710006117821	-0.09918998926878
-0.0054121650755405	0.08523091673851	0.63143700361252	0.056111060082912	0.057367868721485	0.0014833807945251	0.0010233782231808	0.14709992706776	-0.099189825356007
-0.0054135946556926	0.085230976343155	0.6314377784729	0.056136682629585	0.057316198945045	0.0014833323657513	0.0010238438844681	0.14710003137589	-0.099189937114716
-0.0054174815304577	0.085231021046638	0.63143885135651	0.056161142885685	0.057264275848866	0.0014832355082035	0.0010259188711643	0.1471004486084	-0.09919024258852
-0.0054167527705431	0.085230983793736	0.63143813610077	0.056185275316238	0.057211615145206	0.0014832690358162	0.0010260157287121	0.14710038900375	-0.099190197885036
-0.0054156989790499	0.085230708122253	0.63143742084503	0.056209661066532	0.057159069925547	0.0014832578599453	0.0010258853435516	0.14710029959679	-0.099190168082714
-0.0054154209792614	0.085230693221092	0.63143718242645	0.05623384565115	0.057106625288725	0.001483429223299	0.0010257288813591	0.14710019528866	-0.099190101027489
-0.0054172901436687	0.085230708122253	0.63143754005432	0.05625781416893	0.057054556906223	0.0014832839369774	0.0010267682373524	0.14710029959679	-0.099190428853035
-0.0054182773455977	0.08523090928793	0.63143736124039	0.056281089782715	0.057002656161785	0.001483216881752	0.0010275803506374	0.14710049331188	-0.099190428853035
-0.0054177292622626	0.085230745375156	0.63143736124039	0.05630424618721	0.05695054680109	0.0014832615852356	0.0010278820991516	0.14710061252117	-0.099190473556519
-0.0054167620837688	0.085231050848961	0.63143688440323	0.056327097117901	0.056898348033428	0.0014832466840744	0.0010278671979904	0.14710073173046	-0.099190384149551
-0.0054161823354661	0.085231021046638	0.63143718242645	0.056349493563175	0.056845411658287	0.0014831610023975	0.0010280758142471	0.14710067212582	-0.099190570414066
-0.0054161194711924	0.085230946540833	0.63143706321716	0.056371748447418	0.056791752576828	0.0014833025634289	0.0010285302996635	0.14710068702698	-0.099190570414066
-0.0054147415794432	0.085230752825737	0.63143658638	0.056394025683403	0.056738138198853	0.0014831908047199	0.001028198748827	0.14710079133511	-0.099190637469292
-0.005413515958935	0.08523067086935	0.63143610954285	0.056416399776936	0.056684151291847	0.0014832243323326	0.0010277442634106	0.14710080623627	-0.09919061511755
-0.0054134563542902	0.085230834782124	0.63143593072891	0.056439056992531	0.056629978120327	0.0014832057058811	0.0010278895497322	0.14710068702698	-0.099190562963486
-0.0054153962992132	0.085230767726898	0.63143646717072	0.056461155414581	0.056576155126095	0.0014831498265266	0.0010288842022419	0.14710101485252	-0.099190682172775
-0.0054127569310367	0.085231006145477	0.63143599033356	0.056483499705791	0.056521095335484	0.0014831572771072	0.0010281316936016	0.14710085093975	-0.099190756678581
-0.0054129469208419	0.085232198238373	0.63143736124039	0.056505784392357	0.056466177105904	0.0014832578599453	0.0010282024741173	0.14710094034672	-0.099190585315228
-0.0054668071679771	0.065251886844635	0.59108275175095	0.056600585579872	0.055517926812172	0.0014394074678421	0.0010289363563061	0.14560934901237	-0.09861796349287
-0.0047461348585784	0.045671723783016	0.55016553401947	0.056792497634888	0.054591808468103	0.001387931406498	0.00087698176503181	0.14365413784981	-0.09867212921381
-0.0046173795126379	0.02777187153697	0.51151812076569	0.057011492550373	0.053916670382023	0.0013323649764061	0.00079914182424545	0.14152626693249	-0.098836250603199
-0.0045732362195849	0.011297156102955	0.47563534975052	0.057206958532333	0.0536223128438	0.0012797862291336	0.00077130272984505	0.13956259191036	-0.098903879523277
-0.0044207614846528	-0.0040183966048062	0.44178700447083	0.057371877133846	0.053412303328514	0.0012299343943596	0.00073837116360664	0.13770519196987	-0.098924681544304
-0.004262238740921	-0.018362924456596	0.40940192341805	0.057535655796528	0.053187228739262	0.0011813454329967	0.00071051344275475	0.13587912917137	-0.098941594362259
-0.0040993243455887	-0.031864408403635	0.37820017337799	0.057697385549545	0.05296216532588	0.0011331737041473	0.00068321079015732	0.13406038284302	-0.098962038755417
-0.0039267283864319	-0.044611111283302	0.34803238511086	0.057853110134602	0.05274972319603	0.0010852739214897	0.00065531581640244	0.13224625587463	-0.098984077572823
-0.0037351071368903	-0.056667733937502	0.31879305839539	0.058004513382912	0.052550300955772	0.0010378174483776	0.00062511116266251	0.13043703138828	-0.09900576621294
-0.0035313658881932	-0.068081915378571	0.29039618372917	0.058152325451374	0.052360028028488	0.00099064037203789	0.00059378147125244	0.1286308914423	-0.099026903510094
-0.0033223221544176	-0.078888401389122	0.26277646422386	0.058296144008636	0.05217682570219	0.00094393640756607	0.00056170672178268	0.12682676315308	-0.099046915769577
-0.0031094434671104	-0.089115522801876	0.23588132858276	0.058436207473278	0.051999881863594	0.00089737772941589	0.00053030252456665	0.1250236928463	-0.099066808819771
-0.0028894688002765	-0.098785638809204	0.20966784656048	0.058572970330715	0.051829114556313	0.00085076689720154	0.00049860775470734	0.12322087585926	-0.099086500704288
-0.0026639280840755	-0.10791579633951	0.18410290777683	0.058706216514111	0.051664598286152	0.00080448389053345	0.00046680867671967	0.12141795456409	-0.099105820059776
-0.0024325735867023	-0.11652106791735	0.15915648639202	0.058836236596107	0.051506739109755	0.00075826048851013	0.0004350021481514	0.11961460858583	-0.099124997854233
-0.0021952574606985	-0.12461274117231	0.13480469584465	0.058963030576706	0.051356572657824	0.00071195513010025	0.00040315464138985	0.11781115829945	-0.099144004285336
-0.0019510625861585	-0.13220056891441	0.11102543026209	0.0590865239501	0.051214810460806	0.00066588819026947	0.00037085264921188	0.11600701510906	-0.099162772297859
-0.0016984968679026	-0.13929259777069	0.087799824774265	0.059207733720541	0.051083743572235	0.00061970204114914	0.00033838674426079	0.11420198529959	-0.099181599915028
-0.0014355529565364	-0.14589548110962	0.065112173557281	0.05932816490531	0.050966512411833	0.00057370960712433	0.0003049373626709	0.11239609122276	-0.099201358854771
-0.001137521234341	-0.15201368927956	0.042956441640854	0.05944887176156	0.050862543284893	0.00052756071090698	0.00026529282331467	0.1105939745903	-0.099216915667057
-0.00075739691965282	-0.15765151381493	0.021344199776649	0.059613287448883	0.050728261470795	0.00048194080591202	0.00020614266395569	0.10880321264267	-0.099229015409946
-0.00049234798643738	-0.16281068325043	0.00018869343330152	0.059796962887049	0.050577942281961	0.00043591111898422	0.00016958639025688	0.1070004850626	-0.099245369434357
-0.00024317629868165	-0.16749428212643	-0.020489623770118	0.059983178973198	0.050437513738871	0.00038956850767136	0.00014005973935127	0.10519221425056	-0.099263839423656
2.4409753677901e-05	-0.17170217633247	-0.040683142840862	0.060169756412506	0.050309419631958	0.00034340471029282	0.0001104436814785	0.10338333249092	-0.099282301962376
0.00030990564846434	-0.17543441057205	-0.060398574918509	0.06035553663969	0.050192318856716	0.00029702484607697	8.0827623605728e-05	0.10157447308302	-0.09930070489645
0.00062541570514441	-0.17869083583355	-0.079626068472862	0.060538657009602	0.050085671246052	0.00025075674057007	4.8000365495682e-05	0.099765032529831	-0.099322691559792
0.00090874038869515	-0.1814690977335	-0.098235584795475	0.060721039772034	0.050026290118694	0.00026529282331467	5.3942203521729e-05	0.098017163574696	-0.099313758313656
0.0012285972479731	-0.18376809358597	-0.11660182476044	0.060879051685333	0.049935884773731	0.00028107315301895	3.3877789974213e-05	0.096211440861225	-0.099334046244621
0.0016062241047621	-0.18558475375175	-0.13452063500881	0.061039119958878	0.049857039004564	0.00029651820659637	-1.2889504432678e-06	0.094396278262138	-0.099353760480881
0.001980311004445	-0.18691608309746	-0.15197242796421	0.061199232935905	0.049786634743214	0.0003122091293335	-3.7126243114471e-05	0.092576667666435	-0.099378548562527
0.0024286217521876	-0.18775832653046	-0.16894063353539	0.061366904526949	0.049721520394087	0.00033208727836609	-0.00010194256901741	0.090759232640266	-0.099401749670506
0.0028418803121895	-0.18810750544071	-0.18547368049622	0.061551176011562	0.049656875431538	0.00035072863101959	-0.00014791637659073	0.088941425085068	-0.099422745406628
0.0032475169282407	-0.18795955181122	-0.20155067741871	0.061736013740301	0.049609966576099	0.0003720223903656	-0.00018041953444481	0.087128177285194	-0.099438019096851
0.0036724421661347	-0.18730922043324	-0.21715781092644	0.061921562999487	0.04957963898778	0.00039055198431015	-0.00021084025502205	0.085314854979515	-0.099458634853363
0.0041290642693639	-0.18615230917931	-0.23234581947327	0.062114164233208	0.049592111259699	0.00041912496089935	-0.00024339184165001	0.083512358367443	-0.099460035562515
0.0045534153468907	-0.18448220193386	-0.24702540040016	0.062269531190395	0.049552723765373	0.00044075399637222	-0.00025966763496399	0.081715792417526	-0.099473811686039
0.0050503830425441	-0.18229521811008	-0.26128023862839	0.062416806817055	0.049482919275761	0.00046243518590927	-0.00028623640537262	0.079910688102245	-0.099490232765675
0.0055900681763887	-0.17958396673203	-0.27510273456573	0.062565140426159	0.049409426748753	0.00048395246267319	-0.00031959265470505	0.078098624944687	-0.099506415426731
0.0061414106748998	-0.17634418606758	-0.28847593069077	0.062711827456951	0.049344476312399	0.00050552934408188	-0.00035154819488525	0.076281547546387	-0.099522262811661
0.0067232600413263	-0.17256972193718	-0.30138409137726	0.062857881188393	0.049288757145405	0.00052700191736221	-0.00038466230034828	0.074463658034801	-0.099537715315819
0.0073254839517176	-0.16825516521931	-0.31382915377617	0.063000090420246	0.049248423427343	0.00054869055747986	-0.00041568651795387	0.072644934058189	-0.099552325904369
0.007962885312736	-0.16339458525181	-0.3258036673069	0.063139110803604	0.049223162233829	0.00057029724121094	-0.00044757872819901	0.070826038718224	-0.099566511809826
0.0086347097530961	-0.15798234939575	-0.3373062312603	0.063275873661041	0.04921530559659	0.00059197098016739	-0.00047948956489563	0.069006562232971	-0.099580332636833
0.00934380851686	-0.1520139425993	-0.34833040833473	0.06341028213501	0.049223907291889	0.0006135031580925	-0.00051185488700867	0.067187234759331	-0.099593736231327
0.010094399563968	-0.14548426866531	-0.35887557268143	0.063543140888214	0.049248963594437	0.00063501298427582	-0.00054438039660454	0.06536790728569	-0.099606089293957
0.010887662880123	-0.13838793337345	-0.36893767118454	0.063674807548523	0.049291260540485	0.00065648555755615	-0.00057720020413399	0.063547447323799	-0.099618092179298
0.011729934252799	-0.13072146475315	-0.37851077318192	0.063806496560574	0.049350179731846	0.00067811459302902	-0.00061020255088806	0.061727203428745	-0.099628679454327
0.01262201089412	-0.12248056381941	-0.38759168982506	0.063936688005924	0.049425579607487	0.00069946795701981	-0.00064273923635483	0.059906303882599	-0.099638886749744
0.013839818537235	-0.11366207152605	-0.3956361413002	0.0641273483634	0.049019373953342	0.00071902573108673	-0.00072672218084335	0.058198589831591	-0.09966466575861
0.01455862633884	-0.10426347702742	-0.40316137671471	0.064379245042801	0.04790985584259	0.00073881447315216	-0.0006854459643364	0.05634955316782	-0.099903233349323
0.014531300403178	-0.10464105755091	-0.40309062600136	0.064450293779373	0.047804623842239	0.00074498355388641	-0.00072890520095825	0.056247141212225	-0.099909424781799
0.014384864829481	-0.10543865710497	-0.40222275257111	0.064476475119591	0.047843664884567	0.00074452906847	-0.00072624534368515	0.056388754397631	-0.099908836185932
0.014323370531201	-0.1059827208519	-0.40155208110809	0.06444675475359	0.047890484333038	0.00074322521686554	-0.00071454048156738	0.056510426104069	-0.099917389452457
0.014294248074293	-0.10632403939962	-0.40112113952637	0.064397938549519	0.047926522791386	0.00074237585067749	-0.00070824474096298	0.056592084467411	-0.099921353161335
0.01428594160825	-0.10653536021709	-0.40084317326546	0.06434042006731	0.047941192984581	0.00074150413274765	-0.00070676952600479	0.056648205965757	-0.099923975765705
0.014284713193774	-0.10666641592979	-0.40067428350449	0.064278349280357	0.047938697040081	0.00074081122875214	-0.00070585310459137	0.056683763861656	-0.09992590546608
0.01428540609777	-0.1067470908165	-0.40057617425919	0.064214080572128	0.047925241291523	0.00074053555727005	-0.00070571899414062	0.056705232709646	-0.099926806986332
0.014285794459283	-0.10679706186056	-0.40051934123039	0.06414956599474	0.047904372215271	0.00074035674333572	-0.00070565938949585	0.056718338280916	-0.099927134811878
0.014285109005868	-0.10682807117701	-0.40048784017563	0.064083985984325	0.047879084944725	0.00074012577533722	-0.00070536136627197	0.056725919246674	-0.099927499890327
0.014285780489445	-0.10684715211391	-0.40046906471252	0.06401864439249	0.047850765287876	0.00073997676372528	-0.00070556253194809	0.056730624288321	-0.099927648901939
0.01428585126996	-0.10685904324055	-0.40045833587646	0.063954412937164	0.047820143401623	0.00073989480733871	-0.00070596486330032	0.056733682751656	-0.099927589297295
0.014284485951066	-0.10686629265547	-0.40045344829559	0.063890382647514	0.047788374125957	0.00073999166488647	-0.00070589035749435	0.056735355407	-0.099927395582199
0.014284532517195	-0.10687066614628	-0.40045073628426	0.063826687633991	0.047755762934685	0.00073995441198349	-0.00070592761039734	0.056736458092928	-0.09992727637291
0.014284083619714	-0.10687363892794	-0.40044957399368	0.063763529062271	0.047722592949867	0.00073985010385513	-0.00070600956678391	0.056736871600151	-0.099927291274071
0.014293706044555	-0.10687532275915	-0.40044975280762	0.063705548644066	0.04769017547369	0.00073997676372528	-0.00070612132549286	0.056735869497061	-0.099926806986332
0.014283979311585	-0.10687652230263	-0.40045249462128	0.06364955753088	0.047660060226917	0.00073996931314468	-0.00070428848266602	0.056734163314104	-0.099927723407745
0.014279209077358	-0.10687711089849	-0.40045437216759	0.063590332865715	0.047634348273277	0.00074008852243423	-0.00070309266448021	0.05673260986805	-0.099928081035614
0.014278736896813	-0.10687752068043	-0.4004545211792	0.063531175255775	0.047611214220524	0.00074015557765961	-0.00070299208164215	0.05673199146986	-0.099927939474583
0.014279587194324	-0.10687775909901	-0.40045329928398	0.063474468886852	0.047589913010597	0.00074006617069244	-0.0007035993039608	0.056731529533863	-0.099927820265293
0.014279229566455	-0.10687781870365	-0.40045121312141	0.063418850302696	0.047569409012794	0.00074005872011185	-0.00070363283157349	0.056731667369604	-0.099927768111229
0.014278117567301	-0.10687781870365	-0.40044891834259	0.063363514840603	0.04754875600338	0.00074025243520737	-0.00070340186357498	0.056732218712568	-0.099927634000778
0.014277649112046	-0.1068779155612	-0.40044742822647	0.06330768018961	0.047527499496937	0.00074005872011185	-0.00070317089557648	0.056732334196568	-0.099927991628647
0.014277540147305	-0.10687825828791	-0.4004470705986	0.063251435756683	0.047506518661976	0.00074008852243423	-0.00070312991738319	0.056732423603535	-0.099928043782711
0.014277722686529	-0.10687820613384	-0.40044674277306	0.063195511698723	0.047485508024693	0.00074005126953125	-0.00070307031273842	0.056732431054115	-0.099927999079227
0.014278221875429	-0.10687803477049	-0.40044659376144	0.063139908015728	0.047464624047279	0.00074001401662827	-0.0007031224668026	0.056732457131147	-0.099927939474583
0.014278407208622	-0.10687809437513	-0.40044644474983	0.063084602355957	0.047443702816963	0.0007399395108223	-0.00070322304964066	0.056732412427664	-0.099927961826324
0.014278348535299	-0.10687852650881	-0.40044635534286	0.063029505312443	0.047422841191292	0.00074010342359543	-0.00070314854383469	0.056732647120953	-0.099927760660648
0.014278448186815	-0.10687806457281	-0.40044620633125	0.062974333763123	0.047401748597622	0.00074011832475662	-0.00070324912667274	0.056732535362244	-0.09992778301239
0.01427813526243	-0.10687833279371	-0.40044644474983	0.062919422984123	0.0473807528615	0.0007401779294014	-0.00070318952202797	0.05673260986805	-0.099927701056004
0.01427866704762	-0.10687830299139	-0.40044650435448	0.06286446750164	0.04735966771841	0.00074005126953125	-0.00070325285196304	0.056732594966888	-0.099927790462971
0.014278604649007	-0.10687831789255	-0.4004462659359	0.062809690833092	0.047338396310806	0.00074019283056259	-0.00070330500602722	0.05673261359334	-0.099927701056004
0.014278129674494	-0.10687822848558	-0.40044596791267	0.062754780054092	0.047316752374172	0.00074011832475662	-0.0007031112909317	0.05673274025321	-0.099927812814713
0.014278399758041	-0.10687854886055	-0.40044623613358	0.062699906527996	0.047294959425926	0.00074006617069244	-0.00070314854383469	0.056732725352049	-0.099927850067616
0.014278090558946	-0.10687807202339	-0.40044605731964	0.062644757330418	0.047272972762585	0.00074012577533722	-0.00070306286215782	0.056732762604952	-0.099927887320518
0.014278526417911	-0.10687802731991	-0.40044689178467	0.062589630484581	0.0472511947155	0.00074008107185364	-0.00070326030254364	0.056732542812824	-0.099927812814713
0.014278340153396	-0.10687813907862	-0.40044686198235	0.062535017728806	0.047229431569576	0.00074020028114319	-0.00070319324731827	0.056732643395662	-0.099927663803101
0.01427842490375	-0.10687816143036	-0.40044683218002	0.062480457127094	0.047207549214363	0.00074009597301483	-0.00070325285196304	0.056732550263405	-0.099927730858326
0.01427857298404	-0.10687839239836	-0.40044689178467	0.062425762414932	0.047185733914375	0.00074006617069244	-0.00070325657725334	0.056732453405857	-0.099927790462971
0.014278853312135	-0.10687825828791	-0.40044701099396	0.062371142208576	0.047164209187031	0.0007401630282402	-0.00070324167609215	0.056732520461082	-0.099927663803101
0.014278767630458	-0.10687826573849	-0.40044671297073	0.062316931784153	0.047142438590527	0.00074008107185364	-0.00070321932435036	0.05673249065876	-0.099927701056004
0.014278557151556	-0.10687810927629	-0.40044635534286	0.062262460589409	0.047120407223701	0.00074013322591782	-0.00070321559906006	0.056732639670372	-0.09992777556181
0.014278592541814	-0.10687832534313	-0.40044614672661	0.062207937240601	0.047098122537136	0.00074007362127304	-0.00070320069789886	0.056732706725597	-0.099927864968777
0.014279061928391	-0.10687804967165	-0.40044686198235	0.062153771519661	0.047075979411602	0.00073996931314468	-0.00070327520370483	0.056732509285212	-0.09992790967226
0.014279315248132	-0.10687815397978	-0.40044692158699	0.062099918723106	0.047054007649422	0.00074012577533722	-0.0007035881280899	0.056732431054115	-0.099927686154842
0.014279515482485	-0.10687834769487	-0.40044692158699	0.062046512961388	0.047032237052917	0.00074008852243423	-0.00070362538099289	0.056732498109341	-0.099927648901939
0.014279276132584	-0.10687829554081	-0.40044692158699	0.06199324131012	0.047010287642479	0.00074005126953125	-0.00070372223854065	0.056732386350632	-0.099927648901939
0.014279568567872	-0.10687817633152	-0.40044695138931	0.061940312385559	0.046988606452942	0.00074013322591782	-0.00070391595363617	0.056732505559921	-0.099927522242069
0.014278966933489	-0.10687816888094	-0.4004468023777	0.061887875199318	0.0469666197896	0.00074002891778946	-0.00070388987660408	0.056732498109341	-0.099927462637424
0.014278948307037	-0.10687810182571	-0.40044656395912	0.061835408210754	0.046944670379162	0.00074008107185364	-0.00070391595363617	0.056732572615147	-0.099927589297295
0.014278816990554	-0.10687811672688	-0.40044641494751	0.061782911419868	0.04692267626524	0.00074008107185364	-0.0007038526237011	0.056732647120953	-0.099927589297295
0.01427901070565	-0.106878221035	-0.4004465341568	0.06173050403595	0.046900473535061	0.00074010342359543	-0.0007038377225399	0.056732680648565	-0.099927559494972
0.014278947375715	-0.1068781837821	-0.40044644474983	0.061678282916546	0.046878144145012	0.00074008107185364	-0.00070396810770035	0.056732572615147	-0.09992753714323
0.014278849586844	-0.10687819123268	-0.40044647455215	0.061626821756363	0.046855852007866	0.00074013322591782	-0.00070390477776527	0.056732714176178	-0.099927477538586
0.0142787033692	-0.10687842220068	-0.4004462659359	0.061575077474117	0.046833090484142	0.00074009597301483	-0.00070392712950706	0.056732792407274	-0.099927514791489
0.014278645627201	-0.10687839239836	-0.40044644474983	0.06152318418026	0.046810269355774	0.00073999911546707	-0.00070398673415184	0.056732684373856	-0.099927552044392
0.014279210008681	-0.10687828809023	-0.40044641494751	0.061471715569496	0.046787492930889	0.00074004381895065	-0.00070403516292572	0.056732762604952	-0.099927566945553
0.014279073104262	-0.10687812417746	-0.40044620633125	0.06142009049654	0.046764560043812	0.00074010342359543	-0.0007040873169899	0.056732963770628	-0.09992753714323
0.014279105700552	-0.10687802731991	-0.40044611692429	0.061368465423584	0.046741358935833	0.00073999911546707	-0.0007040835916996	0.056733023375273	-0.099927596747875
0.014279978349805	-0.10687816143036	-0.40044689178467	0.061317339539528	0.046718306839466	0.00074021518230438	-0.00070429965853691	0.056732781231403	-0.099927291274071
0.014279687777162	-0.10687797516584	-0.40044704079628	0.061266519129276	0.046695560216904	0.00074009597301483	-0.0007045567035675	0.056732721626759	-0.099927522242069
0.014279950410128	-0.10687823593616	-0.40044710040092	0.061215966939926	0.046672739088535	0.00074014067649841	-0.00070461630821228	0.05673274025321	-0.099927298724651
0.014280091039836	-0.10687819868326	-0.40044689178467	0.061165809631348	0.046649932861328	0.00074018537998199	-0.00070473551750183	0.05673273652792	-0.099927321076393
0.014279624447227	-0.10687813162804	-0.40044692158699	0.061115697026253	0.04662711173296	0.00074008852243423	-0.00070471316576004	0.056732706725597	-0.09992741048336
0.014279297553003	-0.10687819868326	-0.40044689178467	0.061065755784512	0.046604335308075	0.00074005872011185	-0.00070473179221153	0.056732766330242	-0.099927321076393
0.01427950616926	-0.10687829554081	-0.40044665336609	0.061016075313091	0.046581283211708	0.00073996931314468	-0.00070483982563019	0.056732766330242	-0.09992740303278
0.014279107563198	-0.10687827318907	-0.40044668316841	0.060966640710831	0.046558052301407	0.00074013322591782	-0.0007048062980175	0.056732885539532	-0.099927142262459
0.014279000461102	-0.10687804222107	-0.40044641494751	0.060917153954506	0.046534642577171	0.00074007362127304	-0.00070489197969437	0.056733015924692	-0.09992728382349
0.014278721064329	-0.1068781465292	-0.40044635534286	0.06086777895689	0.046510726213455	0.00074008107185364	-0.00070462748408318	0.056733045727015	-0.099927268922329
0.014278729446232	-0.10687813907862	-0.40044656395912	0.060818202793598	0.046486832201481	0.00074004381895065	-0.00070469081401825	0.05673310905695	-0.09992728382349
0.014279052615166	-0.10687857121229	-0.40044692158699	0.060768753290176	0.046462655067444	0.00074008107185364	-0.00070466846227646	0.056732900440693	-0.099927291274071
0.01427907962352	-0.10687804222107	-0.40044718980789	0.060719266533852	0.046438753604889	0.00074000656604767	-0.00070477649569511	0.056732889264822	-0.099927335977554
0.014279711991549	-0.10687827318907	-0.40044724941254	0.060669839382172	0.046414911746979	0.00074015557765961	-0.00070500001311302	0.056732889264822	-0.099927306175232
0.014279549941421	-0.10687819868326	-0.40044721961021	0.060620926320553	0.046391002833843	0.00074005126953125	-0.00070494040846825	0.056732796132565	-0.099927335977554
0.014279627241194	-0.10687828063965	-0.40044721961021	0.060572110116482	0.046367071568966	0.00074020028114319	-0.00070500001311302	0.056732892990112	-0.099927082657814
0.014279605820775	-0.10687799751759	-0.40044713020325	0.06052353978157	0.046343177556992	0.00074006617069244	-0.00070508196949959	0.056732952594757	-0.099927186965942
0.014279349707067	-0.10687823593616	-0.40044689178467	0.060475066304207	0.046318866312504	0.00074014812707901	-0.0007050484418869	0.056732937693596	-0.099927105009556
0.014279148541391	-0.10687813907862	-0.40044650435448	0.060426093637943	0.046294294297695	0.00074009597301483	-0.00070495158433914	0.056733123958111	-0.099927179515362
0.014387904666364	-0.13069269061089	-0.42163902521133	0.060332223773003	0.046457998454571	0.00074388086795807	-0.00073431804776192	0.056474097073078	-0.099054023623466
0.014205715619028	-0.15651953220367	-0.44271656870842	0.060270614922047	0.046924360096455	0.00074446201324463	-0.00073400884866714	0.056350529193878	-0.098145075142384
0.013806170783937	-0.18269436061382	-0.46136528253555	0.060252860188484	0.048132441937923	0.00073574483394623	-0.00069453194737434	0.056616622954607	-0.097218528389931
0.013108776882291	-0.2091953009367	-0.47999021410942	0.060425065457821	0.050209254026413	0.0016492381691933	-0.00055001303553581	0.057079251855612	-0.095919229090214
0.012531008571386	-0.23602473735809	-0.49575319886208	0.060562483966351	0.052975542843342	0.002838060259819	-0.00047783926129341	0.057930938899517	-0.094667226076126
0.012017956003547	-0.26309517025948	-0.50970888137817	0.060636289417744	0.055899076163769	0.0040255859494209	-0.00043695047497749	0.058969583362341	-0.093460723757744
0.01151327509433	-0.29024556279182	-0.5218608379364	0.06066819280386	0.058904334902763	0.0051612108945847	-0.00041097030043602	0.060160260647535	-0.092307776212692
0.010890329256654	-0.31725898385048	-0.53208887577057	0.060717537999153	0.062075726687908	0.0062845572829247	-0.00037619844079018	0.061515543609858	-0.091191038489342
0.010209838859737	-0.34388092160225	-0.54025715589523	0.06076518073678	0.065474361181259	0.007369302213192	-0.00033611431717873	0.063027240335941	-0.090111680328846
0.0095157884061337	-0.36982184648514	-0.54622268676758	0.06080574542284	0.06902714073658	0.0083989948034286	-0.0002991184592247	0.064686164259911	-0.089078761637211
0.0088041312992573	-0.39478388428688	-0.54984468221664	0.060844924300909	0.072719380259514	0.0093840211629868	-0.00026331841945648	0.066485933959484	-0.088094256818295
0.0080741485580802	-0.41845923662186	-0.55099040269852	0.060891397297382	0.076561912894249	0.010353513062	-0.0002298504114151	0.068428993225098	-0.087145581841469
0.0073148817755282	-0.44053989648819	-0.54954695701599	0.060948126018047	0.080516062676907	0.011235848069191	-0.00018858909606934	0.070492088794708	-0.086266256868839
0.0065682306885719	-0.46074724197388	-0.54541712999344	0.061005897819996	0.084582954645157	0.01205150783062	-0.00014696642756462	0.072672687470913	-0.085448302328587
0.0058571300469339	-0.47881641983986	-0.53853315114975	0.06106624007225	0.08877457678318	0.012796923518181	-0.00010717660188675	0.074959009885788	-0.084701016545296
0.0051175281405449	-0.49452498555183	-0.52885162830353	0.061147145926952	0.093090802431107	0.013477765023708	-5.9530138969421e-05	0.077345371246338	-0.084019795060158
0.0043996688909829	-0.50768035650253	-0.51635956764221	0.061225399374962	0.097514934837818	0.014100305736065	-1.1846423149109e-05	0.079826012253761	-0.083400920033455
0.0037071795668453	-0.51814556121826	-0.50107324123383	0.061303421854973	0.102026052773	0.014652527868748	3.6146491765976e-05	0.082388512790203	-0.082852214574814
0.0030442383140326	-0.52582210302353	-0.48303723335266	0.061383552849293	0.10660941153765	0.015129424631596	8.2682818174362e-05	0.08502059429884	-0.082378447055817
0.0024539071600884	-0.53066051006317	-0.4623242020607	0.061455439776182	0.11111713945866	0.015524491667747	0.00011786073446274	0.087708838284016	-0.08198818564415
0.0018451226642355	-0.53265482187271	-0.43902593851089	0.061544165015221	0.11568051576614	0.015858925879002	0.00016072392463684	0.090450257062912	-0.081668511033058
0.001240577083081	-0.53183495998383	-0.41325756907463	0.061647847294807	0.12030932307243	0.016108870506287	0.00021043047308922	0.093231588602066	-0.081425845623016
0.00066506158327684	-0.52826482057571	-0.38515010476112	0.061759740114212	0.12498160451651	0.016273245215416	0.00026257708668709	0.0960408821702	-0.08126263320446
0.00012334751954768	-0.52203762531281	-0.35484671592712	0.061877507716417	0.1296794116497	0.016354322433472	0.00031539797782898	0.098866805434227	-0.081179052591324
-0.00038512845640071	-0.51326656341553	-0.32250127196312	0.062000639736652	0.13438794016838	0.016351453959942	0.0003679133951664	0.10169851779938	-0.081176042556763
-0.00086161179933697	-0.5020826458931	-0.28827357292175	0.062132079154253	0.13909444212914	0.016267389059067	0.00042065605521202	0.10452484339476	-0.08125326782465
-0.0013106251135468	-0.48862764239311	-0.25232815742493	0.062274664640427	0.14379370212555	0.016099847853184	0.00047296658158302	0.10733500123024	-0.081409126520157
-0.0017328435787931	-0.47305253148079	-0.21483226120472	0.062415819615126	0.14847812056541	0.015855625271797	0.00052476301789284	0.1101179420948	-0.081643640995026
-0.0021208769176155	-0.45551213622093	-0.17595401406288	0.062553018331528	0.153131082654	0.01553151756525	0.00057556852698326	0.11286249756813	-0.081956371665001
-0.0024892785586417	-0.43616303801537	-0.13586322963238	0.062697313725948	0.15773871541023	0.01512735337019	0.00062615051865578	0.1155579611659	-0.082345187664032
-0.0028343186713755	-0.41516134142876	-0.094727620482445	0.062828496098518	0.16229820251465	0.0146529302001	0.00067358836531639	0.11819414794445	-0.082807302474976
-0.0031336646061391	-0.39266389608383	-0.052716493606567	0.062921963632107	0.16679331660271	0.014094676822424	0.00071662664413452	0.12075911462307	-0.083344668149948
-0.0034295215737075	-0.36882454156876	-0.0099967289716005	0.063015922904015	0.1712192595005	0.01346780359745	0.00076344609260559	0.12324666976929	-0.083949826657772
-0.0037081788759679	-0.34379500150681	0.033259648829699	0.063116639852524	0.17555704712868	0.012757293879986	0.00081010535359383	0.12564384937286	-0.084623605012894
-0.0039643165655434	-0.31772518157959	0.076882980763912	0.063218876719475	0.17980578541756	0.01197912171483	0.00085572898387909	0.12794262170792	-0.085361771285534
-0.004197702743113	-0.29076439142227	0.12069929391146	0.063322328031063	0.18395249545574	0.011135660111904	0.00089972093701363	0.1301336735487	-0.086161680519581
-0.0044098445214331	-0.26306000351906	0.16453149914742	0.063428021967411	0.18798592686653	0.01022881641984	0.00094170495867729	0.13220854103565	-0.087019927799702
-0.0046020555309951	-0.23476022481918	0.20819769799709	0.063534393906593	0.19189873337746	0.0092638619244099	0.00098169595003128	0.13415923714638	-0.087932728230953
-0.0047746817581356	-0.20601272583008	0.251510232687	0.063641242682934	0.19568257033825	0.0082439258694649	0.0010194517672062	0.13597808778286	-0.08889676630497
-0.0049337996169925	-0.17696937918663	0.29427245259285	0.06374891102314	0.19932997226715	0.0071726143360138	0.0010564550757408	0.13765855133533	-0.089907608926296
-0.0050702132284641	-0.14778284728527	0.33628195524216	0.063851349055767	0.20283198356628	0.0060532167553902	0.0010900758206844	0.1391932964325	-0.090961925685406
-0.0051881754770875	-0.118611715734	0.37732237577438	0.063953712582588	0.20618268847466	0.0048920586705208	0.0011207982897758	0.14057669043541	-0.092055067420006
-0.0052906451746821	-0.089617878198624	0.41716977953911	0.064058974385262	0.20937764644623	0.0036922097206116	0.0011493563652039	0.14180338382721	-0.093182787299156
-0.0053793988190591	-0.060969319194555	0.45558732748032	0.064167052507401	0.21241134405136	0.0024580433964729	0.0011756867170334	0.14286878705025	-0.094340555369854
-0.0054264240898192	-0.032839510589838	0.49269118905067	0.064214982092381	0.21533386409283	0.0013855546712875	0.0011834502220154	0.1438460201025	-0.09553924202919
-0.0053004343062639	-0.0054088342003524	0.52739292383194	0.064246699213982	0.21774305403233	0.0014115124940872	0.0011077709496021	0.14476086199284	-0.096433520317078
-0.0051943399012089	0.021139102056623	0.55980271100998	0.064281858503819	0.21951472759247	0.0014341324567795	0.0010274536907673	0.14549450576305	-0.097335316240788
-0.0052048517391086	0.046617660671473	0.58992964029312	0.064311504364014	0.22107663750648	0.0014491453766823	0.001009788364172	0.14610907435417	-0.09822353720665
-0.0051870523020625	0.070840030908585	0.61776387691498	0.064146474003792	0.22281485795975	0.0014672130346298	0.00097658112645149	0.14670413732529	-0.09897642582655
-0.0054263160564005	0.093624278903008	0.64258635044098	0.064057067036629	0.22403252124786	0.0014868341386318	0.00097290053963661	0.14722131192684	-0.099565654993057
-0.005450916942209	0.091995850205421	0.64042657613754	0.064002111554146	0.2241787314415	0.0014909952878952	0.00099673494696617	0.14730283617973	-0.099426053464413
-0.0054246243089437	0.08955729752779	0.637355864048	0.06387759745121	0.2240032851696	0.0014888197183609	0.0010032169520855	0.14729832112789	-0.099314019083977
-0.0054649659432471	0.08791933208704	0.63510036468506	0.063750095665455	0.22380641102791	0.0014867894351482	0.0010172761976719	0.14724999666214	-0.099256955087185
-0.0054798787459731	0.086894519627094	0.63366270065308	0.063629895448685	0.22361463308334	0.0014852732419968	0.0010223984718323	0.14721038937569	-0.099225334823132
-0.005482489708811	0.08625977486372	0.63277298212051	0.063513144850731	0.22343072295189	0.0014841519296169	0.001023855060339	0.14718353748322	-0.099207699298859
-0.0054782996885478	0.08586698025465	0.63222670555115	0.06339693069458	0.22325265407562	0.0014836750924587	0.0010235384106636	0.14716610312462	-0.099197119474411
-0.0054710730910301	0.085624225437641	0.63189339637756	0.063280701637268	0.22307902574539	0.0014833621680737	0.001022282987833	0.1471551656723	-0.099190801382065
-0.0054640136659145	0.085474207997322	0.63169050216675	0.063164472579956	0.22290851175785	0.0014831759035587	0.0010205805301666	0.14714860916138	-0.099186964333057
-0.0054593328386545	0.085381329059601	0.63156771659851	0.063048586249352	0.22273969650269	0.0014829859137535	0.0010197274386883	0.1471446454525	-0.09918462485075
-0.0054550329223275	0.08532390743494	0.63149297237396	0.062932729721069	0.22257179021835	0.0014829076826572	0.0010185986757278	0.14714209735394	-0.099183209240437
-0.0054527814500034	0.085288420319557	0.6314480304718	0.062817215919495	0.2224043160677	0.0014829225838184	0.0010181553661823	0.14714062213898	-0.099182076752186
-0.0054513919167221	0.085266418755054	0.63142085075378	0.062701679766178	0.22223721444607	0.0014827623963356	0.0010176487267017	0.14713975787163	-0.099181681871414
-0.0054509611800313	0.085253000259399	0.63140487670898	0.062586188316345	0.22207021713257	0.0014828033745289	0.0010174959897995	0.14713934063911	-0.099181354045868
-0.0054506068117917	0.085244402289391	0.63139474391937	0.062470704317093	0.22190326452255	0.0014828518033028	0.0010175779461861	0.14713898301125	-0.099181108176708
-0.005451294593513	0.085239470005035	0.63138896226883	0.062355205416679	0.22173653542995	0.0014827959239483	0.0010177716612816	0.1471389234066	-0.099180929362774
-0.005451403092593	0.085236296057701	0.63138544559479	0.062239587306976	0.22156958281994	0.0014828406274319	0.0010178312659264	0.14713886380196	-0.099180914461613
-0.0054503190331161	0.085234180092812	0.63138329982758	0.062123902142048	0.22140246629715	0.0014828518033028	0.001017551869154	0.14713874459267	-0.099180817604065
-0.005449840798974	0.085232965648174	0.63138175010681	0.062008172273636	0.22123531997204	0.0014828480780125	0.0010174214839935	0.14713874459267	-0.09918075799942
-0.0054497825913131	0.085232146084309	0.63138067722321	0.061892673373222	0.22106830775738	0.0014827512204647	0.0010172948241234	0.14713871479034	-0.099180810153484
-0.0054495404474437	0.085231803357601	0.63138025999069	0.061777345836163	0.22090148925781	0.0014828182756901	0.0010170713067055	0.14713872969151	-0.09918063133955
-0.0054500480182469	0.085231512784958	0.63138008117676	0.061662063002586	0.22073456645012	0.0014828070998192	0.0010172873735428	0.14713874459267	-0.099180586636066
-0.0054489616304636	0.085231266915798	0.6313796043396	0.061546869575977	0.22056767344475	0.001482792198658	0.0010167323052883	0.14713858067989	-0.099180735647678
-0.0054493308998644	0.085231184959412	0.63137984275818	0.06143182516098	0.22040067613125	0.0014828369021416	0.0010167360305786	0.14713852107525	-0.099180676043034
-0.0054512531496584	0.085231013596058	0.63138020038605	0.061317138373852	0.22023388743401	0.0014827772974968	0.0010175704956055	0.14713871479034	-0.099180698394775
-0.0054518925026059	0.085231028497219	0.63138037919998	0.061202093958855	0.22006702423096	0.0014827586710453	0.0010178349912167	0.14713880419731	-0.099180892109871
-0.0054513229988515	0.085231021046638	0.63138002157211	0.061087116599083	0.21989983320236	0.001482829451561	0.0010179318487644	0.1471386551857	-0.099180713295937
-0.0054507530294359	0.085230983793736	0.63138002157211	0.060972020030022	0.21973264217377	0.0014828331768513	0.0010176636278629	0.14713875949383	-0.099180661141872
-0.005450317170471	0.085230827331543	0.63137984275818	0.06085692346096	0.21956510841846	0.0014828890562057	0.0010174885392189	0.14713853597641	-0.099180772900581
-0.005450296215713	0.08523090928793	0.63137996196747	0.060741946101189	0.21939784288406	0.0014829114079475	0.0010176859796047	0.14713868498802	-0.099180638790131
-0.0054497974924743	0.085230827331543	0.63137996196747	0.060626998543739	0.21923032402992	0.0014827996492386	0.0010174699127674	0.14713855087757	-0.099180646240711
-0.0054488498717546	0.085230767726898	0.63137972354889	0.06051192432642	0.21906293928623	0.0014827437698841	0.0010169595479965	0.14713867008686	-0.099180735647678
-0.0054487087763846	0.085230737924576	0.63137954473495	0.060397036373615	0.21889521181583	0.0014829002320766	0.0010168179869652	0.14713850617409	-0.099180608987808
-0.0054491898044944	0.085230775177479	0.63137948513031	0.060282304883003	0.21872758865356	0.0014827661216259	0.001016903668642	0.14713850617409	-0.099180802702904
-0.0054491120390594	0.085230961441994	0.63137948513031	0.060167461633682	0.21855971217155	0.0014828220009804	0.0010167099535465	0.1471384614706	-0.099180795252323
-0.0054495027288795	0.085230797529221	0.63137966394424	0.060052827000618	0.21839188039303	0.0014828555285931	0.0010167993605137	0.14713852107525	-0.099180720746517
-0.0054489402100444	0.085230849683285	0.6313796043396	0.059938207268715	0.21822381019592	0.0014828070998192	0.0010165683925152	0.14713841676712	-0.099180713295937
-0.0054479441605508	0.085230678319931	0.63137936592102	0.059823654592037	0.21805554628372	0.0014828406274319	0.0010159388184547	0.14713828265667	-0.099180720746517
-0.0054473243653774	0.08523091673851	0.63137912750244	0.059709377586842	0.21788737177849	0.0014827847480774	0.0010154992341995	0.14713826775551	-0.099180735647678
-0.0054478934034705	0.085230782628059	0.63137930631638	0.059595175087452	0.21771889925003	0.0014827810227871	0.0010154321789742	0.1471381187439	-0.099180698394775
-0.0054482687264681	0.085230939090252	0.63137948513031	0.059480808675289	0.21755047142506	0.0014826916158199	0.0010152943432331	0.14713823795319	-0.099180839955807
-0.005449075717479	0.085230849683285	0.63137972354889	0.059366665780544	0.21738174557686	0.0014827772974968	0.0010155066847801	0.14713814854622	-0.099180735647678
-0.0054483008570969	0.085230834782124	0.63137966394424	0.059252522885799	0.21721288561821	0.001482792198658	0.001015018671751	0.1471381187439	-0.099180690944195
-0.0054482873529196	0.085230685770512	0.6313796043396	0.059138379991055	0.21704369783401	0.0014828369021416	0.0010146759450436	0.14713788032532	-0.099180780351162
-0.0054473443888128	0.085230812430382	0.63137912750244	0.059024333953857	0.2168744802475	0.0014827214181423	0.0010141395032406	0.14713789522648	-0.099180802702904
-0.0054475404322147	0.085230894386768	0.63137948513031	0.058910220861435	0.21670499444008	0.0014828033745289	0.0010139048099518	0.14713782072067	-0.099180676043034
-0.0054484768770635	0.085230983793736	0.63137936592102	0.058796390891075	0.21653538942337	0.0014828555285931	0.0010140798985958	0.14713770151138	-0.099180608987808
-0.005448164884001	0.085231073200703	0.6313796043396	0.058682210743427	0.21636563539505	0.0014828033745289	0.0010135658085346	0.14713762700558	-0.099180854856968
-0.0054490067996085	0.085231058299541	0.63137996196747	0.058568470180035	0.21619582176208	0.001482792198658	0.0010138265788555	0.14713761210442	-0.099180810153484
-0.0054500037804246	0.085230842232704	0.63138031959534	0.05845458060503	0.21602603793144	0.0014827884733677	0.001014057546854	0.14713786542416	-0.099180698394775
-0.0054499283432961	0.085230797529221	0.63138020038605	0.058340840041637	0.21585589647293	0.0014828629791737	0.0010139346122742	0.14713764190674	-0.099180899560452
-0.0054494887590408	0.085230946540833	0.63137990236282	0.058226838707924	0.21568576991558	0.0014828704297543	0.0010136030614376	0.14713761210442	-0.099180743098259
-0.0054490808397532	0.085230849683285	0.63137990236282	0.058113224804401	0.21551564335823	0.0014828070998192	0.001013308763504	0.14713755249977	-0.099180810153484
-0.0054503437131643	0.085230857133865	0.63138002157211	0.057999663054943	0.21534538269043	0.0014827735722065	0.0010137520730495	0.14713756740093	-0.099180795252323
-0.0054501299746335	0.085231021046638	0.63138002157211	0.057885721325874	0.21517491340637	0.0014828145503998	0.0010135322809219	0.1471374630928	-0.099180839955807
-0.0054500163532794	0.085230983793736	0.63138002157211	0.057771980762482	0.21500457823277	0.001482792198658	0.0010134316980839	0.14713749289513	-0.099180765450001
-0.0054502626881003	0.08523090928793	0.63137984275818	0.057658404111862	0.21483434736729	0.0014826953411102	0.0010133422911167	0.14713759720325	-0.099180839955807
-0.0054489565081894	0.085231028497219	0.63137984275818	0.057544834911823	0.21466359496117	0.0014828816056252	0.0010129325091839	0.14713731408119	-0.099180765450001
-0.0054492307826877	0.085230797529221	0.63138020038605	0.057431295514107	0.21449279785156	0.0014828592538834	0.0010128058493137	0.14713725447655	-0.099180780351162
-0.0054484456777573	0.085230886936188	0.63137996196747	0.057318016886711	0.21432185173035	0.0014828257262707	0.0010124146938324	0.14713729918003	-0.099180817604065
-0.0054476601071656	0.085231006145477	0.63137984275818	0.057205095887184	0.21415054798126	0.001482930034399	0.001011922955513	0.14713709056377	-0.099180825054646
-0.0054468126036227	0.085230693221092	0.63137948513031	0.057092249393463	0.21397903561592	0.0014827661216259	0.0010112933814526	0.14713695645332	-0.099180892109871
-0.005446978379041	0.085230745375156	0.63137936592102	0.056979671120644	0.21380761265755	0.001482892781496	0.0010109543800354	0.14713689684868	-0.099180698394775
-0.0054477243684232	0.085230827331543	0.63138008117676	0.056867316365242	0.21363608539104	0.0014828555285931	0.0010109059512615	0.14713680744171	-0.099180683493614
-0.0054480372928083	0.085230953991413	0.6313801407814	0.056755021214485	0.21346431970596	0.0014827623963356	0.0010107345879078	0.14713676273823	-0.099180951714516
-0.0054487711749971	0.08523079007864	0.63138043880463	0.056642681360245	0.21329253911972	0.0014827959239483	0.0010107308626175	0.14713677763939	-0.099180892109871
-0.0054497984237969	0.085230939090252	0.63138061761856	0.056530512869358	0.21312069892883	0.0014828070998192	0.0010108724236488	0.14713683724403	-0.099180839955807
-0.0054487842135131	0.08523104339838	0.63138031959534	0.056418254971504	0.21294869482517	0.0014827884733677	0.0010105334222317	0.14713680744171	-0.099180810153484
-0.0054491381160915	0.085230827331543	0.63138043880463	0.056306168437004	0.21277663111687	0.0014827661216259	0.0010103993117809	0.14713677763939	-0.099180817604065
-0.0054498231038451	0.085230894386768	0.6313807964325	0.056194096803665	0.21260437369347	0.0014827884733677	0.0010105147957802	0.1471366584301	-0.099180921912193
-0.0054505518637598	0.085231065750122	0.63138091564178	0.056082144379616	0.21243199706078	0.0014827810227871	0.0010107196867466	0.14713661372662	-0.099181026220322
-0.0054506678134203	0.085230953991413	0.6313807964325	0.055970013141632	0.21225965023041	0.0014828369021416	0.0010106861591339	0.14713661372662	-0.099180988967419
-0.0054500815458596	0.085230782628059	0.63138043880463	0.055858165025711	0.21208721399307	0.0014827847480774	0.0010105147957802	0.14713656902313	-0.099180907011032
-0.005449331831187	0.085230998694897	0.63138043880463	0.055746346712112	0.211914524436	0.0014828145503998	0.0010100714862347	0.1471363902092	-0.099180862307549
-0.0054495637305081	0.085230842232704	0.63138049840927	0.055634871125221	0.21174192428589	0.0014828443527222	0.0010101422667503	0.14713642001152	-0.099180936813354
-0.0054503902792931	0.085230857133865	0.63138067722321	0.055523432791233	0.21156910061836	0.0014827735722065	0.0010103397071362	0.1471363902092	-0.09918100386858
-0.0054491613991559	0.085230827331543	0.63138073682785	0.055411860346794	0.21139603853226	0.0014827959239483	0.0010099075734615	0.14713649451733	-0.099180944263935
-0.0054498398676515	0.085230834782124	0.63138067722321	0.055300369858742	0.21122294664383	0.0014827772974968	0.0010099783539772	0.147136464715	-0.099181085824966
-0.005449878051877	0.085231021046638	0.63138043880463	0.055188953876495	0.2110498547554	0.0014828778803349	0.0010097175836563	0.14713628590107	-0.099181085824966
-0.0054504657164216	0.085230998694897	0.6313807964325	0.055077686905861	0.2108768671751	0.0014829263091087	0.0010098479688168	0.14713630080223	-0.099181026220322
-0.0054501271806657	0.085231117904186	0.63138049840927	0.054966375231743	0.21070364117622	0.0014827772974968	0.0010097548365593	0.14713630080223	-0.09918113052845
-0.0051819873042405	0.065251782536507	0.59095287322998	0.054821580648422	0.20988044142723	0.001440305262804	0.00092759355902672	0.14564052224159	-0.098605446517467
-0.0051833176985383	0.045671675354242	0.54999566078186	0.054636307060719	0.2089270055294	0.0013898983597755	0.00093279778957367	0.14366665482521	-0.098655752837658
-0.0050684721209109	0.027771878987551	0.51138418912888	0.054340094327927	0.20817774534225	0.0013334304094315	0.0008673332631588	0.14153531193733	-0.098825074732304
-0.004841823130846	0.011297195218503	0.47554916143417	0.054069891571999	0.20781534910202	0.0012804567813873	0.00080529972910881	0.13957521319389	-0.098891355097294
-0.004485335201025	-0.019146971404552	0.40750685334206	0.053547412157059	0.20694693922997	0.0011764541268349	0.00075005739927292	0.13578705489635	-0.098944023251534
-0.0040816799737513	-0.033282857388258	0.37482088804245	0.053291238844395	0.20721089839935	0.0011250674724579	0.00064870342612267	0.13382530212402	-0.098984874784946
-0.0039859907701612	-0.045573275536299	0.34591838717461	0.053052924573421	0.20708614587784	0.0010823905467987	0.00064340606331825	0.13212767243385	-0.098970361053944
-0.0037946766242385	-0.057270497083664	0.31753686070442	0.052792049944401	0.20682483911514	0.0010370202362537	0.00061613321304321	0.13038685917854	-0.098981313407421
-0.0035983070265502	-0.068455100059509	0.28961944580078	0.052522830665112	0.20657333731651	0.00099047273397446	0.00058237463235855	0.12860672175884	-0.099005594849586
-0.0033945150207728	-0.079119272530079	0.26229581236839	0.052249945700169	0.20634663105011	0.00094402581453323	0.00054888054728508	0.12681764364243	-0.099028401076794
-0.0029555032961071	-0.099689789116383	0.20739586651325	0.051684223115444	0.20548805594444	0.00084479153156281	0.00049503520131111	0.12308780103922	-0.099076941609383
-0.002535754814744	-0.1091201454401	0.18085651099682	0.051363341510296	0.20582363009453	0.00079561769962311	0.00039704516530037	0.12115295231342	-0.0991195961833
-0.002446873113513	-0.11732449382544	0.15720470249653	0.05108654499054	0.20573306083679	0.00075508654117584	0.0004035197198391	0.11948816478252	-0.099107071757317
-0.0022642917465419	-0.12511490285397	0.13365465402603	0.05079510062933	0.20550346374512	0.00071094930171967	0.00038615986704826	0.11775521934032	-0.099122449755669
-0.0020203194580972	-0.13251166045666	0.11032359302044	0.050495497882366	0.20528303086758	0.0006653219461441	0.00035326555371284	0.11598102748394	-0.099145039916039
-0.0017645771149546	-0.13948507606983	0.087374053895473	0.050191100686789	0.20507970452309	0.00061965733766556	0.00031911209225655	0.11419387161732	-0.099166303873062
-0.0015048594214022	-0.14601439237595	0.064861930906773	0.0498824454844	0.20488421618938	0.0005737841129303	0.00028586387634277	0.11240109056234	-0.099186018109322
-0.0012396997772157	-0.15208721160889	0.042806122452021	0.049570593982935	0.20469315350056	0.00052782148122787	0.00025330483913422	0.11060331016779	-0.09920597076416
-0.00096318370196968	-0.15769679844379	0.02121901512146	0.04925474524498	0.20451003313065	0.00048193335533142	0.00021940469741821	0.10880218446255	-0.099224716424942
-0.00068241235567257	-0.16283874213696	0.00010693074727897	0.048934649676085	0.20433302223682	0.00043575465679169	0.000186987221241	0.10699895769358	-0.099243775010109
-0.00039124902104959	-0.16751173138618	-0.020533159375191	0.048609968274832	0.20416298508644	0.00038957595825195	0.00015454366803169	0.10519372671843	-0.099262721836567
-8.9159068011213e-05	-0.17171283066273	-0.040701556950808	0.048280507326126	0.20399987697601	0.00034347176551819	0.00012177973985672	0.10338709503412	-0.09928122907877
0.00022249561152421	-0.17544108629227	-0.060402121394873	0.047948013991117	0.20384484529495	0.00029725581407547	8.9198350906372e-05	0.1015794724226	-0.099299609661102
0.00041789285023697	-0.17869481444359	-0.079826720058918	0.047684945166111	0.20353163778782	0.00024779140949249	5.422905087471e-05	0.099700912833214	-0.099341630935669
0.0007773403194733	-0.18147170543671	-0.098365426063538	0.047566212713718	0.2031871676445	0.00026311725378036	3.9875507354736e-05	0.097956694662571	-0.099335409700871
0.0016011514235288	-0.18585838377476	-0.13620389997959	0.047348514199257	0.20197279751301	0.00029721856117249	-4.69870865345e-05	0.094160191714764	-0.099364101886749
0.002027980517596	-0.18723972141743	-0.15439788997173	0.047106217592955	0.20210868120193	0.0003146156668663	-0.00010731071233749	0.092191241681576	-0.099405445158482
0.0027539532165974	-0.18851108849049	-0.18798865377903	0.046882137656212	0.20123669505119	0.00035367906093597	-0.0001392737030983	0.088646307587624	-0.099410943686962
0.0032838999759406	-0.18827469646931	-0.20437921583652	0.046779379248619	0.20173424482346	0.00037651509046555	-0.00021195784211159	0.086753353476524	-0.099428258836269
0.0036743378732353	-0.18751020729542	-0.21880254149437	0.046703062951565	0.20194278657436	0.00039999186992645	-0.00022643804550171	0.085134595632553	-0.099428430199623
0.0040857316926122	-0.18627680838108	-0.23332069814205	0.046611297875643	0.20204931497574	0.00042023509740829	-0.00024460628628731	0.083419531583786	-0.099444672465324
0.0045477231033146	-0.18455956876278	-0.24771901965141	0.046516206115484	0.2021496295929	0.00044132769107819	-0.00027362257242203	0.081645451486111	-0.099462822079659
0.0050409049727023	-0.18234279751778	-0.26180270314217	0.046417534351349	0.20225635170937	0.00046252459287643	-0.00030488148331642	0.079851284623146	-0.099479928612709
0.0055452440865338	-0.17961345613003	-0.27549290657043	0.046327419579029	0.20236030220985	0.0004836767911911	-0.00033407285809517	0.078049354255199	-0.099497780203819
0.0060910261236131	-0.17636249959469	-0.28876933455467	0.046233966946602	0.20245997607708	0.00050514191389084	-0.00036488845944405	0.076244935393333	-0.099514164030552
0.0066588460467756	-0.17258110642433	-0.30161842703819	0.046138349920511	0.20256136357784	0.00052652508020401	-0.00039535015821457	0.074434921145439	-0.099529579281807
0.0079953093081713	-0.16330541670322	-0.32711854577065	0.046069387346506	0.20207518339157	0.00057122111320496	-0.00047482177615166	0.070660591125488	-0.099537521600723
0.00868084654212	-0.15767553448677	-0.33912682533264	0.045965813100338	0.20262089371681	0.00059399753808975	-0.00052550435066223	0.068697094917297	-0.09954971075058
0.0093249520286918	-0.15180116891861	-0.34931129217148	0.045885656028986	0.20288121700287	0.00061386823654175	-0.00053355842828751	0.067025661468506	-0.099576070904732
0.010061407461762	-0.14535042643547	-0.35943397879601	0.045807622373104	0.20306594669819	0.00063450634479523	-0.00055744498968124	0.065284579992294	-0.099594369530678
0.010861773975194	-0.13830530643463	-0.36930760741234	0.045729894191027	0.20326380431652	0.00065553188323975	-0.00059052184224129	0.063495934009552	-0.099607728421688
0.012688189744949	-0.12214826047421	-0.38884043693542	0.045687906444073	0.20295086503029	0.00069950520992279	-0.00067411735653877	0.059725761413574	-0.099602900445461
0.013941402547061	-0.11299926787615	-0.39707627892494	0.045771792531013	0.20308685302734	0.00072324275970459	-0.00076658651232719	0.057931736111641	-0.099622212350368
0.014421925880015	-0.10381202399731	-0.40392318367958	0.045923694968224	0.20236936211586	0.00073882937431335	-0.0006696991622448	0.056240320205688	-0.099878720939159
0.014381853863597	-0.10435824841261	-0.40363308787346	0.045946292579174	0.20235833525658	0.00074616819620132	-0.00069412961602211	0.056164160370827	-0.099893510341644
0.014349021017551	-0.10526323318481	-0.40257585048676	0.045926034450531	0.20242424309254	0.00074560195207596	-0.0007060132920742	0.05632546544075	-0.09990268945694
0.014316730201244	-0.10587435215712	-0.40176796913147	0.045880101621151	0.20249304175377	0.0007440373301506	-0.00070860981941223	0.056464850902557	-0.099913872778416
0.014314170926809	-0.10625701397657	-0.4012296795845	0.04581630975008	0.20253685116768	0.00074275583028793	-0.00070829689502716	0.056565627455711	-0.099921837449074
0.014303318224847	-0.10649397224188	-0.4009045958519	0.045755662024021	0.20255787670612	0.00074185431003571	-0.00070738047361374	0.05662989616394	-0.099925875663757
0.014296089299023	-0.10664096474648	-0.40070906281471	0.045693002641201	0.20256133377552	0.0007413849234581	-0.00070599094033241	0.056670442223549	-0.099928006529808
0.014289920218289	-0.10673146694899	-0.40059420466423	0.045629039406776	0.20255213975906	0.00074107199907303	-0.00070446729660034	0.056695610284805	-0.099929325282574
0.014285638928413	-0.10678713023663	-0.40052822232246	0.045564986765385	0.20253393054008	0.000740647315979	-0.00070324912667274	0.056710690259933	-0.09993015229702
0.014283316209912	-0.10682179033756	-0.40049093961716	0.045500621199608	0.20250999927521	0.00074043869972229	-0.00070246309041977	0.056719720363617	-0.09993052482605
