0	0	0	0.24739745259285	-0.56046283245087	0.001799963414669	-0.0011073052883148	0.088745057582855	-0.11110010743141
-0.21748818457127	-0.09503386169672	0.17133037745953	0.26186102628708	-0.59633523225784	0.0011192858219147	0.024335712194443	0.11517745256424	-0.10220734775066
-0.2992924451828	-0.12072695046663	0.23237375915051	0.26108178496361	-0.61535316705704	0.0021592825651169	0.034985363483429	0.12162816524506	-0.098591804504395
-0.30687671899796	-0.14359779655933	0.22016771137714	0.2592696249485	-0.62315255403519	0.0027089342474937	0.0372354388237	0.12193405628204	-0.096553117036819
-0.30370798707008	-0.16643612086773	0.19551363587379	0.25886949896812	-0.62307614088058	0.0040125995874405	0.036784887313843	0.12164887785912	-0.095169819891453
-0.29839035868645	-0.18944834172726	0.16850374639034	0.25869962573051	-0.62056910991669	0.0052161328494549	0.03590252995491	0.1212317943573	-0.093949750065804
-0.2921282351017	-0.21255615353584	0.14052927494049	0.2585768699646	-0.61768382787704	0.0063555613160133	0.034908324480057	0.12072309851646	-0.09277319163084
-0.28492560982704	-0.23565024137497	0.11180318146944	0.25844514369965	-0.61468416452408	0.0074428580701351	0.033787608146667	0.1201234459877	-0.091645501554012
-0.27673143148422	-0.25861519575119	0.082505472004414	0.25828847289085	-0.61154353618622	0.0084987580776215	0.032532185316086	0.11944204568863	-0.090563796460629
-0.26750466227531	-0.28133261203766	0.052816417068243	0.25815951824188	-0.60823333263397	0.0095182284712791	0.031143456697464	0.1186902821064	-0.089512884616852
-0.25723275542259	-0.3036835193634	0.02288961596787	0.25803983211517	-0.60477042198181	0.010493889451027	0.029624849557877	0.11786940693855	-0.088506937026978
-0.24591721594334	-0.32554796338081	-0.0071221590042114	0.25790482759476	-0.60115683078766	0.011417329311371	0.027987271547318	0.11697766184807	-0.0875533670187
-0.23354019224644	-0.34680572152138	-0.037017863243818	0.25776609778404	-0.59740823507309	0.012300491333008	0.026232451200485	0.11602792143822	-0.086644627153873
-0.22009392082691	-0.36733600497246	-0.066668018698692	0.25759163498878	-0.59351396560669	0.01311869174242	0.02436962723732	0.11501553654671	-0.085795171558857
-0.20557121932507	-0.38701876997948	-0.095881260931492	0.25742137432098	-0.58949381113052	0.013883598148823	0.022404670715332	0.11394920945168	-0.085002146661282
-0.1899575740099	-0.40573698282242	-0.12450460344553	0.25725963711739	-0.58535593748093	0.014588259160519	0.020343840122223	0.11283218860626	-0.084270127117634
-0.17326010763645	-0.42337280511856	-0.15237310528755	0.25709849596024	-0.58111345767975	0.015226699411869	0.018196225166321	0.1116691827774	-0.083601519465446
-0.15548880398273	-0.4398148059845	-0.17934782803059	0.25693091750145	-0.57677221298218	0.015793398022652	0.015971750020981	0.11045932769775	-0.083006143569946
-0.13665369153023	-0.45495411753654	-0.20526176691055	0.25676363706589	-0.57234489917755	0.016289673745632	0.013678520917892	0.10921049118042	-0.082481920719147
-0.11677537113428	-0.4686881005764	-0.22996498644352	0.25659844279289	-0.56784272193909	0.016713932156563	0.011325538158417	0.10792776942253	-0.08203037083149
-0.095885798335075	-0.48092097043991	-0.25331375002861	0.25643560290337	-0.56327575445175	0.017064154148102	0.0089219808578491	0.10661587119102	-0.08165317773819
-0.074024558067322	-0.49156650900841	-0.27517360448837	0.25627854466438	-0.55865526199341	0.017338514328003	0.0064774751663208	0.10528010129929	-0.081352524459362
-0.051244992762804	-0.50054800510406	-0.29541832208633	0.25613150000572	-0.55399256944656	0.017537020146847	0.0040015280246735	0.10392567515373	-0.081128612160683
-0.02761391364038	-0.50780189037323	-0.31393426656723	0.25598314404488	-0.54929864406586	0.017660111188889	0.0015044212341309	0.10255807638168	-0.080983050167561
-0.003209380665794	-0.51327711343765	-0.33062174916267	0.25582972168922	-0.54458779096603	0.017704144120216	-0.00100377202034	0.10118162631989	-0.080916605889797
0.021874541416764	-0.51693874597549	-0.3453913629055	0.25567683577538	-0.53987061977386	0.017673291265965	-0.0035127997398376	0.099802911281586	-0.080928981304169
0.047533765435219	-0.51876604557037	-0.35817402601242	0.25552326440811	-0.53515458106995	0.017565086483955	-0.0060136616230011	0.09842637181282	-0.081020355224609
0.073646433651447	-0.51875668764114	-0.36891588568687	0.25537008047104	-0.53045505285263	0.017381943762302	-0.0084957480430603	0.097058176994324	-0.081190675497055
0.10007850825787	-0.51692348718643	-0.37758153676987	0.25521612167358	-0.52578407526016	0.017123118042946	-0.010949075222015	0.095703333616257	-0.08143874257803
0.1266845613718	-0.5132954120636	-0.38415551185608	0.25506255030632	-0.52115398645401	0.016789652407169	-0.013363510370255	0.09436759352684	-0.081763349473476
0.15331439673901	-0.50791883468628	-0.38864010572433	0.25490999221802	-0.51657712459564	0.016381479799747	-0.015730559825897	0.093056380748749	-0.082164019346237
0.17979943752289	-0.50085234642029	-0.39105603098869	0.25475704669952	-0.51206827163696	0.01590633392334	-0.018039166927338	0.091774731874466	-0.082638248801231
0.20598286390305	-0.49216750264168	-0.39144343137741	0.25460323691368	-0.50763243436813	0.015365406870842	-0.020282059907913	0.090527802705765	-0.083184711635113
0.23168271780014	-0.48194649815559	-0.38985842466354	0.25444313883781	-0.50329279899597	0.014762595295906	-0.022447794675827	0.089320987462997	-0.083800800144672
0.25674033164978	-0.47027948498726	-0.3863736987114	0.25428786873817	-0.49904808402061	0.014087937772274	-0.024529814720154	0.088158875703812	-0.084485501050949
0.280991345644	-0.4572646021843	-0.38107255101204	0.25413674116135	-0.49490815401077	0.013348169624805	-0.026520371437073	0.087046235799789	-0.085235208272934
0.3042733669281	-0.44300270080566	-0.37405136227608	0.2539858520031	-0.49088633060455	0.012548550963402	-0.028410166501999	0.085987567901611	-0.086046904325485
0.32643616199493	-0.42759728431702	-0.36541509628296	0.25383815169334	-0.48698803782463	0.01169092208147	-0.030192255973816	0.084987342357635	-0.086917109787464
0.34734192490578	-0.41115310788155	-0.35527518391609	0.25369516015053	-0.48322102427483	0.010778516530991	-0.031860023736954	0.084050059318542	-0.087842434644699
0.36686038970947	-0.39377522468567	-0.34374937415123	0.2535552084446	-0.47959423065186	0.009815976023674	-0.033406853675842	0.083178967237473	-0.088819116353989
0.3848742544651	-0.37556552886963	-0.3309568464756	0.25341776013374	-0.47611618041992	0.0088069066405296	-0.034826785326004	0.082377821207047	-0.089843280613422
0.40127983689308	-0.35662603378296	-0.31701812148094	0.25328347086906	-0.4727937579155	0.0077553540468216	-0.036114037036896	0.081650257110596	-0.090911194682121
0.41599130630493	-0.33705544471741	-0.30205252766609	0.25315025448799	-0.46963661909103	0.0066672340035439	-0.037265419960022	0.080998480319977	-0.09201791882515
0.42890974879265	-0.31694859266281	-0.2861792743206	0.25302028656006	-0.46665146946907	0.0055426061153412	-0.038270950317383	0.080426037311554	-0.093159325420856
0.43969833850861	-0.29639875888824	-0.2694770693779	0.25291815400124	-0.46389257907867	0.0044415071606636	-0.039084821939468	0.079967230558395	-0.094304203987122
0.44879966974258	-0.27549657225609	-0.25209891796112	0.25283133983612	-0.46190029382706	0.0034344792366028	-0.039795935153961	0.079572081565857	-0.09548257291317
0.45604911446571	-0.25432929396629	-0.23416820168495	0.25269216299057	-0.46085432171822	0.002365879714489	-0.040356874465942	0.079249799251556	-0.096701011061668
0.46143615245819	-0.23298117518425	-0.21579027175903	0.25250634551048	-0.45968949794769	0.0011342838406563	-0.040784657001495	0.078990876674652	-0.097967714071274
0.46441262960434	-0.21153488755226	-0.19687235355377	0.25232622027397	-0.45905730128288	0.0003589540719986	-0.040743201971054	0.078985244035721	-0.099202051758766
0.46575090289116	-0.19007068872452	-0.17654399573803	0.25250488519669	-0.45865297317505	0.00035829097032547	-0.040779262781143	0.079260498285294	-0.099963627755642
0.44865193963051	-0.18775060772896	-0.17206619679928	0.2531236410141	-0.45913258194923	0.00036139041185379	-0.039911329746246	0.080253183841705	-0.099530696868896
0.42908763885498	-0.18747732043266	-0.16894224286079	0.25375965237617	-0.45988690853119	0.00036334991455078	-0.03867444396019	0.081488370895386	-0.099061705172062
0.40884199738503	-0.18741308152676	-0.16614410281181	0.2542185485363	-0.46055543422699	0.00036482512950897	-0.037133604288101	0.08269339799881	-0.098805300891399
0.38854444026947	-0.18735866248608	-0.16370566189289	0.25439116358757	-0.46108537912369	0.00036545842885971	-0.035515874624252	0.08374896645546	-0.098748184740543
0.36830428242683	-0.18728984892368	-0.16143275797367	0.25445649027824	-0.46154356002808	0.00036641955375671	-0.033878356218338	0.084706217050552	-0.098735690116882
0.34820368885994	-0.18720079958439	-0.15902072191238	0.25449979305267	-0.46200329065323	0.00036713480949402	-0.032249301671982	0.085624188184738	-0.098731108009815
0.32823199033737	-0.18708781898022	-0.15631848573685	0.25453686714172	-0.4624742269516	0.00036804378032684	-0.030619710683823	0.086533188819885	-0.098728097975254
0.30839425325394	-0.18694585561752	-0.15328273177147	0.25457093119621	-0.462950527668	0.00036916881799698	-0.028986722230911	0.087440699338913	-0.098724909126759
0.28870457410812	-0.18676982820034	-0.14990319311619	0.25460320711136	-0.46342810988426	0.00037043541669846	-0.027351200580597	0.088347375392914	-0.098720729351044
0.26917886734009	-0.18655459582806	-0.14617531001568	0.25463503599167	-0.46390533447266	0.00037186592817307	-0.025714784860611	0.089253127574921	-0.098715648055077
0.24982941150665	-0.18629474937916	-0.14209586381912	0.25466710329056	-0.46438184380531	0.00037343055009842	-0.024078607559204	0.090158104896545	-0.098709560930729
0.23066829144955	-0.18598352372646	-0.13766232132912	0.25469917058945	-0.46485665440559	0.00037524849176407	-0.022442430257797	0.091062247753143	-0.098702415823936
0.21172398328781	-0.18561467528343	-0.13289156556129	0.25473064184189	-0.46533033251762	0.00037730485200882	-0.020813316106796	0.091961085796356	-0.098696298897266
0.19297757744789	-0.18518103659153	-0.12775729596615	0.25476104021072	-0.46580559015274	0.00037957727909088	-0.019182562828064	0.0928615629673	-0.098687529563904
0.17443868517876	-0.1846761405468	-0.12226044386625	0.25478273630142	-0.46626934409142	0.00038207322359085	-0.017541259527206	0.093763738870621	-0.098678670823574
0.15611672401428	-0.18409207463264	-0.11636324971914	0.25481128692627	-0.46673080325127	0.00038477033376694	-0.015896797180176	0.09467151761055	-0.098666176199913
0.13802741467953	-0.18342119455338	-0.11009318381548	0.2548466026783	-0.46719142794609	0.00038771331310272	-0.014252334833145	0.095580101013184	-0.09865103662014
0.1201771274209	-0.18265704810619	-0.10345236957073	0.2548888027668	-0.46764680743217	0.00039109587669373	-0.012607842683792	0.096488863229752	-0.098634421825409
0.10257520526648	-0.18179056048393	-0.096440657973289	0.25493761897087	-0.46809631586075	0.00039459764957428	-0.010962635278702	0.097397536039352	-0.09861671179533
0.085226081311703	-0.18081381917	-0.089052796363831	0.25499504804611	-0.46853879094124	0.00039861351251602	-0.0093173682689667	0.098306566476822	-0.098597042262554
0.068136692047119	-0.17971956729889	-0.081289298832417	0.25506407022476	-0.46897131204605	0.00040273368358612	-0.0076723694801331	0.099215567111969	-0.098576255142689
0.051307633519173	-0.17849972844124	-0.073130361735821	0.25514721870422	-0.46939665079117	0.00040730088949203	-0.0060253143310547	0.10012778639793	-0.098552361130714
0.034756265580654	-0.17714540660381	-0.064610838890076	0.25526034832001	-0.46979200839996	0.00041220337152481	-0.0043871998786926	0.10103616118431	-0.098528973758221
0.018472900614142	-0.17564867436886	-0.055756479501724	0.25536146759987	-0.47017568349838	0.00041700154542923	-0.0027438104152679	0.10193610191345	-0.098507814109325
0.00246731354855	-0.1740026473999	-0.046533759683371	0.25545394420624	-0.47054770588875	0.00042224675416946	-0.0011031627655029	0.10283315181732	-0.098486371338367
-0.013268442824483	-0.17219784855843	-0.036936216056347	0.25553977489471	-0.47090911865234	0.00042827427387238	0.00053659081459045	0.10372820496559	-0.098463743925095
-0.028738467022777	-0.17022588849068	-0.026943592354655	0.25562569499016	-0.47127377986908	0.00043461471796036	0.0021839141845703	0.10462319850922	-0.098439112305641
-0.043923273682594	-0.16808001697063	-0.016550000756979	0.25570487976074	-0.47162199020386	0.00044140964746475	0.0038258135318756	0.10551953315735	-0.098413459956646
-0.05883439257741	-0.16575147211552	-0.0057750372216105	0.25577482581139	-0.47195515036583	0.00044863671064377	0.0054644644260406	0.10641333460808	-0.098388098180294
-0.073482066392899	-0.16323259472847	0.0054250326938927	0.25582793354988	-0.47228419780731	0.00045620650053024	0.0071000158786774	0.10731264948845	-0.098356999456882
-0.08784257620573	-0.16051504015923	0.017025548964739	0.25589719414711	-0.47260546684265	0.00046445429325104	0.0087304711341858	0.10821434855461	-0.098319560289383
-0.10194893181324	-0.15759122371674	0.028996761888266	0.25595533847809	-0.47291287779808	0.00047317892313004	0.010366290807724	0.1091068983078	-0.098289899528027
-0.11578606814146	-0.15445274114609	0.041373554617167	0.25600299239159	-0.47320306301117	0.0004822164773941	0.012007117271423	0.10999748110771	-0.098256781697273
-0.12936286628246	-0.15109215676785	0.054144155234098	0.25602293014526	-0.4734716117382	0.00049132853746414	0.013651430606842	0.11088225245476	-0.098227985203266
-0.14268317818642	-0.14750061929226	0.067347310483456	0.25604391098022	-0.47372582554817	0.00049866735935211	0.015294581651688	0.11176905035973	-0.098197191953659
-0.15570786595345	-0.14367088675499	0.080924555659294	0.25605627894402	-0.47395116090775	0.00050410628318787	0.016915589570999	0.11264929175377	-0.09816962480545
-0.1684652119875	-0.13959465920925	0.094959758222103	0.25606244802475	-0.47413215041161	0.00050487369298935	0.018535047769547	0.11353221535683	-0.098148323595524
-0.18106991052628	-0.13526336848736	0.1095015257597	0.25605207681656	-0.4743484556675	0.00053288042545319	0.02021849155426	0.11441966891289	-0.098106198012829
-0.19330295920372	-0.13066889345646	0.12440198659897	0.25616133213043	-0.47447922825813	0.00054153800010681	0.021792888641357	0.11531558632851	-0.098069436848164
-0.20528340339661	-0.12580266594887	0.13952493667603	0.25614067912102	-0.47451674938202	0.00056034326553345	0.023389458656311	0.11615726351738	-0.098081909120083
-0.21706636250019	-0.12065563350916	0.15527856349945	0.25611245632172	-0.47456103563309	0.00058247148990631	0.025012224912643	0.11702790856361	-0.098060071468353
-0.22863847017288	-0.11521887034178	0.17149938642979	0.25607991218567	-0.47460526227951	0.00060625374317169	0.026653110980988	0.11789646744728	-0.098033055663109
-0.2398836016655	-0.10948310792446	0.18802888691425	0.25609293580055	-0.47469985485077	0.00063493847846985	0.028214514255524	0.11874997615814	-0.098036728799343
-0.25117453932762	-0.10343838483095	0.20565228164196	0.25607821345329	-0.47469365596771	0.0006667897105217	0.02995491027832	0.11967408657074	-0.097945183515549
-0.26229894161224	-0.09707435965538	0.22365643084049	0.25602793693542	-0.47457578778267	0.00069956481456757	0.031720161437988	0.12056639790535	-0.097845681011677
-0.27296388149261	-0.090379789471626	0.24213714897633	0.2561539709568	-0.47433319687843	0.00073324143886566	0.033356532454491	0.1214856505394	-0.097776345908642
-0.28339156508446	-0.083343781530857	0.26100626587868	0.25626188516617	-0.47407820820808	0.00076685100793839	0.034982919692993	0.12237909436226	-0.09772814065218
-0.29361292719841	-0.075953714549541	0.28038892149925	0.25635039806366	-0.47380855679512	0.00080113857984543	0.036615058779716	0.12326446175575	-0.09768284112215
-0.31074333190918	-0.06089061498642	0.31103840470314	0.25589534640312	-0.47346690297127	0.00083832442760468	0.038062363862991	0.12377485632896	-0.099766604602337
-0.31294041872025	-0.059273820370436	0.31410935521126	0.25564095377922	-0.47370004653931	0.00083997845649719	0.038335710763931	0.12376242876053	-0.099933035671711
-0.31359699368477	-0.059100221842527	0.3144833445549	0.2555772960186	-0.4739964902401	0.00084041804075241	0.038563013076782	0.12371283769608	-0.099915698170662
-0.3139876127243	-0.059081479907036	0.31457337737083	0.25552541017532	-0.47418755292892	0.00084047764539719	0.03874471783638	0.12366089224815	-0.099891468882561
-0.31424626708031	-0.05907928943634	0.31459176540375	0.25548654794693	-0.47430473566055	0.00084017962217331	0.038870841264725	0.12361752986908	-0.099876299500465
-0.31456869840622	-0.05907940864563	0.31465920805931	0.25543141365051	-0.47437703609467	0.00084017962217331	0.0390295535326	0.12357279658318	-0.099857948720455
-0.31473559141159	-0.059079293161631	0.31464099884033	0.25538793206215	-0.47439101338387	0.0008399598300457	0.039112493395805	0.1235359609127	-0.099851980805397
-0.31475809216499	-0.059079185128212	0.31458514928818	0.25538539886475	-0.47436794638634	0.00083953514695168	0.039126053452492	0.12351810932159	-0.099852792918682
-0.31481328606606	-0.059079241007566	0.31456696987152	0.25540873408318	-0.47432827949524	0.00083953887224197	0.039145275950432	0.12350934743881	-0.099850125610828
-0.31484541296959	-0.059079322963953	0.31456729769707	0.25543442368507	-0.47428297996521	0.00083951652050018	0.039158865809441	0.12350487709045	-0.099848598241806
-0.31486621499062	-0.059079322963953	0.31456649303436	0.25546064972878	-0.47423255443573	0.00083901733160019	0.03916808962822	0.12350124120712	-0.099848181009293
-0.31487974524498	-0.059079367667437	0.31456869840622	0.25548818707466	-0.47417855262756	0.00083943083882332	0.039174288511276	0.12349930405617	-0.099847391247749
-0.31488901376724	-0.059079363942146	0.31456816196442	0.25551578402519	-0.47412285208702	0.00083942711353302	0.039178282022476	0.12349787354469	-0.099847033619881
-0.31489545106888	-0.05907953903079	0.31456714868546	0.25554311275482	-0.47406601905823	0.00083901733160019	0.03918132185936	0.12349662184715	-0.099847190082073
-0.31490045785904	-0.05907928943634	0.31456673145294	0.2555705010891	-0.4740092754364	0.00083942711353302	0.039183542132378	0.12349566817284	-0.099846832454205
-0.31490036845207	-0.059079296886921	0.31456512212753	0.25559940934181	-0.47395041584969	0.0008389987051487	0.039183467626572	0.123495221138	-0.099847257137299
-0.31490230560303	-0.059079132974148	0.31456699967384	0.25562846660614	-0.47389179468155	0.00083940476179123	0.039183869957924	0.1234954893589	-0.09984678030014
-0.3149040043354	-0.059079203754663	0.3145692050457	0.25565612316132	-0.47383242845535	0.00083938241004944	0.039184004068375	0.12349605560303	-0.099846862256527
-0.31490579247475	-0.05907916650176	0.31456923484802	0.25568237900734	-0.47377306222916	0.00083943456411362	0.039184480905533	0.12349572777748	-0.099846854805946
-0.3149089217186	-0.059079244732857	0.31456986069679	0.25570750236511	-0.4737144112587	0.00083943456411362	0.03918494284153	0.12349578738213	-0.099846847355366
-0.31490942835808	-0.059079278260469	0.3145709335804	0.25573265552521	-0.4736550450325	0.00083935260772705	0.039184480905533	0.12349623441696	-0.099846869707108
-0.31490904092789	-0.059079259634018	0.31457352638245	0.25575718283653	-0.47359555959702	0.00083943083882332	0.039183557033539	0.12349718809128	-0.099846959114075
-0.31491011381149	-0.059079341590405	0.31457507610321	0.25577947497368	-0.47353681921959	0.00083944946527481	0.039182871580124	0.12349769473076	-0.099846936762333
-0.31490764021873	-0.059079229831696	0.31457537412643	0.25580132007599	-0.47347763180733	0.00083907321095467	0.039181187748909	0.12349846959114	-0.099847458302975
-0.31490483880043	-0.059079214930534	0.3145766556263	0.2558231651783	-0.47341820597649	0.0008389800786972	0.039179176092148	0.12349945306778	-0.099847733974457
-0.31490451097488	-0.059079211205244	0.31457859277725	0.25584363937378	-0.47335994243622	0.00083946064114571	0.039178714156151	0.12349995970726	-0.099847458302975
-0.31490182876587	-0.059079054743052	0.31457889080048	0.25586408376694	-0.47330123186111	0.00083909183740616	0.039177179336548	0.12350070476532	-0.09984777122736
-0.31490054726601	-0.059079401195049	0.31457778811455	0.25588393211365	-0.47324350476265	0.00083912163972855	0.039177089929581	0.12350061535835	-0.099847868084908
-0.3148972094059	-0.059079397469759	0.31457880139351	0.25590592622757	-0.47318443655968	0.00083950906991959	0.039176017045975	0.1235009431839	-0.099847666919231
-0.31489625573158	-0.059079241007566	0.31458047032356	0.25592771172523	-0.47312578558922	0.00083953142166138	0.039175033569336	0.1235017478466	-0.099847503006458
-0.31489750742912	-0.059079132974148	0.31458061933517	0.2559460401535	-0.47306850552559	0.00083954632282257	0.039174884557724	0.12350186705589	-0.099847704172134
-0.31489828228951	-0.059079218655825	0.31458032131195	0.2559642791748	-0.47301170229912	0.0008394718170166	0.03917495906353	0.12350195646286	-0.099847875535488
-0.31489697098732	-0.059079241007566	0.31457966566086	0.25598245859146	-0.47295525670052	0.00083918124437332	0.039174377918243	0.12350195646286	-0.099848084151745
-0.31489661335945	-0.05907928198576	0.3145797252655	0.25600159168243	-0.47289913892746	0.00083953514695168	0.039174288511276	0.12350210547447	-0.099847972393036
-0.3149000108242	-0.059079244732857	0.31457990407944	0.25601863861084	-0.47284319996834	0.00083909183740616	0.039174526929855	0.12350192666054	-0.099848181009293
-0.31489950418472	-0.05907916277647	0.31458169221878	0.25603598356247	-0.47278687357903	0.00083955004811287	0.039173901081085	0.12350252270699	-0.099847905337811
-0.31489834189415	-0.059079244732857	0.31458443403244	0.25605109333992	-0.47273084521294	0.00083950906991959	0.039172172546387	0.12350380420685	-0.099848084151745
-0.3148972094059	-0.059079147875309	0.31458857655525	0.25606441497803	-0.47267544269562	0.00083949416875839	0.039170026779175	0.12350571155548	-0.099848337471485
-0.31472006440163	-0.059079244732857	0.31463551521301	0.25607091188431	-0.47263088822365	0.00083953887224197	0.039139837026596	0.12352043390274	-0.099848210811615
-0.31464305520058	-0.059079427272081	0.31465300917625	0.25603151321411	-0.47262725234032	0.00083909928798676	0.039096057415009	0.12353637814522	-0.09985525906086
-0.31466615200043	-0.077833518385887	0.29430803656578	0.25556716322899	-0.47194772958755	0.00082868337631226	0.038959696888924	0.12305217981339	-0.099412262439728
-0.3134942650795	-0.099137805402279	0.27029049396515	0.25527483224869	-0.47070050239563	0.0010006427764893	0.038375064730644	0.12252485752106	-0.098751038312912
-0.31100323796272	-0.12116976082325	0.24650712311268	0.25516226887703	-0.46938991546631	0.0018997937440872	0.037865936756134	0.12231880426407	-0.097567200660706
-0.30777713656425	-0.14364528656006	0.22170153260231	0.25511628389359	-0.4674411714077	0.002899631857872	0.037387803196907	0.12204161286354	-0.096353217959404
-0.30351006984711	-0.16644133627415	0.19560542702675	0.2551686167717	-0.46492820978165	0.0040478855371475	0.036698997020721	0.12167981266975	-0.095144405961037
-0.29828500747681	-0.18944862484932	0.16848029196262	0.25521034002304	-0.46225786209106	0.0051926337182522	0.035864949226379	0.12123727798462	-0.093956664204597
-0.29209059476852	-0.21255634725094	0.14053262770176	0.25525006651878	-0.4595077931881	0.0063604861497879	0.034899607300758	0.12072664499283	-0.092768482863903
-0.28489685058594	-0.23565040528774	0.1118033900857	0.25527989864349	-0.4566048681736	0.0074466876685619	0.033780425786972	0.12012419104576	-0.09164497256279
-0.2766969203949	-0.25861522555351	0.082503408193588	0.25531616806984	-0.45355579257011	0.0085109286010265	0.032522320747375	0.11944261193275	-0.090561680495739
-0.26746508479118	-0.28133258223534	0.052820142358541	0.25536149740219	-0.4503553211689	0.0095430463552475	0.031132832169533	0.11869332194328	-0.089507482945919
-0.25720450282097	-0.30368360877037	0.022897485643625	0.25540775060654	-0.44699889421463	0.010526165366173	0.02961727976799	0.11787286400795	-0.08849886059761
-0.24588724970818	-0.32554796338081	-0.0070955455303192	0.255460947752	-0.44350099563599	0.011458598077297	0.02797794342041	0.11698612570763	-0.087538085877895
-0.23351579904556	-0.34680587053299	-0.037016417831182	0.25551119446754	-0.43986004590988	0.012323938310146	0.026225224137306	0.11602982878685	-0.086638651788235
-0.22005495429039	-0.36733597517014	-0.066664829850197	0.25557154417038	-0.43608558177948	0.013146944344044	0.024357989430428	0.11501789093018	-0.085788562893867
-0.20552317798138	-0.38701915740967	-0.095879696309566	0.25563409924507	-0.43221521377563	0.013912200927734	0.022391989827156	0.11395210027695	-0.084994241595268
-0.18990935385227	-0.40573683381081	-0.12449344992638	0.25569984316826	-0.42823392152786	0.014617569744587	0.020330667495728	0.112837433815	-0.084259361028671
-0.17321141064167	-0.42337289452553	-0.1523738950491	0.25575903058052	-0.42414665222168	0.015252619981766	0.018183052539825	0.11167106032372	-0.083595000207424
-0.15542685985565	-0.43981501460075	-0.17934967577457	0.25580880045891	-0.41998270153999	0.015827342867851	0.015955165028572	0.11046153306961	-0.082998707890511
-0.13659974932671	-0.45495402812958	-0.20526416599751	0.25584721565247	-0.41575521230698	0.016325227916241	0.013664782047272	0.10921224951744	-0.08247447758913
-0.11671844124794	-0.46868801116943	-0.2299682199955	0.25590065121651	-0.41145217418671	0.016750000417233	0.011310875415802	0.10792911052704	-0.08202325552702
-0.095826260745525	-0.48092067241669	-0.25331637263298	0.25596278905869	-0.4070945084095	0.017101921141148	0.0089070796966553	0.10661745071411	-0.081646405160427
-0.073961138725281	-0.49156641960144	-0.27517920732498	0.25604408979416	-0.4026942551136	0.017377853393555	0.0064616352319717	0.10528069734573	-0.081346474587917
-0.051173958927393	-0.50054800510406	-0.29542228579521	0.2561594247818	-0.39826452732086	0.017579384148121	0.0039842873811722	0.10392689704895	-0.081122621893883
-0.027512798085809	-0.50780165195465	-0.3139257133007	0.25623866915703	-0.39379519224167	0.017705962061882	0.0014798045158386	0.10256224870682	-0.080972969532013
-0.0031869066879153	-0.51327705383301	-0.33061674237251	0.25625601410866	-0.38924106955528	0.017727494239807	-0.0010075271129608	0.10118407011032	-0.080908253788948
0.021922137588263	-0.51693856716156	-0.34538701176643	0.25633385777473	-0.38457962870598	0.017686165869236	-0.0035241097211838	0.099804490804672	-0.080921851098537
0.047588273882866	-0.51876598596573	-0.35816922783852	0.25640571117401	-0.37993511557579	0.017573393881321	-0.0060268491506577	0.098427891731262	-0.081013262271881
0.073703274130821	-0.5187566280365	-0.36891007423401	0.25647339224815	-0.37532150745392	0.017388880252838	-0.0085092931985855	0.0970598757267	-0.081182830035686
0.10013667494059	-0.51692348718643	-0.37757509946823	0.25654008984566	-0.37073895335197	0.017129339277744	-0.010962799191475	0.095705151557922	-0.081430435180664
0.12674766778946	-0.51329547166824	-0.38414853811264	0.25660967826843	-0.36619532108307	0.016795136034489	-0.013378068804741	0.094369232654572	-0.081755191087723
0.15337610244751	-0.50791865587234	-0.38863217830658	0.25667467713356	-0.36169835925102	0.016385860741138	-0.015744984149933	0.093057781457901	-0.082155384123325
0.17986856400967	-0.50085198879242	-0.39104801416397	0.25673854351044	-0.35726636648178	0.015909872949123	-0.018055155873299	0.091775804758072	-0.082629479467869
0.2060465067625	-0.49216714501381	-0.39142829179764	0.2568042576313	-0.35291847586632	0.015374310314655	-0.020295709371567	0.090530931949615	-0.083172328770161
0.23179186880589	-0.48194649815559	-0.38984856009483	0.25684684514999	-0.34863147139549	0.014765188097954	-0.022471576929092	0.08932176232338	-0.083793021738529
0.25684857368469	-0.47027969360352	-0.38636499643326	0.25692057609558	-0.344447940588	0.014088898897171	-0.024552911520004	0.088159024715424	-0.084477737545967
0.28109142184258	-0.45726478099823	-0.38106143474579	0.25700879096985	-0.34036925435066	0.013349078595638	-0.026541069149971	0.087046653032303	-0.085226431488991
0.30437088012695	-0.44300258159637	-0.37403935194016	0.25709635019302	-0.33638972043991	0.012548267841339	-0.028430223464966	0.085988253355026	-0.086037389934063
0.32653403282166	-0.42759707570076	-0.36540254950523	0.25718089938164	-0.33251929283142	0.011688500642776	-0.030212193727493	0.084987938404083	-0.086907245218754
0.34743946790695	-0.41115307807922	-0.35526239871979	0.25726279616356	-0.32877147197723	0.010773919522762	-0.031879842281342	0.084050476551056	-0.087832301855087
0.36695554852486	-0.39377504587173	-0.34373641014099	0.25734096765518	-0.32515674829483	0.0098091289401054	-0.03342579305172	0.083179384469986	-0.088808707892895
0.38496688008308	-0.37556585669518	-0.33094394207001	0.25741502642632	-0.32168188691139	0.0087975859642029	-0.034845024347305	0.082378327846527	-0.089832566678524
0.40136948227882	-0.35662624239922	-0.31700497865677	0.25748431682587	-0.3183533847332	0.0077436193823814	-0.036131426692009	0.081650704145432	-0.090899996459484
0.41607278585434	-0.33705568313599	-0.30203965306282	0.25754791498184	-0.31517663598061	0.0066515430808067	-0.037280529737473	0.080999225378036	-0.09200656414032
0.42899799346924	-0.31694853305817	-0.28616550564766	0.25760468840599	-0.31215667724609	0.0055258497595787	-0.038287922739983	0.080426603555679	-0.093147493898869
0.43975472450256	-0.29639908671379	-0.26948103308678	0.25765863060951	-0.30933952331543	0.0044287890195847	-0.039092749357224	0.079966187477112	-0.094305783510208
0.448840290308	-0.27549695968628	-0.25208935141563	0.2576567530632	-0.30718052387238	0.0034888535737991	-0.039800897240639	0.079576998949051	-0.095480009913445
0.45606625080109	-0.25432920455933	-0.23415304720402	0.25749734044075	-0.30579915642738	0.0024949908256531	-0.040358707308769	0.079257279634476	-0.096695266664028
0.46150824427605	-0.23298098146915	-0.21576476097107	0.25720909237862	-0.30465826392174	0.0013818144798279	-0.040798172354698	0.078999876976013	-0.097948253154755
0.46473067998886	-0.21153511106968	-0.1973185390234	0.25694543123245	-0.30350857973099	0.00035931915044785	-0.040933951735497	0.078814417123795	-0.099277794361115
0.46603438258171	-0.19007134437561	-0.17659378051758	0.25726261734962	-0.30307725071907	0.00035843253135681	-0.040871948003769	0.079206585884094	-0.10003084689379
0.46635299921036	-0.18776673078537	-0.17377339303493	0.2573658823967	-0.30287462472916	0.00035933405160904	-0.041036874055862	0.079284071922302	-0.10005566477776
0.46654209494591	-0.18751932680607	-0.17320276796818	0.2573923766613	-0.30281141400337	0.00036004930734634	-0.041174590587616	0.07928866147995	-0.10004902631044
0.46665504574776	-0.18749280273914	-0.17302516102791	0.25738513469696	-0.30281883478165	0.00036034733057022	-0.041253909468651	0.079282224178314	-0.10004833340645
0.46672105789185	-0.18748965859413	-0.17295475304127	0.25736364722252	-0.30286210775375	0.00036031752824783	-0.041296750307083	0.079276204109192	-0.10004924982786
0.46675750613213	-0.187489554286	-0.17292174696922	0.25733512639999	-0.30292493104935	0.00036044418811798	-0.041319847106934	0.07927206158638	-0.1000505015254
0.46677860617638	-0.18748936057091	-0.17290490865707	0.25730267167091	-0.30299857258797	0.00036031752824783	-0.041332393884659	0.079269856214523	-0.1000514626503
0.46679097414017	-0.18748936057091	-0.17289665341377	0.25726774334908	-0.30307820439339	0.00036048889160156	-0.041339233517647	0.079268574714661	-0.10005187243223
0.46679604053497	-0.18748965859413	-0.17289274930954	0.25723180174828	-0.30316051840782	0.00036041438579559	-0.041342705488205	0.079267799854279	-0.10005208104849
0.46680003404617	-0.18748958408833	-0.17289009690285	0.25719532370567	-0.30324438214302	0.00036048889160156	-0.041344776749611	0.079267293214798	-0.10005223751068
0.46680155396461	-0.18748959898949	-0.17288962006569	0.25715836882591	-0.30332905054092	0.00036048889160156	-0.041345626115799	0.07926732301712	-0.10005231201649
0.46680104732513	-0.18748973309994	-0.17289012670517	0.25712138414383	-0.30341294407845	0.00036041438579559	-0.041345477104187	0.079267352819443	-0.10005237162113
0.46680298447609	-0.187489554286	-0.17288999259472	0.2570848762989	-0.30349710583687	0.00036048889160156	-0.041346147656441	0.079267054796219	-0.10005220025778
0.46680250763893	-0.18748953938484	-0.17289036512375	0.25704842805862	-0.30358073115349	0.00036049634218216	-0.041345864534378	0.079267144203186	-0.10005216300488
0.46680265665054	-0.18748959898949	-0.17289033532143	0.25701117515564	-0.3036647439003	0.0003603920340538	-0.041345909237862	0.079267114400864	-0.10005240887403
0.46680185198784	-0.18748953938484	-0.17289043962955	0.25697368383408	-0.30374854803085	0.00036036223173141	-0.041345477104187	0.079267263412476	-0.10005246847868
0.46680185198784	-0.18748962879181	-0.17288909852505	0.25693610310555	-0.30383282899857	0.00036045163869858	-0.041345775127411	0.07926744222641	-0.10005227476358
0.46680226922035	-0.18748961389065	-0.1728882342577	0.25689798593521	-0.30391773581505	0.00036037713289261	-0.041346088051796	0.079267472028732	-0.10005254298449
0.46680250763893	-0.18748942017555	-0.17288705706596	0.25685957074165	-0.30400288105011	0.00036041438579559	-0.041346147656441	0.079267472028732	-0.10005252808332
0.46680307388306	-0.18748953938484	-0.1728866994381	0.25682139396667	-0.30408847332001	0.00036045163869858	-0.041346564888954	0.07926744222641	-0.10005240142345
0.46680274605751	-0.18748962879181	-0.17288742959499	0.25678342580795	-0.3041740655899	0.00036036223173141	-0.041346535086632	0.079267412424088	-0.10005254298449
0.46680352091789	-0.18748936057091	-0.17288827896118	0.2567455470562	-0.30425924062729	0.00036042183637619	-0.041346117854118	0.07926732301712	-0.10005220770836
0.46680328249931	-0.18748949468136	-0.17288836836815	0.25670844316483	-0.30434423685074	0.00036051869392395	-0.041346251964569	0.079267412424088	-0.10005214810371
0.46680447459221	-0.18748962879181	-0.17288829386234	0.2566711306572	-0.30442926287651	0.00036048144102097	-0.041346490383148	0.079267412424088	-0.10005210340023
0.46680417656898	-0.18748946487904	-0.17288875579834	0.25663420557976	-0.30451482534409	0.00036042183637619	-0.041346535086632	0.079267263412476	-0.10005225241184
0.46680417656898	-0.18748958408833	-0.17288991808891	0.25659781694412	-0.30459973216057	0.00036046653985977	-0.041346177458763	0.079267233610153	-0.10005201399326
0.46680289506912	-0.18748940527439	-0.17289112508297	0.2565623819828	-0.3046837747097	0.00036044418811798	-0.041345655918121	0.07926744222641	-0.10005205124617
0.46680185198784	-0.18748942017555	-0.17289175093174	0.25652620196342	-0.30476784706116	0.00036041438579559	-0.041345030069351	0.079267352819443	-0.10005222260952
0.46680146455765	-0.18748936057091	-0.17289233207703	0.25648993253708	-0.30485108494759	0.00036042183637619	-0.041344568133354	0.079267561435699	-0.10005218535662
0.46680271625519	-0.18748953938484	-0.17289189994335	0.25645405054092	-0.30493521690369	0.00036042928695679	-0.041344970464706	0.079267561435699	-0.10005213320255
0.46680241823196	-0.18748958408833	-0.17289116978645	0.25641763210297	-0.30501899123192	0.00036036968231201	-0.04134526848793	0.079267650842667	-0.10005222260952
0.46680322289467	-0.18748964369297	-0.17288991808891	0.25638130307198	-0.30510354042053	0.00036052614450455	-0.041345983743668	0.079267352819443	-0.10005196928978
0.46680456399918	-0.18748939037323	-0.17288890480995	0.25634458661079	-0.30518865585327	0.00036045908927917	-0.041346356272697	0.079267263412476	-0.10005211085081
0.46680638194084	-0.18748949468136	-0.17288646101952	0.25630760192871	-0.30527472496033	0.00036043673753738	-0.041347414255142	0.079267412424088	-0.10005210340023
0.46680656075478	-0.187489554286	-0.17288535833359	0.25626948475838	-0.30536115169525	0.00036037713289261	-0.041347682476044	0.079267352819443	-0.10005220770836
0.46680688858032	-0.18748942017555	-0.17288373410702	0.25623098015785	-0.30544769763947	0.0003603994846344	-0.041347980499268	0.079267591238022	-0.10005202144384
0.46680721640587	-0.18748937547207	-0.17288288474083	0.25619202852249	-0.30553483963013	0.000360406935215	-0.041348218917847	0.079267740249634	-0.10005199164152
0.46680679917336	-0.18748953938484	-0.17288263142109	0.25615215301514	-0.30562183260918	0.00036042928695679	-0.041347846388817	0.079267978668213	-0.1000519618392
0.46680742502213	-0.18748946487904	-0.17288187146187	0.25611245632172	-0.30570921301842	0.00036043673753738	-0.041348412632942	0.079267859458923	-0.10005182772875
0.46680721640587	-0.18748962879181	-0.17288173735142	0.25607267022133	-0.30579695105553	0.00036045163869858	-0.041348621249199	0.079267919063568	-0.10005182772875
0.46680790185928	-0.187489554286	-0.17288182675838	0.25603303313255	-0.30588448047638	0.00036052614450455	-0.041348651051521	0.079267889261246	-0.10005171597004
0.46680662035942	-0.18748964369297	-0.17288249731064	0.25599282979965	-0.30597189068794	0.00036044418811798	-0.041347935795784	0.079267889261246	-0.10005190223455
0.46680551767349	-0.187489554286	-0.1728829741478	0.25595280528069	-0.3060584962368	0.00036048889160156	-0.041347712278366	0.079268008470535	-0.1000519245863
0.46680551767349	-0.18748962879181	-0.17288425564766	0.25591287016869	-0.30614519119263	0.00036042183637619	-0.041347578167915	0.079267829656601	-0.10005206614733
0.46680626273155	-0.18748956918716	-0.17288461327553	0.25587302446365	-0.30623191595078	0.00036038458347321	-0.041347548365593	0.079267829656601	-0.10005204379559
0.46680656075478	-0.18748949468136	-0.1728832423687	0.25583282113075	-0.30631899833679	0.00036045908927917	-0.041348025202751	0.079267948865891	-0.10005179047585
0.46680855751038	-0.18748943507671	-0.17288249731064	0.2557920217514	-0.30640664696693	0.00036044418811798	-0.041348516941071	0.079267889261246	-0.1000519245863
0.4668096601963	-0.18748953938484	-0.17288163304329	0.25575095415115	-0.30649492144585	0.00036045163869858	-0.041349068284035	0.079267770051956	-0.10005190968513
0.46681001782417	-0.18748936057091	-0.17288075387478	0.25570964813232	-0.30658367276192	0.00036043673753738	-0.041349470615387	0.079267650842667	-0.10005178302526
0.46680989861488	-0.18748962879181	-0.17288085818291	0.25566855072975	-0.30667260289192	0.00036037713289261	-0.041349798440933	0.079267680644989	-0.10005183517933
0.46680983901024	-0.18748946487904	-0.17288072407246	0.25562676787376	-0.30676129460335	0.00036054849624634	-0.041349440813065	0.079267650842667	-0.10005182772875
0.46681129932404	-0.18748958408833	-0.17287965118885	0.25558522343636	-0.30685085058212	0.00036048889160156	-0.041350528597832	0.079267412424088	-0.10005172342062
0.46681192517281	-0.1874884814024	-0.17287969589233	0.25554391741753	-0.30694055557251	0.0003603994846344	-0.041350618004799	0.079267382621765	-0.10005185008049
0.44941920042038	-0.18747341632843	-0.17055596411228	0.25608152151108	-0.30770555138588	0.00036250054836273	-0.040404558181763	0.080276399850845	-0.099515289068222
0.42972853779793	-0.18744757771492	-0.16765096783638	0.2567643225193	-0.30848363041878	0.0003647580742836	-0.039131596684456	0.081536799669266	-0.099018678069115
0.40927481651306	-0.18741004168987	-0.16525721549988	0.25721704959869	-0.30908074975014	0.00036583840847015	-0.03747795522213	0.082717657089233	-0.098807074129581
0.38877308368683	-0.18735837936401	-0.16329373419285	0.25743934512138	-0.30944585800171	0.00036627799272537	-0.035726189613342	0.083740204572678	-0.098766796290874
0.36851468682289	-0.18728956580162	-0.16123248636723	0.257588326931	-0.30973559617996	0.00036691129207611	-0.034047544002533	0.084680944681168	-0.098753191530704
0.34844562411308	-0.18720065057278	-0.15889991819859	0.25771641731262	-0.31002002954483	0.0003676638007164	-0.032418802380562	0.085590392351151	-0.098748236894608
0.32851669192314	-0.18708765506744	-0.15627053380013	0.25783377885818	-0.31030133366585	0.00036866217851639	-0.030797272920609	0.086489289999008	-0.098748318850994
0.30871999263763	-0.18694567680359	-0.15331239998341	0.25793695449829	-0.31057924032211	0.00036963820457458	-0.029172033071518	0.087385594844818	-0.098750054836273
0.28906142711639	-0.18676979839802	-0.14998061954975	0.25803375244141	-0.31085723638535	0.00037088245153427	-0.027543902397156	0.088286161422729	-0.098749399185181
0.26955595612526	-0.18655481934547	-0.14628539979458	0.25812444090843	-0.31113544106483	0.0003722757101059	-0.025912269949913	0.089189171791077	-0.098746843636036
0.25022754073143	-0.18629483878613	-0.14222951233387	0.25820910930634	-0.31141221523285	0.00037401169538498	-0.024279370903969	0.090093553066254	-0.098742388188839
0.23108175396919	-0.18598367273808	-0.13780800998211	0.25828459858894	-0.31168818473816	0.00037577003240585	-0.022645533084869	0.090999215841293	-0.098736420273781
0.2121329754591	-0.1856144964695	-0.13302206993103	0.25835049152374	-0.31196236610413	0.00037772208452225	-0.021011620759964	0.091905415058136	-0.098729014396667
0.19339147210121	-0.1851812005043	-0.12787275016308	0.25840586423874	-0.31223511695862	0.0003800168633461	-0.019377112388611	0.092812299728394	-0.098720401525497
0.17486682534218	-0.18467624485493	-0.12235812842846	0.25844931602478	-0.3125059902668	0.00038234889507294	-0.017742186784744	0.093719512224197	-0.098710678517818
0.15656872093678	-0.18409223854542	-0.11647656559944	0.25848025083542	-0.31277438998222	0.0003850981593132	-0.016107082366943	0.094626784324646	-0.098699361085892
0.13850651681423	-0.18342177569866	-0.1102240383625	0.25849911570549	-0.31303870677948	0.00038808584213257	-0.014473080635071	0.095534712076187	-0.098686777055264
0.12068343907595	-0.18265694379807	-0.10360115021467	0.25850477814674	-0.31329810619354	0.0003914013504982	-0.012838542461395	0.096442967653275	-0.098672866821289
0.10310143232346	-0.18179060518742	-0.096607372164726	0.25850239396095	-0.31354773044586	0.00039488077163696	-0.011203542351723	0.097351521253586	-0.098657459020615
0.085744239389896	-0.18081411719322	-0.089090906083584	0.25852572917938	-0.31379279494286	0.00039950013160706	-0.0095810294151306	0.098282903432846	-0.098633952438831
0.068535149097443	-0.17971953749657	-0.08096969127655	0.25858792662621	-0.31416034698486	0.0004039853811264	-0.0079093277454376	0.099254101514816	-0.098590634763241
0.051687836647034	-0.17849949002266	-0.072759501636028	0.25863513350487	-0.31447756290436	0.00040825456380844	-0.0062619298696518	0.10017812252045	-0.098561905324459
0.035130295902491	-0.17714551091194	-0.064247757196426	0.25867092609406	-0.3147668838501	0.00041321665048599	-0.0046194344758987	0.10108879208565	-0.098538748919964
0.018860714510083	-0.17564867436886	-0.055379278957844	0.25870007276535	-0.31503921747208	0.00041832774877548	-0.0029828548431396	0.1019948720932	-0.098516575992107
0.002866531489417	-0.17400263249874	-0.046131115406752	0.25872525572777	-0.31529992818832	0.00042399764060974	-0.0013484805822372	0.10290002822876	-0.098494194447994
-0.012855680659413	-0.17219713330269	-0.036490220576525	0.25874477624893	-0.31555357575417	0.00043020397424698	0.00028634071350098	0.10380560159683	-0.098470576107502
-0.028317429125309	-0.17022611200809	-0.026428792625666	0.25875535607338	-0.31581246852875	0.00043670833110809	0.0019304752349854	0.10471504926682	-0.098442547023296
-0.04349323362112	-0.1680800318718	-0.016027359291911	0.25873526930809	-0.31605285406113	0.00044361501932144	0.0035692155361176	0.10561710596085	-0.098416194319725
-0.058391772210598	-0.16575172543526	-0.0052558719180524	0.25872778892517	-0.31626927852631	0.00045102089643478	0.0052022635936737	0.10651668906212	-0.098388612270355
-0.073027245700359	-0.16323255002499	0.0059015192091465	0.25872629880905	-0.3164689540863	0.00045868754386902	0.0068385750055313	0.10741323232651	-0.09836009144783
-0.087371163070202	-0.16051518917084	0.017444897443056	0.25873643159866	-0.31667432188988	0.00046650320291519	0.0084647387266159	0.10831055045128	-0.098324313759804
-0.10146667063236	-0.15759122371674	0.029409263283014	0.25876054167747	-0.31687390804291	0.00047504156827927	0.010097101330757	0.10920855402946	-0.098291806876659
-0.11530151963234	-0.15445280075073	0.041782818734646	0.25878804922104	-0.31705191731453	0.00048387795686722	0.011734694242477	0.11010453104973	-0.098259814083576
-0.12886236608028	-0.15109205245972	0.054570335894823	0.25882151722908	-0.31720519065857	0.00049340724945068	0.013368017971516	0.11099883913994	-0.098230056464672
-0.14220906794071	-0.14750072360039	0.067833080887794	0.25886195898056	-0.3173440694809	0.00050363689661026	0.015019841492176	0.11189928650856	-0.098193027079105
-0.1553590297699	-0.1436710357666	0.081283085048199	0.2589670419693	-0.31745621562004	0.00051138550043106	0.016723625361919	0.11274838447571	-0.098167784512043
-0.16819861531258	-0.1395947933197	0.095285579562187	0.25911483168602	-0.31757202744484	0.0005241185426712	0.018389627337456	0.11362257599831	-0.098131880164146
-0.18076674640179	-0.13526347279549	0.10970482230186	0.2592476606369	-0.31769093871117	0.00053556263446808	0.02004487067461	0.11449682712555	-0.098095625638962
-0.19305704534054	-0.13066911697388	0.12460014224052	0.25942265987396	-0.31776663661003	0.00054779648780823	0.021674200892448	0.11538073420525	-0.09806302934885
-0.20509871840477	-0.12580256164074	0.13992428779602	0.25958865880966	-0.31783005595207	0.00056257843971252	0.023296356201172	0.11626124382019	-0.098034828901291
-0.21690227091312	-0.12065567821264	0.15573281049728	0.25975894927979	-0.3178790807724	0.00058261305093765	0.024928897619247	0.11714318394661	-0.098003976047039
-0.22847867012024	-0.11521879583597	0.17196023464203	0.25992503762245	-0.31791067123413	0.00060858577489853	0.026573359966278	0.11801490187645	-0.097974129021168
-0.23983144760132	-0.10948289185762	0.18871819972992	0.26009303331375	-0.31792855262756	0.00063793361186981	0.028218023478985	0.1188930273056	-0.097937412559986
-0.25094637274742	-0.10343815386295	0.20598143339157	0.26026365160942	-0.3179272711277	0.00066856294870377	0.029857128858566	0.11977395415306	-0.097899243235588
-0.2618453502655	-0.097074300050735	0.22374221682549	0.26042875647545	-0.31791281700134	0.0007002055644989	0.031502202153206	0.12065249681473	-0.097859412431717
-0.2725205719471	-0.09037984162569	0.24202525615692	0.26060092449188	-0.31787467002869	0.0007334016263485	0.033142805099487	0.12153255939484	-0.097818605601788
-0.28298345208168	-0.083343781530857	0.26082175970078	0.26076155900955	-0.31782412528992	0.00076731666922569	0.034784540534019	0.12240955233574	-0.097777500748634
-0.29323095083237	-0.075953803956509	0.28015971183777	0.26091825962067	-0.31775617599487	0.00080152228474617	0.036425843834877	0.12328544259071	-0.097735561430454
-0.3028829395771	-0.068196535110474	0.29653093218803	0.26069292426109	-0.31765830516815	0.00082340091466904	0.037464365363121	0.12361010909081	-0.098605461418629
-0.3122673034668	-0.060058403760195	0.31271681189537	0.26025432348251	-0.31794250011444	0.00083918496966362	0.038361266255379	0.12375146150589	-0.099810145795345
-0.31367135047913	-0.059184860438108	0.31447646021843	0.26009684801102	-0.31821119785309	0.00084057450294495	0.038635462522507	0.12371125817299	-0.099884055554867
-0.31410023570061	-0.059091061353683	0.3146747648716	0.26000007987022	-0.31842219829559	0.00084106251597404	0.038802310824394	0.12366053462029	-0.099875830113888
-0.31435549259186	-0.059081189334393	0.31471526622772	0.25990656018257	-0.31855258345604	0.00084079802036285	0.038927167654037	0.12361752986908	-0.099863611161709
-0.3145335316658	-0.059079956263304	0.31470429897308	0.25983709096909	-0.3186197578907	0.00084053725004196	0.039016842842102	0.12358033657074	-0.099856875836849
-0.31459665298462	-0.059079814702272	0.31467378139496	0.25978460907936	-0.31865713000298	0.00084032118320465	0.039053842425346	0.12355878949165	-0.099854409694672
-0.3146408200264	-0.059080008417368	0.31464564800262	0.25974389910698	-0.31868195533752	0.00083976238965988	0.039078570902348	0.1235434114933	-0.0998540148139
-0.3146730363369	-0.059079699218273	0.31462886929512	0.25971385836601	-0.31869885325432	0.00084002315998077	0.039096787571907	0.12353324890137	-0.099852792918682
-0.31469324231148	-0.059079498052597	0.31461718678474	0.25969004631042	-0.31871098279953	0.0008399561047554	0.039108574390411	0.12352648377419	-0.099851913750172
-0.31470650434494	-0.059079714119434	0.31461107730865	0.25967153906822	-0.31871885061264	0.00083989277482033	0.039116218686104	0.12352222204208	-0.099851287901402
-0.31471183896065	-0.059079851955175	0.31460478901863	0.25965708494186	-0.31872409582138	0.00083941221237183	0.039119869470596	0.12351948022842	-0.09985126554966
-0.31471216678619	-0.059079796075821	0.31460332870483	0.25964730978012	-0.31872916221619	0.00083940476179123	0.039121396839619	0.12351885437965	-0.099850833415985
-0.31471335887909	-0.059079725295305	0.31460508704185	0.259640365839	-0.31873252987862	0.00083983317017555	0.039122723042965	0.12351852655411	-0.099850080907345
-0.31471365690231	-0.059079945087433	0.31460219621658	0.25963261723518	-0.31873592734337	0.00083942711353302	0.039123132824898	0.12351778149605	-0.099850244820118
-0.31471121311188	-0.059079959988594	0.31460621953011	0.25962880253792	-0.31873872876167	0.00083984062075615	0.039123386144638	0.12351861596107	-0.09984964132309
-0.31458806991577	-0.05907990410924	0.31456300616264	0.25967839360237	-0.31869938969612	0.00083931908011436	0.039094410836697	0.12352204322815	-0.099849134683609
-0.31451657414436	-0.059079963713884	0.31453022360802	0.25972911715508	-0.31865695118904	0.0008392259478569	0.03905326128006	0.12353321909904	-0.099853530526161
-0.31447857618332	-0.059079833328724	0.31452843546867	0.25977167487144	-0.31862205266953	0.00083925202488899	0.039032876491547	0.12354120612144	-0.099855981767178
-0.31445640325546	-0.059079769998789	0.31453058123589	0.25980934500694	-0.31859081983566	0.00083919987082481	0.039021126925945	0.1235463321209	-0.099857188761234
-0.3144446015358	-0.059080116450787	0.31453156471252	0.25984698534012	-0.31856080889702	0.00083924829959869	0.039015658199787	0.12354883551598	-0.09985738992691
-0.31443783640862	-0.059079833328724	0.31453260779381	0.25988268852234	-0.31853210926056	0.00083880126476288	0.039012596011162	0.1235503256321	-0.099857777357101
-0.31443244218826	-0.059079769998789	0.31453317403793	0.25991672277451	-0.31850469112396	0.00083882361650467	0.039009943604469	0.12355136871338	-0.09985788166523
-0.31442719697952	-0.059079818427563	0.31453466415405	0.25995010137558	-0.31847774982452	0.00083913654088974	0.039007343351841	0.12355262041092	-0.099857904016972
-0.31442409753799	-0.05907978117466	0.31453433632851	0.25998240709305	-0.31845086812973	0.00083881244063377	0.039005748927593	0.12355324625969	-0.099858321249485
-0.31442075967789	-0.059079751372337	0.31453537940979	0.26001542806625	-0.31842392683029	0.0008392333984375	0.039004027843475	0.12355414032936	-0.099858067929745
-0.31441980600357	-0.059079673141241	0.31453543901443	0.26004773378372	-0.31839761137962	0.00083930790424347	0.039003401994705	0.1235545873642	-0.099858053028584
-0.31441923975945	-0.05907965451479	0.3145344555378	0.26007997989655	-0.31837096810341	0.00083878636360168	0.039003059267998	0.12355428934097	-0.099858433008194
-0.31441909074783	-0.059079691767693	0.31453529000282	0.26011207699776	-0.3183453977108	0.00083921104669571	0.039003267884254	0.1235545873642	-0.099858090281487
-0.31441846489906	-0.059079736471176	0.31453418731689	0.26014423370361	-0.31831908226013	0.00083879381418228	0.039002925157547	0.12355446815491	-0.099858433008194
-0.31442034244537	-0.059079688042402	0.31453540921211	0.26017543673515	-0.31829410791397	0.00083927065134048	0.039003722369671	0.12355437874794	-0.099858045578003
-0.31441929936409	-0.05907965824008	0.31453511118889	0.2602077126503	-0.31826800107956	0.00083917379379272	0.039003267884254	0.12355452775955	-0.099858112633228
-0.31441870331764	-0.059079725295305	0.31453415751457	0.2602401971817	-0.31824171543121	0.00083878636360168	0.039002619683743	0.12355440855026	-0.099858462810516
-0.31442004442215	-0.05907978862524	0.31453540921211	0.26027104258537	-0.31821754574776	0.00083931908011436	0.039002910256386	0.12355473637581	-0.099857993423939
-0.3144203722477	-0.05907991528511	0.31453517079353	0.26030176877975	-0.31819307804108	0.0008392333984375	0.039003171026707	0.1235545873642	-0.099858164787292
-0.31442028284073	-0.059079647064209	0.31453540921211	0.2603323161602	-0.31816875934601	0.0008392408490181	0.039002865552902	0.12355482578278	-0.099858120083809
-0.31442067027092	-0.059079613536596	0.31453543901443	0.26036363840103	-0.31814354658127	0.00083921104669571	0.039002664387226	0.1235548555851	-0.099858149886131
-0.31442269682884	-0.059079833328724	0.31453529000282	0.26039409637451	-0.31811943650246	0.00083919242024422	0.039003297686577	0.12355452775955	-0.099858149886131
-0.31442511081696	-0.059079766273499	0.3145355284214	0.26042410731316	-0.31809565424919	0.00083921104669571	0.039004534482956	0.12355405092239	-0.099858172237873
-0.31442558765411	-0.059079617261887	0.31453537940979	0.26045483350754	-0.31807112693787	0.00083921849727631	0.039005033671856	0.12355378270149	-0.099857985973358
-0.31442439556122	-0.059079762548208	0.31453496217728	0.26048645377159	-0.3180458843708	0.00083917751908302	0.039005100727081	0.12355378270149	-0.099858142435551
-0.31442448496819	-0.059079468250275	0.31453457474709	0.26051795482635	-0.31802096962929	0.00083911046385765	0.039004884660244	0.12355369329453	-0.09985813498497
-0.31442394852638	-0.059079762548208	0.31453481316566	0.2605494260788	-0.31799650192261	0.00083914399147034	0.039004281163216	0.12355417013168	-0.099858209490776
-0.31442219018936	-0.059079758822918	0.31453475356102	0.26058042049408	-0.31797218322754	0.0008392296731472	0.039003349840641	0.12355440855026	-0.099858276546001
-0.31442335247993	-0.059079710394144	0.31453481316566	0.26061087846756	-0.31794825196266	0.00083917379379272	0.039003819227219	0.12355414032936	-0.099858313798904
-0.31442341208458	-0.059079848229885	0.31453344225883	0.2606420814991	-0.31792372465134	0.00083884596824646	0.039004236459732	0.12355360388756	-0.099858433008194
-0.31442347168922	-0.059079714119434	0.31453382968903	0.2606745660305	-0.31789922714233	0.00083925575017929	0.039004415273666	0.12355390191078	-0.099858053028584
-0.31442406773567	-0.059079591184855	0.31453359127045	0.26070713996887	-0.31787437200546	0.00083919242024422	0.039004817605019	0.1235536634922	-0.099858149886131
-0.31442475318909	-0.059079669415951	0.3145327270031	0.26073974370956	-0.31784942746162	0.00083879753947258	0.039005190134048	0.12355327606201	-0.099858403205872
-0.31442639231682	-0.059079747647047	0.31453230977058	0.26077219843864	-0.31782528758049	0.00083881244063377	0.039006106555462	0.12355282902718	-0.099858306348324
-0.31442484259605	-0.059079878032207	0.31453210115433	0.26080602407455	-0.31780028343201	0.00083880499005318	0.039005890488625	0.12355297803879	-0.099858306348324
-0.31442266702652	-0.059079762548208	0.31453242897987	0.26084026694298	-0.31777486205101	0.00083927810192108	0.03900521248579	0.12355324625969	-0.099857866764069
-0.31442266702652	-0.059079676866531	0.31453254818916	0.26087385416031	-0.31774994730949	0.0008392333984375	0.039004847407341	0.12355321645737	-0.099858060479164
-0.31442281603813	-0.059079650789499	0.31453147530556	0.26090756058693	-0.3177253305912	0.00083882361650467	0.039004817605019	0.12355333566666	-0.099858433008194
-0.31442296504974	-0.059079699218273	0.31453171372414	0.26094135642052	-0.31770098209381	0.00083914399147034	0.039004936814308	0.12355303764343	-0.099858157336712
-0.3144223690033	-0.05907991528511	0.31453168392181	0.26097536087036	-0.31767693161964	0.0008392259478569	0.039004608988762	0.12355327606201	-0.099858045578003
-0.31442341208458	-0.059079933911562	0.31453171372414	0.26100853085518	-0.31765320897102	0.00083917379379272	0.03900483250618	0.12355321645737	-0.09985813498497
-0.31442305445671	-0.059079937636852	0.31453064084053	0.26104164123535	-0.31762942671776	0.00083877146244049	0.039004646241665	0.12355297803879	-0.099858395755291
-0.31442192196846	-0.059079971164465	0.31453123688698	0.261075258255	-0.31760606169701	0.00083921849727631	0.03900384157896	0.12355363368988	-0.099858149886131
-0.31442162394524	-0.059079751372337	0.3145312666893	0.2611075937748	-0.31758314371109	0.0008392333984375	0.039003521203995	0.12355360388756	-0.099858283996582
-0.3144199848175	-0.059079773724079	0.31453067064285	0.26114141941071	-0.3175593316555	0.00083924829959869	0.039003372192383	0.12355357408524	-0.099858269095421
-0.31442108750343	-0.059079900383949	0.31453081965446	0.26117524504662	-0.31753581762314	0.00083925575017929	0.039003700017929	0.12355351448059	-0.099858179688454
-0.31442001461983	-0.059079963713884	0.31453028321266	0.26120966672897	-0.31751182675362	0.00083920359611511	0.03900321573019	0.12355351448059	-0.099858127534389
-0.31441882252693	-0.059079926460981	0.31453007459641	0.26124423742294	-0.31748813390732	0.0008392222225666	0.03900308161974	0.12355357408524	-0.099858179688454
-0.31441989541054	-0.059079978615046	0.3145298063755	0.26127833127975	-0.31746459007263	0.00083921849727631	0.039003290235996	0.1235533952713	-0.099858187139034
-0.31442165374756	-0.059079829603434	0.31452983617783	0.26131251454353	-0.31744119524956	0.0008392333984375	0.039003856480122	0.1235531270504	-0.099858127534389
-0.31442242860794	-0.059079699218273	0.31452959775925	0.26134687662125	-0.31741824746132	0.0008392333984375	0.039004050195217	0.1235531270504	-0.099858060479164
-0.3144254386425	-0.059079796075821	0.31452959775925	0.26138043403625	-0.31739613413811	0.00083917379379272	0.039004981517792	0.12355288863182	-0.099858090281487
-0.31442642211914	-0.05907978117466	0.31452944874763	0.26141387224197	-0.31737411022186	0.00083921849727631	0.039005674421787	0.12355247139931	-0.099858053028584
-0.31442674994469	-0.059079792350531	0.3145292699337	0.26144763827324	-0.31735220551491	0.00083917379379272	0.039005756378174	0.12355256080627	-0.099858120083809
-0.31442707777023	-0.059079758822918	0.31452903151512	0.26148110628128	-0.31733018159866	0.00083918869495392	0.039005696773529	0.12355247139931	-0.099858127534389
-0.31442564725876	-0.059079837054014	0.31452894210815	0.26151528954506	-0.31730780005455	0.00083919614553452	0.039004974067211	0.1235525906086	-0.099858157336712
-0.31442731618881	-0.059079766273499	0.31452906131744	0.26154837012291	-0.31728649139404	0.00083921104669571	0.039006002247334	0.12355241179466	-0.099858194589615
-0.31442579627037	-0.059079926460981	0.31452897191048	0.26158264279366	-0.31726399064064	0.00083921849727631	0.039005219936371	0.12355262041092	-0.099858120083809
-0.31442695856094	-0.05907978117466	0.31452852487564	0.26161614060402	-0.3172422349453	0.0008392222225666	0.039005681872368	0.12355229258537	-0.099858090281487
-0.31442886590958	-0.059079714119434	0.31452828645706	0.2616493999958	-0.31722095608711	0.00083916261792183	0.039006218314171	0.12355199456215	-0.099858179688454
-0.31443148851395	-0.059079561382532	0.31452822685242	0.2616825401783	-0.31720021367073	0.00083918869495392	0.039007142186165	0.1235519349575	-0.099857963621616
-0.31443223357201	-0.059079617261887	0.31452822685242	0.26171579957008	-0.31717923283577	0.00083921477198601	0.039007276296616	0.12355172634125	-0.099858023226261
-0.31443372368813	-0.059079684317112	0.31452843546867	0.2617478966713	-0.31715908646584	0.00083914399147034	0.039007648825645	0.12355175614357	-0.099858142435551
-0.31457072496414	-0.077833622694016	0.29429930448532	0.26123917102814	-0.31645646691322	0.00082907825708389	0.038906551897526	0.12307539582253	-0.099407568573952
-0.31347155570984	-0.09913807362318	0.27032646536827	0.26087975502014	-0.31518802046776	0.0010187178850174	0.038363166153431	0.12253844738007	-0.098743781447411
-0.31101262569427	-0.12117004394531	0.24653126299381	0.26078999042511	-0.31376647949219	0.001904409378767	0.037869989871979	0.12232744693756	-0.097556695342064
-0.3077440559864	-0.14364545047283	0.22170105576515	0.26078113913536	-0.31160366535187	0.0028945729136467	0.037376627326012	0.12204441428185	-0.096353359520435
-0.303481310606	-0.16644130647182	0.19559629261494	0.26087135076523	-0.30891293287277	0.0040378086268902	0.036689482629299	0.12168011069298	-0.095147326588631
-0.29826420545578	-0.18944868445396	0.16846737265587	0.26096171140671	-0.30607116222382	0.0051856338977814	0.035859055817127	0.1212357878685	-0.093960821628571
-0.29206767678261	-0.21255645155907	0.14051242172718	0.26105007529259	-0.30313849449158	0.0063491314649582	0.034891970455647	0.12072312831879	-0.092777915298939
-0.2848769724369	-0.235650613904	0.1117949783802	0.26113301515579	-0.30003747344017	0.0074373632669449	0.033773854374886	0.12012293934822	-0.091650411486626
-0.27667263150215	-0.2586153447628	0.082508243620396	0.26119610667229	-0.29671454429626	0.0085080079734325	0.032515823841095	0.11944532394409	-0.090562142431736
-0.26744794845581	-0.28133258223534	0.05281700566411	0.2612492442131	-0.29323852062225	0.0095347315073013	0.031127199530602	0.11869379878044	-0.089511357247829
-0.2571813762188	-0.30368375778198	0.022899631410837	0.26130667328835	-0.28962010145187	0.01052238792181	0.029611185193062	0.11787456274033	-0.088499940931797
-0.24587127566338	-0.32554826140404	-0.0071256756782532	0.26134392619133	-0.28586629033089	0.011439323425293	0.02797482162714	0.11697947978973	-0.087550580501556
-0.23350098729134	-0.34680593013763	-0.037026189267635	0.26140448451042	-0.28198486566544	0.012316338717937	0.026222072541714	0.11602756381035	-0.0866444632411
-0.22004541754723	-0.36733600497246	-0.066660836338997	0.26150023937225	-0.2779660820961	0.013143718242645	0.024356260895729	0.11501806974411	-0.08579209446907
-0.2055070400238	-0.38701915740967	-0.09586401283741	0.26159206032753	-0.27382031083107	0.013912156224251	0.022387117147446	0.1139554977417	-0.084994047880173
-0.18989524245262	-0.4057369530201	-0.12448715418577	0.26167041063309	-0.26955762505531	0.014610879123211	0.020326837897301	0.1128388941288	-0.084261260926723
-0.17320156097412	-0.4233732521534	-0.15236946940422	0.26174834370613	-0.26518046855927	0.015246070921421	0.01818061619997	0.11167214810848	-0.083597429096699
-0.15542921423912	-0.4398150742054	-0.17934516072273	0.26182776689529	-0.26070818305016	0.015811949968338	0.015956230461597	0.11046174168587	-0.08300244808197
-0.13658994436264	-0.45495420694351	-0.20525848865509	0.26191142201424	-0.25615522265434	0.016306541860104	0.013663336634636	0.10921314358711	-0.082471624016762
-0.1167113929987	-0.46868786215782	-0.22996088862419	0.26203301548958	-0.25164583325386	0.016719117760658	0.011310108006001	0.10793025791645	-0.082022748887539
-0.095819026231766	-0.4809208214283	-0.25330719351768	0.2621631026268	-0.2470765709877	0.017067812383175	0.0089062750339508	0.10661885142326	-0.081645235419273
-0.073957748711109	-0.49156618118286	-0.27516561746597	0.26229518651962	-0.2424376308918	0.017341747879982	0.0064617544412613	0.10528339445591	-0.081343598663807
-0.051176704466343	-0.50054782629013	-0.29541024565697	0.26242768764496	-0.23774872720242	0.017539516091347	0.0039855092763901	0.10392886400223	-0.081119440495968
-0.027543192729354	-0.50780159235001	-0.31392601132393	0.26256093382835	-0.23302772641182	0.017661012709141	0.0014879107475281	0.10256095230579	-0.080973438918591
-0.0031369901262224	-0.51327699422836	-0.3306120634079	0.26269373297691	-0.22829052805901	0.017703764140606	-0.0010205507278442	0.10118465125561	-0.080906748771667
0.021954080089927	-0.51693856716156	-0.34538123011589	0.26282644271851	-0.22355063259602	0.017672769725323	-0.0035312958061695	0.099805682897568	-0.080918364226818
0.047610118985176	-0.5187663435936	-0.35816314816475	0.26295897364616	-0.21881721913815	0.01756227016449	-0.0060310550034046	0.098429203033447	-0.081009581685066
0.073722407221794	-0.51875680685043	-0.36890396475792	0.26309484243393	-0.21408760547638	0.017376624047756	-0.0085128881037235	0.097060933709145	-0.081179268658161
0.10016183555126	-0.51692312955856	-0.37756875157356	0.26322716474533	-0.20938047766685	0.017117016017437	-0.010967824608088	0.095706164836884	-0.081426739692688
0.12676741182804	-0.51329559087753	-0.38414195179939	0.26335802674294	-0.20471699535847	0.016780786216259	-0.013382103294134	0.094370275735855	-0.081751190125942
0.15339127182961	-0.50791865587234	-0.38862481713295	0.26348680257797	-0.20009112358093	0.01636990904808	-0.015747327357531	0.093059197068214	-0.082151241600513
0.17988200485706	-0.50085246562958	-0.391033411026	0.26360201835632	-0.19551114737988	0.015900760889053	-0.018056128174067	0.091779127717018	-0.082621537148952
0.20606687664986	-0.49216738343239	-0.3914267718792	0.2637038230896	-0.19099719822407	0.015351973474026	-0.020300455391407	0.090530514717102	-0.083171248435974
0.23176640272141	-0.48194640874863	-0.3898421227932	0.26379534602165	-0.18657766282558	0.014746502041817	-0.02246581017971	0.089323490858078	-0.083787247538567
0.2568251490593	-0.47027984261513	-0.38635700941086	0.26388695836067	-0.18224270641804	0.014070264995098	-0.024548053741455	0.088160902261734	-0.084471866488457
0.28107637166977	-0.4572646021843	-0.38105568289757	0.26397803425789	-0.17800682783127	0.013328857719898	-0.02653818577528	0.087048038840294	-0.085221022367477
0.3043586909771	-0.44300231337547	-0.37403392791748	0.26406526565552	-0.1738845705986	0.012527659535408	-0.028427988290787	0.08598929643631	-0.086032144725323
0.32652115821838	-0.42759728431702	-0.36539742350578	0.26415053009987	-0.16988238692284	0.011668287217617	-0.030209876596928	0.084989205002785	-0.086901850998402
0.34742626547813	-0.41115349531174	-0.35525780916214	0.26423397660255	-0.16600848734379	0.010754153132439	-0.031877212226391	0.084051609039307	-0.087826922535896
0.36694169044495	-0.39377495646477	-0.34373152256012	0.26431503891945	-0.16227139532566	0.009789377450943	-0.033423274755478	0.083180710673332	-0.088803239166737
0.38495311141014	-0.37556552886963	-0.33093935251236	0.26439198851585	-0.15867818892002	0.0087779387831688	-0.034842498600483	0.082379311323166	-0.089827172458172
0.40135750174522	-0.35662627220154	-0.31700068712234	0.26446732878685	-0.15523748099804	0.0077243000268936	-0.036129355430603	0.081651538610458	-0.09089470654726
0.41606158018112	-0.33705574274063	-0.30203607678413	0.2645400762558	-0.15195545554161	0.0066327005624771	-0.037278689444065	0.080999910831451	-0.092001102864742
0.4289882183075	-0.31694841384888	-0.28616186976433	0.26461073756218	-0.14883804321289	0.0055075436830521	-0.03828651458025	0.080427169799805	-0.09314226359129
0.43974342942238	-0.29639911651611	-0.26947328448296	0.26469174027443	-0.14594683051109	0.0044254511594772	-0.039091527462006	0.079968944191933	-0.094295494258404
0.44879233837128	-0.27549684047699	-0.25209698081017	0.26483038067818	-0.1436472684145	0.003500759601593	-0.039789572358131	0.079578146338463	-0.09547296911478
0.45600360631943	-0.25432899594307	-0.23416683077812	0.26499938964844	-0.14194233715534	0.0025267004966736	-0.040344312787056	0.079257294535637	-0.096689499914646
0.461365878582	-0.23298069834709	-0.2157705873251	0.26521790027618	-0.1404128074646	0.0014201998710632	-0.040762655436993	0.079011037945747	-0.097942173480988
0.46472683548927	-0.21153464913368	-0.19736856222153	0.26537299156189	-0.13882732391357	0.00035909563302994	-0.040913134813309	0.078817203640938	-0.099266804754734
0.46598702669144	-0.19007118046284	-0.17663760483265	0.26576292514801	-0.13828471302986	0.00035843998193741	-0.040849462151527	0.079210296273232	-0.10001830756664
0.46628850698471	-0.18776653707027	-0.17395430803299	0.2659010887146	-0.13805583119392	0.00035925954580307	-0.041010342538357	0.079261317849159	-0.10005047917366
0.46635854244232	-0.18751914799213	-0.17338109016418	0.26594603061676	-0.13806335628033	0.00036002695560455	-0.041134655475616	0.079267919063568	-0.10004730522633
0.46639475226402	-0.18749262392521	-0.17319050431252	0.26594412326813	-0.13811102509499	0.00036025047302246	-0.041185021400452	0.079274088144302	-0.1000467762351
0.46641135215759	-0.18748976290226	-0.17311896383762	0.26592510938644	-0.13819020986557	0.00036013126373291	-0.041208900511265	0.079274252057076	-0.10004875063896
0.46641969680786	-0.18748959898949	-0.17309200763702	0.26590025424957	-0.13828711211681	0.00036008656024933	-0.041220508515835	0.079272821545601	-0.10005091875792
0.46642357110977	-0.18748946487904	-0.17308108508587	0.26587307453156	-0.1383935958147	0.00036021322011948	-0.0412263199687	0.079271599650383	-0.10005225241184
0.46642446517944	-0.18748925626278	-0.17307670414448	0.26584479212761	-0.13850538432598	0.00036019831895828	-0.041229024529457	0.079270720481873	-0.10005325824022
0.46642404794693	-0.18748953938484	-0.17307561635971	0.26581633090973	-0.13861994445324	0.00036007910966873	-0.041230231523514	0.079270198941231	-0.10005401074886
0.466422945261	-0.187489554286	-0.17307545244694	0.26578763127327	-0.13873575627804	0.00036010146141052	-0.041230596601963	0.079269722104073	-0.10005424171686
0.46642205119133	-0.1874894797802	-0.1730767339468	0.26575943827629	-0.13885241746902	0.0003601461648941	-0.041230715811253	0.079269632697105	-0.10005442798138
0.46642071008682	-0.1874897480011	-0.17307783663273	0.26573145389557	-0.13896930217743	0.0003601610660553	-0.041230440139771	0.079269215464592	-0.1000544577837
0.46641966700554	-0.18748967349529	-0.17307844758034	0.26570415496826	-0.13908644020557	0.00036021322011948	-0.041230320930481	0.079269304871559	-0.10005436092615
0.46641981601715	-0.18748959898949	-0.17307941615582	0.26567676663399	-0.1392033547163	0.00036027282476425	-0.041230238974094	0.07926906645298	-0.10005438327789
0.46641913056374	-0.18748958408833	-0.17308014631271	0.26564958691597	-0.13932038843632	0.00036009401082993	-0.041230022907257	0.079269036650658	-0.10005456954241
0.46641862392426	-0.18748956918716	-0.17308036983013	0.26562237739563	-0.13943715393543	0.00036019831895828	-0.041229948401451	0.07926894724369	-0.10005456209183
0.46641805768013	-0.18748967349529	-0.17308096587658	0.26559549570084	-0.13955399394035	0.00036013126373291	-0.041229888796806	0.079268842935562	-0.10005465894938
0.46641847491264	-0.187489554286	-0.17308241128922	0.26556888222694	-0.13967110216618	0.00036024302244186	-0.041229642927647	0.079268768429756	-0.10005438327789
0.4664181470871	-0.18748968839645	-0.1730825304985	0.2655425965786	-0.13978788256645	0.00036001950502396	-0.041229732334614	0.079268842935562	-0.10005466639996
0.46641889214516	-0.18748942017555	-0.1730817258358	0.26551601290703	-0.13990484178066	0.00036019086837769	-0.041229814291	0.079268887639046	-0.10005452483892
0.46641913056374	-0.18748959898949	-0.17308114469051	0.26548901200294	-0.14002189040184	0.00036025047302246	-0.041229851543903	0.079268857836723	-0.10005448013544
0.46641945838928	-0.18748964369297	-0.17308112978935	0.26546195149422	-0.14013868570328	0.00036016851663589	-0.041230089962482	0.079268828034401	-0.10005456954241
0.46642005443573	-0.18748965859413	-0.17308112978935	0.26543471217155	-0.1402557939291	0.0003601461648941	-0.041230253875256	0.079268619418144	-0.10005471110344
0.46642053127289	-0.1874894797802	-0.17308112978935	0.26540768146515	-0.14037300646305	0.00036019086837769	-0.04123030602932	0.079268649220467	-0.10005458444357
0.46642032265663	-0.18748959898949	-0.17308136820793	0.2653805911541	-0.14049004018307	0.00036012381315231	-0.041230246424675	0.079268753528595	-0.10005469620228
0.46642038226128	-0.18748967349529	-0.17308132350445	0.26535338163376	-0.14060685038567	0.00036012381315231	-0.041230365633965	0.079268485307693	-0.10005480051041
0.46642032265663	-0.18748962879181	-0.17308211326599	0.265326410532	-0.14072395861149	0.00036012381315231	-0.041230373084545	0.079268425703049	-0.1000547260046
0.46642056107521	-0.187489554286	-0.1730829924345	0.26529994606972	-0.14084115624428	0.00036017596721649	-0.041230320930481	0.079268366098404	-0.10005470365286
0.4664201438427	-0.18748944997787	-0.17308354377747	0.26527360081673	-0.14095841348171	0.00036011636257172	-0.041230142116547	0.079268410801888	-0.10005479305983
0.46642029285431	-0.18748933076859	-0.17308337986469	0.26524716615677	-0.14107541739941	0.0003601536154747	-0.041230104863644	0.079268291592598	-0.10005466639996
0.46642065048218	-0.18748958408833	-0.1730832606554	0.26522073149681	-0.14119265973568	0.00036012381315231	-0.041230238974094	0.079268351197243	-0.10005465149879
0.46642053127289	-0.18748940527439	-0.17308358848095	0.26519444584846	-0.14130990207195	0.00036017596721649	-0.041230261325836	0.079268217086792	-0.10005471110344
0.46642062067986	-0.18748959898949	-0.17308406531811	0.26516810059547	-0.14142701029778	0.00036021322011948	-0.041230343282223	0.079268053174019	-0.10005450248718
0.4664201438427	-0.18748950958252	-0.17308454215527	0.2651419043541	-0.14154426753521	0.0003601610660553	-0.041230291128159	0.079268008470535	-0.10005460679531
0.46642008423805	-0.18748958408833	-0.17308537662029	0.2651159465313	-0.14166162908077	0.00036023557186127	-0.041230089962482	0.079267919063568	-0.10005456954241
0.46641960740089	-0.18748943507671	-0.17308537662029	0.26509016752243	-0.14177896082401	0.0003601461648941	-0.041230045258999	0.079267889261246	-0.10005468130112
0.46641975641251	-0.18748934566975	-0.17308543622494	0.26506438851357	-0.14189645648003	0.00036017596721649	-0.041229993104935	0.079267919063568	-0.10005457699299
0.46641981601715	-0.18748944997787	-0.1730865240097	0.26503902673721	-0.14201399683952	0.00036004930734634	-0.041230097413063	0.079267859458923	-0.10005469620228
0.46641975641251	-0.18748950958252	-0.17308735847473	0.26501369476318	-0.14213162660599	0.00036018341779709	-0.041230000555515	0.07926769554615	-0.10005456954241
0.46641960740089	-0.18748946487904	-0.17308750748634	0.26498848199844	-0.14224915206432	0.00036021322011948	-0.041229955852032	0.079267635941505	-0.10005454719067
0.46641910076141	-0.18748925626278	-0.17308770120144	0.26496335864067	-0.14236685633659	0.00036020576953888	-0.041229784488678	0.079267501831055	-0.10005454719067
0.4664181470871	-0.18748959898949	-0.17308846116066	0.26493874192238	-0.14248444139957	0.00036021322011948	-0.041229620575905	0.079267606139183	-0.10005451738834
0.46641743183136	-0.18748970329762	-0.1730889827013	0.26491430401802	-0.14260226488113	0.00036013871431351	-0.041229493916035	0.079267516732216	-0.10005453228951
0.46641752123833	-0.18748965859413	-0.17308980226517	0.26489010453224	-0.1427199691534	0.00036022812128067	-0.041229397058487	0.079267457127571	-0.10005448013544
0.46641713380814	-0.18748942017555	-0.17309083044529	0.26486599445343	-0.14283780753613	0.00036009401082993	-0.041229344904423	0.079267218708992	-0.1000544577837
0.46641656756401	-0.18748949468136	-0.17309194803238	0.26484224200249	-0.14295567572117	0.00036011636257172	-0.04122906178236	0.079267054796219	-0.1000544205308
0.46641677618027	-0.18748937547207	-0.1730931699276	0.26481866836548	-0.14307330548763	0.00036020576953888	-0.04122893512249	0.079266890883446	-0.10005424171686
0.46641609072685	-0.18748965859413	-0.17309436202049	0.26479548215866	-0.14319106936455	0.00036012381315231	-0.0412288159132	0.079266846179962	-0.10005452483892
0.46641609072685	-0.18748953938484	-0.17309467494488	0.26477241516113	-0.14330875873566	0.00036004930734634	-0.041228778660297	0.079266712069511	-0.10005440562963
0.46641519665718	-0.18748952448368	-0.1730948984623	0.26474955677986	-0.14342658221722	0.00036010891199112	-0.041228502988815	0.079266756772995	-0.10005440562963
0.46641519665718	-0.18748950958252	-0.1730954349041	0.26472699642181	-0.14354407787323	0.0003601461648941	-0.04122856259346	0.079266726970673	-0.10005428642035
0.4664152264595	-0.1874894797802	-0.17309628427029	0.2647043466568	-0.14366179704666	0.00036007910966873	-0.041228465735912	0.079266563057899	-0.10005436092615
0.46641552448273	-0.18748950958252	-0.17309649288654	0.26468175649643	-0.14377957582474	0.00036010891199112	-0.041228510439396	0.079266399145126	-0.10005438327789
0.46641528606415	-0.18748961389065	-0.17309656739235	0.26465937495232	-0.14389723539352	0.00036020576953888	-0.041228547692299	0.079266473650932	-0.10005423426628
0.46641582250595	-0.18748962879181	-0.17309668660164	0.26463675498962	-0.14401504397392	0.00036010146141052	-0.041228540241718	0.079266309738159	-0.10005428642035
0.46641576290131	-0.18748939037323	-0.17309674620628	0.26461434364319	-0.14413277804852	0.00036010146141052	-0.041228771209717	0.07926632463932	-0.10005447268486
0.46641567349434	-0.18748946487904	-0.17309679090977	0.26459178328514	-0.1442507058382	0.0003601610660553	-0.04122868180275	0.079266309738159	-0.10005435347557
0.46641546487808	-0.18748942017555	-0.17309735715389	0.26456943154335	-0.14436872303486	0.00036017596721649	-0.041228666901588	0.079266160726547	-0.10005419701338
0.46641466021538	-0.18748961389065	-0.1730982363224	0.2645475268364	-0.14448681473732	0.00036018341779709	-0.041228391230106	0.07926619052887	-0.10005427896976
0.46641433238983	-0.187489554286	-0.17309865355492	0.26452600955963	-0.14460507035255	0.00036007165908813	-0.04122830927372	0.079266160726547	-0.10005430877209
0.46641361713409	-0.18748962879181	-0.17309947311878	0.26450464129448	-0.14472351968288	0.00036007165908813	-0.041228152811527	0.079265996813774	-0.10005421191454
0.4664132297039	-0.18748962879181	-0.17310076951981	0.26448392868042	-0.14484210312366	0.0003601610660553	-0.041228011250496	0.079265907406807	-0.10005404800177
0.46641314029694	-0.18748940527439	-0.17310148477554	0.26446318626404	-0.14496047794819	0.00036021322011948	-0.041227877140045	0.079265788197517	-0.10005401819944
0.46641275286674	-0.18748962879181	-0.17310220003128	0.26444253325462	-0.14507882297039	0.00036006420850754	-0.041227832436562	0.079265728592873	-0.10005417466164
0.46641224622726	-0.18748953938484	-0.1731034964323	0.26442217826843	-0.14519730210304	0.00036019831895828	-0.041227638721466	0.079265490174294	-0.10005403310061
0.46641233563423	-0.18748944997787	-0.17310389876366	0.26440227031708	-0.14531573653221	0.00036012381315231	-0.041227556765079	0.079265579581261	-0.10005414485931
0.46641209721565	-0.18748939037323	-0.17310348153114	0.26438221335411	-0.1454341262579	0.0003601461648941	-0.041227549314499	0.079265564680099	-0.10005412995815
0.46641087532043	-0.18748965859413	-0.17310427129269	0.26436227560043	-0.14555278420448	0.00036009401082993	-0.041227363049984	0.079265385866165	-0.10005409270525
0.46641057729721	-0.18748956918716	-0.17310462892056	0.2643426656723	-0.1456712782383	0.00036022067070007	-0.041227214038372	0.079265415668488	-0.10005386173725
0.46641063690186	-0.187489554286	-0.17310480773449	0.26432323455811	-0.14578959345818	0.00036005675792694	-0.041227243840694	0.079265415668488	-0.10005401819944
0.46641010046005	-0.18748962879181	-0.17310526967049	0.26430383324623	-0.14590807259083	0.00036019086837769	-0.041227132081985	0.079265415668488	-0.10005393624306
0.46641057729721	-0.18748946487904	-0.173106148839	0.264284491539	-0.14602650702	0.00036006420850754	-0.041226968169212	0.07926532626152	-0.10005412250757
0.46641057729721	-0.18748967349529	-0.17310699820518	0.26426526904106	-0.14614482223988	0.00036021322011948	-0.041227169334888	0.079265058040619	-0.10005383938551
0.46641024947166	-0.18748961389065	-0.17310737073421	0.26424625515938	-0.14626348018646	0.00036011636257172	-0.041227035224438	0.079264923930168	-0.1000539585948
0.46641033887863	-0.18748942017555	-0.17310783267021	0.26422759890556	-0.14638203382492	0.00036022812128067	-0.041227094829082	0.079264983534813	-0.10005398094654
0.46640995144844	-0.18748946487904	-0.17310830950737	0.26420882344246	-0.14650070667267	0.00036008656024933	-0.041226908564568	0.079264804720879	-0.10005393624306
0.46640977263451	-0.18748970329762	-0.17310932278633	0.2641906440258	-0.14661946892738	0.00036009401082993	-0.041226975619793	0.07926470041275	-0.1000539213419
0.46640992164612	-0.18748936057091	-0.17311018705368	0.26417249441147	-0.14673802256584	0.0003601461648941	-0.041226856410503	0.079264640808105	-0.10005389899015
0.46640968322754	-0.18748959898949	-0.17311039566994	0.26415428519249	-0.14685671031475	0.0003601461648941	-0.041226781904697	0.079264670610428	-0.10005388408899
0.46640995144844	-0.18748962879181	-0.17311090230942	0.26413586735725	-0.14697521924973	0.00036007165908813	-0.041226781904697	0.079264387488365	-0.10005391389132
0.46641048789024	-0.18748961389065	-0.17311161756516	0.26411780714989	-0.14709378778934	0.0003601610660553	-0.041226871311665	0.079264283180237	-0.10005386918783
0.44904991984367	-0.18747335672379	-0.17107723653316	0.26454675197601	-0.14775975048542	0.00036196410655975	-0.040190115571022	0.0802953094244	-0.099456384778023
0.42935565114021	-0.18744765222073	-0.16768527030945	0.26492276787758	-0.14848878979683	0.00036411732435226	-0.038900069892406	0.081636190414429	-0.098971910774708
0.40885150432587	-0.1874103397131	-0.16514129936695	0.26507177948952	-0.14900773763657	0.00036538392305374	-0.037259995937347	0.08281609416008	-0.098782554268837
0.38839799165726	-0.18735817074776	-0.16305376589298	0.26506948471069	-0.14929054677486	0.00036609917879105	-0.035556703805923	0.083835244178772	-0.09874039888382
0.35016652941704	-0.18720811605453	-0.15848249197006	0.26504364609718	-0.14968059957027	0.00036763399839401	-0.032477475702763	0.085630998015404	-0.098749406635761
0.32807967066765	-0.18708857893944	-0.15584002435207	0.26487532258034	-0.14958892762661	0.00036820024251938	-0.03052481263876	0.086629003286362	-0.098731994628906
0.30816611647606	-0.18694548308849	-0.15282247960567	0.26479601860046	-0.14972926676273	0.00036946684122086	-0.028942704200745	0.087518975138664	-0.098711527884007
0.28848013281822	-0.18676969408989	-0.14938260614872	0.26476913690567	-0.14996002614498	0.00037103891372681	-0.027348726987839	0.088431105017662	-0.098697669804096
0.26897120475769	-0.18655443191528	-0.14563931524754	0.26473477482796	-0.15015089511871	0.00037255883216858	-0.025731578469276	0.089336335659027	-0.098694317042828
0.24962390959263	-0.18629455566406	-0.14152888953686	0.26468941569328	-0.15032786130905	0.0003741979598999	-0.024096794426441	0.090246915817261	-0.098687134683132
0.21354654431343	-0.18564847111702	-0.13263790309429	0.26466199755669	-0.15065921843052	0.00037737190723419	-0.021045908331871	0.091980427503586	-0.098702535033226
0.19264778494835	-0.18518468737602	-0.12713773548603	0.26445341110229	-0.15055760741234	0.00037937611341476	-0.019022680819035	0.092987954616547	-0.098666556179523
0.1741207242012	-0.18467654287815	-0.12155606597662	0.26439154148102	-0.15064114332199	0.00038263201713562	-0.017479747533798	0.093885734677315	-0.098636783659458
0.15591391921043	-0.18409213423729	-0.11564783006907	0.26435378193855	-0.15079939365387	0.00038576871156693	-0.015916034579277	0.094785496592522	-0.098629392683506
0.13787306845188	-0.18342155218124	-0.10937711596489	0.26430687308311	-0.1509555876255	0.00038882344961166	-0.014298379421234	0.095692902803421	-0.098618626594543
0.12005098164082	-0.18265676498413	-0.10274884849787	0.26425179839134	-0.15109483897686	0.00039222836494446	-0.012662746012211	0.096600547432899	-0.098603554069996
0.10247512161732	-0.18179035186768	-0.095760367810726	0.2641935646534	-0.15121886134148	0.00039581954479218	-0.011024482548237	0.097506284713745	-0.098586678504944
0.08515315502882	-0.1808138936758	-0.088410198688507	0.26413559913635	-0.15132926404476	0.0003996267914772	-0.0093861222267151	0.098410591483116	-0.098568864166737
0.068088136613369	-0.17971952259541	-0.080688610672951	0.26407939195633	-0.15142530202866	0.00040379166603088	-0.0077468231320381	0.099314033985138	-0.098549887537956
0.051289789378643	-0.17849940061569	-0.072593092918396	0.26402303576469	-0.15150785446167	0.00040829181671143	-0.0061088502407074	0.10021674633026	-0.098530024290085
0.034758038818836	-0.17714539170265	-0.064122907817364	0.26396715641022	-0.15157695114613	0.00041324645280838	-0.0044715404510498	0.10111850500107	-0.098509259521961
0.018495326861739	-0.1756487339735	-0.055275071412325	0.26391157507896	-0.15163394808769	0.00041847676038742	-0.0028340369462967	0.10201959311962	-0.098487630486488
0.0025051597040147	-0.17400218546391	-0.046045884490013	0.2638566493988	-0.15167890489101	0.0004236102104187	-0.0011960864067078	0.10292007029057	-0.098464943468571
-0.013014221563935	-0.17219714820385	-0.036604546010494	0.26383212208748	-0.15174005925655	0.00042971968650818	0.00034293532371521	0.10378465056419	-0.09847491979599
-0.028247755020857	-0.17022605240345	-0.026728196069598	0.26391309499741	-0.15198983252048	0.00043606758117676	0.0018573626875877	0.10467283427715	-0.098466075956821
-0.056367117911577	-0.16598211228848	-0.006714544724673	0.26410809159279	-0.15258400142193	0.00044994801282883	0.0047239735722542	0.10640282928944	-0.098463855683804
-0.072867639362812	-0.16325730085373	0.0056633059866726	0.26395419239998	-0.1526315510273	0.00045792013406754	0.006773017346859	0.10738633573055	-0.098409488797188
-0.099550239741802	-0.15788574516773	0.027921125292778	0.26409310102463	-0.15313944220543	0.00047416985034943	0.0096321403980255	0.10912327468395	-0.098363682627678
-0.11526020616293	-0.15448439121246	0.04165967553854	0.26389235258102	-0.15305645763874	0.00048349797725677	0.011758871376514	0.11009328067303	-0.098285593092442
-0.12895141541958	-0.15109543502331	0.054506480693817	0.26387390494347	-0.15305995941162	0.00049301981925964	0.013419166207314	0.11098757386208	-0.098224185407162
-0.14229805767536	-0.14750118553638	0.067750990390778	0.26387637853622	-0.15304985642433	0.00050094723701477	0.015077777206898	0.11188535392284	-0.098181761801243
-0.15538288652897	-0.14367106556892	0.081419475376606	0.26386925578117	-0.15299472212791	0.00051113218069077	0.016741774976254	0.11277878284454	-0.09814141690731
-0.16823394596577	-0.13959485292435	0.095494203269482	0.2638486623764	-0.152917355299	0.00051060318946838	0.01841302216053	0.11366519331932	-0.098104014992714
-0.18069094419479	-0.13526357710361	0.11009669303894	0.26388290524483	-0.15276758372784	0.00052477419376373	0.019978009164333	0.11457665264606	-0.09808187186718
-0.19298531115055	-0.13066902756691	0.1251664608717	0.26384481787682	-0.15269993245602	0.00054649263620377	0.021611705422401	0.1154845058918	-0.0980419293046
-0.20502193272114	-0.12580265104771	0.14053072035313	0.26378834247589	-0.1526041328907	0.0005631297826767	0.023233622312546	0.11636926233768	-0.098018497228622
-0.22699739038944	-0.11577171832323	0.17115148901939	0.2637882232666	-0.15279960632324	0.00061017274856567	0.02625897526741	0.11810745298862	-0.097943462431431
-0.23971936106682	-0.10954246670008	0.18929426372051	0.26363328099251	-0.15236365795135	0.00064168870449066	0.028195902705193	0.11899881064892	-0.097913332283497
-0.25089228153229	-0.10344459116459	0.20640993118286	0.26359149813652	-0.15219928324223	0.00067107379436493	0.029810599982738	0.11984975636005	-0.09789077937603
-0.26173368096352	-0.097074873745441	0.22420009970665	0.2635752260685	-0.15207730233669	0.00070314854383469	0.031422063708305	0.12074507772923	-0.097849130630493
-0.27241262793541	-0.090380005538464	0.24245528876781	0.26352959871292	-0.15192310512066	0.00073589384555817	0.033070579171181	0.12162436544895	-0.097801685333252
-0.29184645414352	-0.076709419488907	0.27887392044067	0.26359084248543	-0.15194934606552	0.0008019283413887	0.036105811595917	0.12337508797646	-0.097696296870708
-0.30274373292923	-0.068277686834335	0.29686456918716	0.26312240958214	-0.15147544443607	0.0008261576294899	0.037421986460686	0.12369339168072	-0.098608113825321
-0.31248506903648	-0.060067273676395	0.31332585215569	0.26257979869843	-0.1515819132328	0.00084207206964493	0.038446806371212	0.12382939457893	-0.099782481789589
-0.3139186501503	-0.059186063706875	0.31477275490761	0.26230284571648	-0.15177820622921	0.00084229558706284	0.038734927773476	0.12372535467148	-0.099873431026936
-0.31425279378891	-0.059091173112392	0.31482428312302	0.26215326786041	-0.15197056531906	0.00084163993597031	0.038850709795952	0.1236652135849	-0.099876016378403
-0.31440606713295	-0.059080716222525	0.31478041410446	0.26203289628029	-0.15209530293941	0.00084114074707031	0.038928091526031	0.12362436950207	-0.099873326718807
-0.31449463963509	-0.059079889208078	0.31472012400627	0.26191726326942	-0.15218415856361	0.00084102898836136	0.038980312645435	0.12359221279621	-0.099869780242443
-0.31455540657043	-0.059079732745886	0.31467545032501	0.2618160545826	-0.15225091576576	0.00084051862359047	0.039013162255287	0.12357100844383	-0.099868886172771
-0.31459382176399	-0.059079684317112	0.31464409828186	0.26172676682472	-0.15230259299278	0.00084065645933151	0.039034426212311	0.12355682253838	-0.099868483841419
-0.31461891531944	-0.059079859405756	0.31462073326111	0.26164472103119	-0.15234598517418	0.00084050744771957	0.039048403501511	0.12354721128941	-0.099867984652519
-0.31463468074799	-0.059079822152853	0.31460338830948	0.26156821846962	-0.15238510072231	0.00084032863378525	0.039057426154613	0.12354053556919	-0.099867887794971
-0.31464430689812	-0.059079643338919	0.31459146738052	0.26149621605873	-0.15242134034634	0.00084014236927032	0.039063148200512	0.12353600561619	-0.099867723882198
