0.000	4	0.152	-0.256	0.353	-0.204	0.146	0.152	-0.047	-0.211	
0.500	6	0.152	-0.242	0.353	-0.202	0.349	0.105	0.146	0.140	-0.053	0.099	-0.047	-0.209	
0.500	6	0.151	-0.228	0.352	-0.199	0.349	0.109	0.146	0.132	-0.054	0.104	-0.049	-0.205	
0.500	6	0.151	-0.226	0.351	-0.198	0.348	0.110	0.146	0.131	-0.055	0.105	-0.049	-0.204	
0.500	6	0.150	-0.224	0.351	-0.198	0.348	0.110	0.145	0.130	-0.055	0.105	-0.050	-0.204	
0.500	6	0.150	-0.223	0.351	-0.198	0.348	0.110	0.145	0.130	-0.055	0.105	-0.050	-0.204	
0.500	6	0.150	-0.223	0.351	-0.198	0.348	0.110	0.145	0.130	-0.055	0.105	-0.050	-0.204	
0.900	6	0.150	-0.223	0.351	-0.198	0.348	0.110	0.145	0.130	-0.055	0.105	-0.050	-0.204	
0.900	6	0.150	-0.223	0.351	-0.198	0.348	0.110	0.145	0.130	-0.055	0.105	-0.050	-0.204	
0.900	6	0.150	-0.224	0.351	-0.198	0.348	0.110	0.145	0.130	-0.055	0.105	-0.050	-0.204	
0.900	6	0.150	-0.224	0.351	-0.198	0.348	0.110	0.145	0.129	-0.055	0.105	-0.050	-0.204	
0.900	6	0.150	-0.226	0.350	-0.198	0.347	0.109	0.145	0.131	-0.055	0.104	-0.050	-0.204	
0.900	6	0.150	-0.228	0.349	-0.196	0.348	0.108	0.145	0.134	-0.055	0.103	-0.050	-0.201	
1.300	3	0.150	-0.229	0.348	0.108	-0.055	0.102	
1.300	3	0.150	-0.230	0.347	0.107	-0.056	0.102	
1.300	3	0.150	-0.230	0.347	0.107	-0.055	0.102	
1.300	3	0.150	-0.231	0.347	0.108	-0.055	0.102	
1.300	3	0.150	-0.232	0.347	0.107	-0.055	0.102	
1.300	3	0.150	-0.233	0.347	0.107	-0.055	0.102	
1.300	3	0.150	-0.233	0.346	0.107	-0.055	0.102	
1.300	3	0.150	-0.234	0.346	0.107	-0.054	0.101	
1.300	3	0.150	-0.235	0.346	0.107	-0.054	0.101	
1.700	3	0.150	-0.235	0.346	0.107	-0.054	0.101	
1.700	3	0.150	-0.236	0.346	0.106	-0.053	0.101	
1.700	3	0.150	-0.236	0.346	0.107	-0.053	0.101	
1.700	3	0.150	-0.237	0.345	0.107	-0.053	0.101	
1.700	3	0.150	-0.237	0.345	0.107	-0.052	0.101	
2.250	3	0.150	-0.238	0.345	0.107	-0.052	0.101	
2.250	3	0.150	-0.239	0.344	0.106	-0.051	0.102	
2.250	3	0.150	-0.240	0.344	0.107	-0.049	0.103	
2.900	3	0.150	-0.241	0.343	0.108	-0.047	0.104	
3.450	6	0.150	-0.243	0.341	-0.047	0.342	0.110	0.145	0.299	-0.045	0.107	-0.043	-0.050	
4.050	3	-0.045	-0.050	0.343	-0.046	0.144	0.299	
4.700	3	-0.048	-0.049	0.345	-0.045	0.143	0.295	
5.750	3	-0.052	-0.048	0.348	-0.041	0.142	0.294	
6.350	3	0.149	-0.075	0.345	0.266	-0.057	0.258	
7.350	3	0.149	-0.080	0.342	0.267	-0.051	0.262	
8.550	5	-0.046	0.112	0.340	0.116	0.338	0.274	0.143	0.462	-0.047	0.271	
10.200	3	-0.050	0.115	0.346	0.118	0.143	0.456	
11.500	3	0.147	0.090	0.348	0.427	-0.055	0.425	
12.450	3	0.147	0.083	0.344	0.430	-0.046	0.431	
13.550	3	0.344	0.279	0.148	0.625	-0.046	0.279	
14.400	3	0.349	0.282	0.151	0.620	-0.050	0.284	
14.850	3	0.149	0.253	0.354	0.588	-0.047	0.592	
15.250	3	0.150	0.248	0.352	0.588	-0.043	0.592	
15.650	3	0.150	0.247	0.351	0.589	-0.041	0.594	
15.650	3	0.150	0.246	0.351	0.591	-0.039	0.597	
16.100	3	0.149	0.246	0.351	0.593	-0.038	0.600	
16.100	5	0.149	0.246	0.345	0.436	0.350	0.593	-0.037	0.600	-0.039	0.444	
16.100	6	0.149	0.247	0.346	0.439	0.350	0.593	0.159	0.790	-0.036	0.601	-0.039	0.446	
16.100	6	0.149	0.249	0.347	0.438	0.349	0.594	0.159	0.790	-0.036	0.601	-0.039	0.446	
16.100	5	0.347	0.438	0.349	0.595	0.159	0.790	-0.036	0.602	-0.039	0.445	
16.100	3	0.348	0.438	0.159	0.789	-0.040	0.444	
16.450	3	0.348	0.438	0.159	0.789	-0.040	0.444	
16.450	3	0.348	0.438	0.159	0.789	-0.040	0.443	
16.450	3	0.348	0.438	0.159	0.788	-0.040	0.443	
16.450	3	0.349	0.439	0.159	0.788	-0.040	0.444	
16.450	3	0.349	0.438	0.158	0.787	-0.040	0.443	
16.450	3	0.349	0.439	0.158	0.788	-0.040	0.444	
16.950	3	0.349	0.439	0.158	0.787	-0.041	0.444	
16.950	3	0.350	0.439	0.158	0.785	-0.041	0.444	
16.950	3	0.350	0.439	0.158	0.785	-0.042	0.445	
16.950	3	0.350	0.440	0.158	0.785	-0.042	0.445	
16.950	3	0.350	0.439	0.157	0.784	-0.043	0.445	
16.950	3	0.350	0.440	0.157	0.785	-0.043	0.446	
16.950	3	0.351	0.440	0.157	0.785	-0.043	0.445	
16.950	3	0.351	0.440	0.157	0.784	-0.043	0.446	
17.350	3	0.351	0.440	0.157	0.784	-0.044	0.446	
17.350	3	0.352	0.440	0.157	0.784	-0.044	0.446	
17.350	3	0.352	0.441	0.157	0.784	-0.044	0.446	
17.350	3	0.352	0.441	0.157	0.784	-0.044	0.446	
17.350	3	0.352	0.441	0.157	0.783	-0.045	0.446	
17.350	3	0.352	0.442	0.157	0.783	-0.045	0.447	
17.350	3	0.352	0.442	0.157	0.784	-0.045	0.446	
17.700	3	0.352	0.443	0.158	0.781	-0.046	0.445	
17.700	3	0.354	0.443	0.157	0.781	-0.046	0.446	
17.700	3	0.354	0.444	0.157	0.782	-0.046	0.448	
17.700	4	0.153	0.412	0.355	0.443	0.157	0.782	-0.046	0.449	
17.700	4	0.153	0.416	0.355	0.444	0.157	0.781	-0.046	0.449	
17.700	6	0.153	0.419	0.355	0.444	0.358	0.749	0.157	0.781	-0.043	0.753	-0.046	0.449	
18.150	6	0.153	0.420	0.355	0.445	0.358	0.751	0.157	0.780	-0.043	0.755	-0.046	0.450	
18.150	6	0.153	0.419	0.354	0.445	0.359	0.751	0.157	0.780	-0.043	0.754	-0.046	0.450	
18.150	6	0.153	0.418	0.354	0.447	0.359	0.750	0.157	0.782	-0.044	0.754	-0.045	0.451	
18.150	3	0.154	0.417	0.359	0.750	-0.044	0.754	
18.150	3	0.154	0.415	0.359	0.750	-0.044	0.753	
18.150	3	0.154	0.415	0.359	0.749	-0.043	0.753	
18.650	3	0.154	0.413	0.358	0.750	-0.043	0.753	
18.650	3	0.155	0.411	0.358	0.748	-0.042	0.752	
18.650	3	0.155	0.411	0.357	0.749	-0.040	0.752	
19.100	3	0.154	0.409	0.357	0.750	-0.038	0.753	
19.100	3	0.155	0.409	0.356	0.750	-0.038	0.754	
19.100	3	0.155	0.408	0.356	0.750	-0.037	0.754	
19.100	3	0.155	0.407	0.356	0.751	-0.037	0.756	
19.100	3	0.156	0.406	0.356	0.752	-0.036	0.756	
19.100	3	0.156	0.406	0.356	0.752	-0.035	0.756	
19.500	3	0.155	0.405	0.356	0.753	-0.034	0.757	
19.500	3	0.155	0.405	0.355	0.753	-0.034	0.757	
19.500	3	0.155	0.406	0.355	0.754	-0.033	0.758	
19.500	3	0.155	0.405	0.355	0.754	-0.033	0.758	
19.500	3	0.155	0.405	0.355	0.754	-0.033	0.759	
19.900	3	0.155	0.405	0.355	0.754	-0.033	0.759	
19.900	4	0.155	0.405	0.351	0.597	0.355	0.754	-0.033	0.760	
19.900	5	0.155	0.406	0.351	0.599	0.355	0.754	-0.033	0.759	-0.033	0.603	
19.900	5	0.351	0.599	0.354	0.754	0.163	0.949	-0.031	0.760	-0.034	0.602	
19.900	3	0.352	0.598	0.163	0.948	-0.035	0.601	
19.900	3	0.352	0.597	0.162	0.947	-0.035	0.601	
19.900	3	0.353	0.598	0.162	0.947	-0.035	0.603	
20.400	3	0.353	0.598	0.162	0.947	-0.036	0.603	
20.400	3	0.353	0.599	0.163	0.946	-0.036	0.603	
20.400	3	0.354	0.598	0.163	0.945	-0.037	0.603	
20.400	3	0.354	0.598	0.162	0.945	-0.037	0.604	
20.400	3	0.354	0.598	0.162	0.944	-0.037	0.604	
20.400	3	0.355	0.598	0.163	0.944	-0.037	0.603	
20.900	3	0.355	0.598	0.163	0.944	-0.038	0.604	
20.900	3	0.356	0.598	0.163	0.942	-0.038	0.603	
20.900	3	0.356	0.599	0.163	0.942	-0.038	0.604	
20.900	3	0.356	0.599	0.163	0.942	-0.039	0.604	
20.900	3	0.356	0.600	0.163	0.941	-0.039	0.604	
20.900	3	0.356	0.600	0.164	0.941	-0.040	0.605	
20.900	3	0.357	0.599	0.163	0.940	-0.040	0.605	
20.900	3	0.357	0.600	0.164	0.940	-0.041	0.607	
21.200	3	0.358	0.601	0.164	0.940	-0.041	0.607	
21.200	3	0.358	0.601	0.164	0.941	-0.041	0.608	
21.200	3	0.359	0.601	0.164	0.941	-0.041	0.608	
21.200	3	0.359	0.601	0.164	0.943	-0.041	0.608	
21.200	3	0.359	0.602	0.164	0.944	-0.042	0.607	
