1	-0.200	-1.167	0.001
1	-0.199	-1.167	0.001
1	-0.199	-1.167	0.001
1	-0.199	-1.167	0.001
1	-0.198	-1.167	0.001
1	-0.199	-1.175	0.001
1	-0.198	-1.163	0.001
1	-0.198	-1.163	0.001
1	-0.198	-1.165	0.001
1	-0.197	-1.166	0.001
1	-0.197	-1.167	0.001
1	-0.197	-1.167	0.001
1	-0.197	-1.167	0.001
1	-0.196	-1.167	0.001
1	-0.196	-1.167	0.001
1	-0.196	-1.166	0.001
1	-0.196	-1.166	0.001
1	-0.196	-1.167	0.001
1	-0.196	-1.166	0.001
1	-0.196	-1.166	0.001
1	-0.196	-1.166	0.001
1	-0.196	-1.166	0.001
1	-0.196	-1.166	0.001
1	-0.196	-1.166	0.001
1	-0.196	-1.166	0.001
1	-0.196	-1.165	0.001
1	-0.196	-1.165	0.001
1	-0.196	-1.165	0.001
1	-0.196	-1.165	0.001
1	-0.196	-1.164	0.001
1	-0.196	-1.163	0.001
1	-0.196	-1.163	0.001
1	-0.197	-1.166	0.001
1	-0.196	-1.166	0.001
1	-0.196	-1.165	0.001
1	-0.195	-1.163	0.001
1	-0.195	-1.162	0.001
1	-0.195	-1.160	0.001
1	-0.194	-1.159	0.001
1	-0.195	-1.162	0.001
1	-0.195	-1.162	0.001
1	-0.194	-1.161	0.003
1	-0.194	-1.159	0.003
0	-0.194	-1.151	0.008
0	-0.193	-1.143	0.010
0	-0.194	-1.135	0.013
0	-0.194	-1.126	0.016
0	-0.193	-1.118	0.017
0	-0.193	-1.112	0.018
0	-0.193	-1.104	0.018
0	-0.193	-1.099	0.019
0	-0.193	-1.096	0.019
0	-0.194	-1.085	0.019
0	-0.195	-1.079	0.019
0	-0.195	-1.067	0.018
0	-0.196	-1.056	0.017
0	-0.196	-1.048	0.015
0	-0.195	-1.041	0.013
0	-0.193	-1.037	0.012
0	-0.193	-1.027	0.008
0	-0.193	-1.020	0.007
1	-0.193	-1.015	0.003
1	-0.193	-1.013	0.003
1	-0.193	-1.011	0.002
1	-0.193	-1.011	0.001
1	-0.193	-1.010	0.001
1	-0.193	-1.009	0.001
1	-0.193	-1.008	0.001
1	-0.193	-1.008	0.001
1	-0.193	-1.008	0.001
1	-0.193	-1.008	0.001
1	-0.193	-1.008	0.001
1	-0.193	-1.009	0.001
1	-0.193	-1.009	0.001
1	-0.193	-1.009	0.001
1	-0.193	-1.009	0.001
1	-0.193	-1.009	0.001
1	-0.193	-1.009	0.001
1	-0.193	-1.009	0.001
1	-0.193	-1.009	0.001
1	-0.193	-1.011	0.001
1	-0.194	-1.012	0.001
1	-0.194	-1.012	0.001
1	-0.193	-1.012	0.001
1	-0.193	-1.012	0.001
1	-0.193	-1.011	0.001
1	-0.193	-1.012	0.001
1	-0.194	-1.012	0.001
1	-0.193	-1.012	0.001
1	-0.193	-1.012	0.001
1	-0.193	-1.011	0.001
1	-0.193	-1.011	0.001
1	-0.193	-1.010	0.001
1	-0.193	-1.009	0.001
1	-0.193	-1.009	0.001
1	-0.194	-1.010	0.001
1	-0.194	-1.009	0.001
1	-0.194	-1.007	0.001
1	-0.194	-1.006	0.001
1	-0.194	-1.004	0.001
1	-0.194	-1.003	0.001
1	-0.193	-1.001	0.001
1	-0.193	-0.997	0.001
1	-0.194	-1.005	0.001
1	-0.194	-1.007	0.001
1	-0.193	-1.009	0.001
1	-0.193	-1.010	0.001
1	-0.193	-1.011	0.001
1	-0.192	-1.011	0.001
1	-0.192	-1.011	0.001
1	-0.192	-1.011	0.001
1	-0.192	-1.010	0.001
1	-0.192	-1.010	0.001
1	-0.191	-1.010	0.001
1	-0.191	-1.010	0.001
1	-0.191	-1.010	0.001
1	-0.191	-1.011	0.001
1	-0.191	-1.009	0.002
0	-0.192	-1.005	0.004
0	-0.192	-1.002	0.007
0	-0.192	-1.000	0.007
0	-0.193	-0.998	0.007
0	-0.193	-0.993	0.010
0	-0.195	-0.989	0.011
0	-0.194	-0.986	0.012
0	-0.194	-0.972	0.015
0	-0.194	-0.964	0.017
0	-0.194	-0.960	0.017
0	-0.194	-0.950	0.018
0	-0.194	-0.944	0.019
0	-0.194	-0.941	0.019
0	-0.194	-0.928	0.019
0	-0.196	-0.912	0.017
0	-0.197	-0.899	0.016
0	-0.197	-0.891	0.015
0	-0.198	-0.887	0.015
0	-0.198	-0.884	0.015
0	-0.198	-0.882	0.015
0	-0.200	-0.868	0.008
0	-0.201	-0.858	0.005
1	-0.201	-0.853	0.004
1	-0.201	-0.851	0.001
1	-0.202	-0.850	0.001
1	-0.202	-0.849	0.001
1	-0.202	-0.849	0.001
1	-0.202	-0.849	0.001
1	-0.202	-0.849	0.001
1	-0.202	-0.849	0.001
1	-0.202	-0.848	0.001
1	-0.202	-0.848	0.001
1	-0.202	-0.848	0.001
1	-0.202	-0.848	0.001
1	-0.202	-0.848	0.001
1	-0.202	-0.848	0.001
1	-0.202	-0.848	0.001
1	-0.202	-0.848	0.001
1	-0.202	-0.848	0.001
1	-0.202	-0.850	0.001
1	-0.202	-0.849	0.001
1	-0.202	-0.849	0.001
1	-0.202	-0.849	0.001
1	-0.202	-0.851	0.001
1	-0.202	-0.851	0.001
1	-0.202	-0.850	0.001
1	-0.202	-0.850	0.001
1	-0.202	-0.849	0.001
1	-0.202	-0.849	0.001
1	-0.202	-0.849	0.001
1	-0.202	-0.848	0.001
1	-0.202	-0.848	0.001
1	-0.202	-0.847	0.001
1	-0.202	-0.845	0.001
1	-0.202	-0.846	0.001
1	-0.202	-0.847	0.001
1	-0.202	-0.847	0.001
1	-0.202	-0.845	0.001
1	-0.203	-0.844	0.001
1	-0.203	-0.843	0.001
1	-0.203	-0.846	0.001
1	-0.202	-0.846	0.001
1	-0.202	-0.844	0.001
1	-0.202	-0.843	0.001
1	-0.202	-0.843	0.001
1	-0.202	-0.843	0.001
1	-0.202	-0.842	0.001
1	-0.202	-0.842	0.001
1	-0.202	-0.842	0.001
1	-0.202	-0.842	0.001
1	-0.202	-0.841	0.001
1	-0.202	-0.841	0.001
1	-0.202	-0.841	0.001
1	-0.202	-0.841	0.001
1	-0.202	-0.840	0.001
1	-0.202	-0.840	0.001
0	-0.202	-0.816	0.012
0	-0.204	-0.784	0.012
0	-0.204	-0.770	0.012
0	-0.202	-0.760	0.007
0	-0.201	-0.755	0.005
0	-0.201	-0.753	0.005
0	-0.201	-0.752	0.004
0	-0.201	-0.752	0.004
0	-0.201	-0.752	0.004
0	-0.201	-0.752	0.004
0	-0.201	-0.751	0.004
0	-0.201	-0.751	0.004
0	-0.201	-0.751	0.004
0	-0.201	-0.751	0.004
0	-0.201	-0.751	0.004
0	-0.201	-0.751	0.004
0	-0.201	-0.750	0.004
0	-0.201	-0.750	0.004
0	-0.201	-0.750	0.004
0	-0.201	-0.750	0.004
0	-0.201	-0.750	0.004
0	-0.201	-0.750	0.004
0	-0.201	-0.749	0.004
0	-0.201	-0.749	0.004
0	-0.201	-0.749	0.004
