1	-0.005	-0.972	0.002
1	-0.005	-0.984	0.002
1	-0.005	-0.990	0.002
1	-0.005	-0.992	0.002
1	-0.005	-0.993	0.002
1	-0.005	-0.994	0.002
1	-0.005	-0.994	0.002
1	-0.005	-0.994	0.002
1	-0.005	-0.995	0.002
1	-0.006	-0.995	0.002
1	-0.009	-0.969	0.002
1	-0.007	-0.934	0.002
1	-0.006	-0.926	0.002
1	-0.007	-0.926	0.002
1	-0.006	-0.926	0.002
1	-0.007	-0.925	0.002
1	-0.007	-0.926	0.002
1	-0.007	-0.926	0.002
1	-0.007	-0.927	0.002
1	-0.006	-0.927	0.002
1	-0.006	-0.927	0.002
1	-0.006	-0.927	0.002
1	-0.006	-0.928	0.002
1	-0.006	-0.929	0.002
1	-0.006	-0.930	0.002
1	-0.006	-0.930	0.002
1	-0.006	-0.931	0.002
1	-0.006	-0.931	0.002
1	-0.006	-0.930	0.002
1	-0.006	-0.931	0.002
1	-0.006	-0.930	0.002
1	-0.006	-0.931	0.002
1	-0.006	-0.930	0.002
1	-0.006	-0.931	0.002
1	-0.005	-0.932	0.002
1	-0.005	-0.932	0.002
1	-0.005	-0.933	0.002
1	-0.005	-0.932	0.002
1	-0.005	-0.933	0.002
1	-0.005	-0.933	0.002
1	-0.005	-0.933	0.002
1	-0.004	-0.933	0.002
1	-0.004	-0.933	0.002
0	-0.004	-0.929	0.005
0	-0.005	-0.925	0.007
0	-0.005	-0.908	0.012
0	-0.005	-0.902	0.014
0	-0.005	-0.896	0.015
0	-0.005	-0.885	0.017
0	-0.005	-0.881	0.017
0	-0.005	-0.877	0.018
0	-0.005	-0.870	0.019
0	-0.005	-0.866	0.019
0	-0.005	-0.861	0.019
0	-0.005	-0.859	0.019
0	-0.005	-0.857	0.019
0	-0.004	-0.856	0.019
0	-0.006	-0.853	0.019
0	-0.006	-0.850	0.020
0	-0.005	-0.825	0.017
0	-0.005	-0.808	0.016
0	-0.004	-0.789	0.013
0	-0.003	-0.779	0.011
0	-0.003	-0.772	0.009
0	-0.004	-0.768	0.007
0	-0.003	-0.762	0.004
1	-0.003	-0.759	0.002
1	-0.003	-0.759	0.002
1	-0.003	-0.759	0.002
1	-0.003	-0.758	0.002
1	-0.003	-0.758	0.002
1	-0.003	-0.758	0.002
1	-0.003	-0.758	0.002
1	-0.003	-0.758	0.002
1	-0.003	-0.758	0.002
1	-0.003	-0.758	0.002
1	-0.003	-0.758	0.002
1	-0.003	-0.758	0.002
1	-0.003	-0.758	0.002
1	-0.003	-0.758	0.002
1	-0.003	-0.758	0.002
1	-0.003	-0.759	0.002
1	-0.003	-0.758	0.002
1	-0.003	-0.759	0.002
1	-0.003	-0.760	0.002
1	-0.003	-0.759	0.002
1	-0.003	-0.759	0.002
1	-0.003	-0.760	0.002
1	-0.003	-0.760	0.002
1	-0.003	-0.762	0.002
1	-0.002	-0.761	0.002
1	-0.002	-0.761	0.002
1	-0.003	-0.761	0.002
1	-0.003	-0.760	0.002
1	-0.003	-0.759	0.002
1	-0.001	-0.764	0.002
1	-0.001	-0.764	0.002
1	-0.000	-0.765	0.001
1	-0.000	-0.766	0.001
1	-0.000	-0.766	0.002
1	0.000	-0.767	0.002
1	0.000	-0.766	0.002
1	0.000	-0.767	0.002
1	0.000	-0.766	0.002
1	0.001	-0.767	0.002
1	0.001	-0.767	0.002
1	0.001	-0.767	0.002
1	0.002	-0.768	0.002
1	0.002	-0.768	0.002
1	0.002	-0.767	0.002
1	0.002	-0.767	0.002
1	0.002	-0.767	0.002
1	0.003	-0.769	0.002
1	0.003	-0.770	0.002
1	0.003	-0.770	0.002
1	0.003	-0.770	0.002
1	0.003	-0.770	0.002
1	0.003	-0.771	0.002
1	0.003	-0.771	0.002
1	0.003	-0.771	0.002
1	0.004	-0.771	0.002
1	0.004	-0.771	0.002
1	0.004	-0.771	0.002
1	0.004	-0.771	0.002
1	0.004	-0.771	0.002
1	0.004	-0.771	0.002
1	0.004	-0.771	0.002
1	0.004	-0.771	0.002
1	0.004	-0.771	0.002
1	0.004	-0.771	0.002
1	0.004	-0.769	0.004
0	0.004	-0.765	0.005
0	0.004	-0.764	0.006
0	0.005	-0.761	0.008
0	0.006	-0.759	0.008
0	0.007	-0.751	0.012
0	0.006	-0.741	0.014
0	0.005	-0.732	0.016
0	0.005	-0.728	0.016
0	0.005	-0.725	0.017
0	0.005	-0.705	0.019
0	0.005	-0.698	0.019
0	0.005	-0.689	0.020
0	0.005	-0.687	0.020
0	0.005	-0.674	0.019
0	0.005	-0.660	0.018
0	0.005	-0.653	0.018
0	0.005	-0.649	0.017
0	0.005	-0.639	0.016
0	0.005	-0.625	0.012
0	0.006	-0.622	0.011
0	0.006	-0.618	0.010
0	0.006	-0.614	0.008
0	0.005	-0.610	0.006
0	0.005	-0.607	0.006
0	0.005	-0.605	0.004
1	0.005	-0.603	0.003
1	0.005	-0.601	0.002
1	0.005	-0.600	0.002
1	0.005	-0.600	0.002
1	0.005	-0.600	0.002
1	0.005	-0.600	0.002
1	0.005	-0.600	0.002
1	0.005	-0.600	0.002
1	0.005	-0.601	0.002
1	0.005	-0.601	0.002
1	0.005	-0.601	0.002
1	0.005	-0.602	0.002
1	0.005	-0.602	0.002
1	0.005	-0.603	0.002
1	0.005	-0.604	0.002
1	0.005	-0.605	0.002
1	0.005	-0.606	0.002
1	0.005	-0.605	0.002
1	0.005	-0.605	0.002
1	0.005	-0.606	0.002
1	0.006	-0.607	0.002
1	0.006	-0.607	0.002
1	0.006	-0.608	0.002
1	0.006	-0.608	0.001
1	0.006	-0.607	0.001
1	0.006	-0.608	0.002
1	0.006	-0.608	0.002
1	0.006	-0.609	0.002
1	0.006	-0.609	0.002
1	0.006	-0.609	0.002
1	0.007	-0.609	0.002
1	0.007	-0.609	0.002
1	0.007	-0.609	0.002
1	0.007	-0.610	0.002
1	0.007	-0.609	0.002
1	0.007	-0.609	0.002
1	0.007	-0.609	0.002
1	0.008	-0.610	0.002
1	0.008	-0.610	0.002
1	0.008	-0.610	0.002
1	0.009	-0.611	0.002
1	0.009	-0.612	0.002
1	0.009	-0.612	0.002
1	0.009	-0.613	0.002
1	0.009	-0.613	0.002
1	0.009	-0.613	0.002
1	0.009	-0.613	0.002
1	0.009	-0.613	0.002
1	0.009	-0.613	0.002
1	0.009	-0.614	0.002
1	0.009	-0.614	0.002
1	0.009	-0.614	0.002
1	0.009	-0.614	0.002
1	0.010	-0.614	0.002
1	0.010	-0.614	0.002
1	0.010	-0.614	0.002
1	0.009	-0.613	0.002
1	0.009	-0.612	0.003
0	0.009	-0.607	0.005
0	0.009	-0.604	0.007
0	0.009	-0.600	0.008
0	0.009	-0.597	0.009
0	0.009	-0.593	0.011
0	0.009	-0.587	0.013
0	0.009	-0.582	0.014
0	0.009	-0.579	0.015
0	0.009	-0.574	0.015
0	0.008	-0.558	0.018
0	0.008	-0.539	0.019
0	0.008	-0.533	0.020
0	0.008	-0.530	0.020
0	0.008	-0.525	0.020
0	0.008	-0.520	0.020
0	0.007	-0.512	0.019
0	0.008	-0.502	0.019
0	0.007	-0.492	0.017
0	0.007	-0.473	0.014
0	0.007	-0.461	0.011
0	0.008	-0.448	0.007
1	0.008	-0.439	0.002
1	0.008	-0.439	0.002
1	0.008	-0.439	0.002
1	0.008	-0.439	0.002
1	0.008	-0.439	0.002
1	0.008	-0.439	0.002
1	0.008	-0.439	0.002
1	0.008	-0.439	0.002
1	0.008	-0.439	0.002
1	0.008	-0.439	0.002
1	0.008	-0.439	0.002
1	0.009	-0.439	0.002
1	0.009	-0.439	0.002
1	0.009	-0.439	0.002
1	0.009	-0.439	0.002
1	0.009	-0.439	0.002
1	0.009	-0.439	0.002
1	0.009	-0.440	0.002
1	0.008	-0.440	0.002
1	0.008	-0.440	0.002
1	0.008	-0.441	0.002
1	0.008	-0.441	0.002
1	0.008	-0.441	0.002
1	0.008	-0.442	0.002
1	0.008	-0.442	0.002
1	0.008	-0.442	0.002
1	0.008	-0.443	0.002
1	0.008	-0.444	0.002
1	0.008	-0.445	0.002
1	0.008	-0.445	0.002
1	0.007	-0.445	0.001
1	0.007	-0.445	0.001
1	0.008	-0.446	0.002
1	0.007	-0.446	0.002
1	0.007	-0.447	0.002
1	0.007	-0.447	0.002
1	0.007	-0.448	0.002
1	0.007	-0.448	0.002
1	0.007	-0.449	0.002
1	0.007	-0.448	0.002
1	0.007	-0.448	0.002
1	0.007	-0.449	0.002
1	0.007	-0.448	0.002
1	0.007	-0.449	0.002
1	0.007	-0.449	0.002
1	0.007	-0.449	0.002
1	0.007	-0.450	0.002
1	0.007	-0.450	0.002
1	0.007	-0.451	0.002
1	0.007	-0.452	0.002
1	0.007	-0.452	0.002
1	0.007	-0.452	0.002
1	0.007	-0.452	0.002
1	0.007	-0.452	0.002
1	0.008	-0.452	0.002
1	0.008	-0.452	0.002
1	0.008	-0.452	0.002
1	0.008	-0.452	0.002
1	0.008	-0.452	0.002
1	0.008	-0.452	0.002
1	0.008	-0.453	0.002
1	0.008	-0.453	0.002
1	0.008	-0.453	0.002
1	0.008	-0.452	0.002
1	0.008	-0.451	0.003
1	0.008	-0.450	0.004
0	0.008	-0.448	0.004
0	0.008	-0.447	0.004
0	0.008	-0.444	0.004
0	0.008	-0.435	0.009
0	0.008	-0.427	0.012
0	0.008	-0.408	0.016
0	0.008	-0.401	0.017
0	0.008	-0.394	0.018
0	0.008	-0.389	0.019
0	0.008	-0.383	0.019
0	0.007	-0.380	0.019
0	0.008	-0.378	0.019
0	0.008	-0.374	0.020
0	0.007	-0.362	0.019
0	0.007	-0.354	0.019
0	0.008	-0.348	0.019
0	0.008	-0.344	0.019
0	0.008	-0.341	0.019
0	0.006	-0.318	0.015
0	0.006	-0.307	0.013
0	0.006	-0.302	0.012
0	0.006	-0.297	0.009
0	0.006	-0.293	0.008
0	0.006	-0.291	0.007
0	0.008	-0.286	0.005
1	0.008	-0.281	0.003
1	0.007	-0.279	0.002
1	0.007	-0.279	0.002
1	0.007	-0.279	0.002
1	0.008	-0.279	0.002
1	0.008	-0.279	0.002
1	0.008	-0.279	0.002
1	0.008	-0.278	0.002
1	0.008	-0.278	0.002
1	0.008	-0.278	0.002
1	0.008	-0.278	0.002
1	0.008	-0.278	0.002
1	0.008	-0.278	0.002
1	0.008	-0.278	0.002
1	0.008	-0.278	0.002
1	0.008	-0.278	0.002
1	0.008	-0.278	0.002
1	0.008	-0.280	0.002
1	0.008	-0.280	0.002
1	0.008	-0.280	0.002
1	0.008	-0.281	0.002
1	0.008	-0.281	0.002
1	0.008	-0.282	0.002
1	0.008	-0.282	0.002
1	0.008	-0.282	0.002
1	0.009	-0.283	0.002
1	0.009	-0.283	0.002
1	0.009	-0.284	0.002
1	0.009	-0.284	0.001
1	0.009	-0.284	0.001
1	0.009	-0.285	0.002
1	0.009	-0.285	0.002
1	0.010	-0.286	0.002
1	0.010	-0.286	0.002
1	0.010	-0.286	0.002
1	0.009	-0.287	0.002
1	0.009	-0.288	0.002
1	0.010	-0.287	0.002
1	0.011	-0.286	0.002
1	0.011	-0.287	0.002
1	0.012	-0.286	0.002
1	0.012	-0.286	0.002
1	0.011	-0.288	0.002
1	0.011	-0.288	0.002
1	0.012	-0.288	0.002
1	0.012	-0.288	0.002
1	0.012	-0.288	0.002
1	0.012	-0.288	0.002
1	0.012	-0.287	0.002
1	0.012	-0.287	0.002
1	0.012	-0.287	0.002
1	0.012	-0.285	0.003
1	0.012	-0.284	0.003
1	0.012	-0.282	0.003
0	0.012	-0.275	0.008
0	0.011	-0.269	0.011
0	0.011	-0.263	0.013
0	0.011	-0.260	0.013
0	0.011	-0.256	0.015
0	0.011	-0.244	0.017
0	0.011	-0.228	0.019
0	0.011	-0.219	0.020
0	0.011	-0.211	0.020
0	0.011	-0.202	0.020
0	0.010	-0.189	0.019
0	0.011	-0.179	0.018
0	0.011	-0.174	0.017
0	0.010	-0.163	0.015
0	0.010	-0.158	0.013
0	0.010	-0.151	0.010
0	0.010	-0.148	0.009
0	0.009	-0.143	0.006
0	0.010	-0.140	0.005
1	0.010	-0.137	0.003
1	0.010	-0.137	0.003
1	0.010	-0.136	0.003
1	0.010	-0.136	0.003
1	0.010	-0.136	0.003
1	0.010	-0.136	0.003
1	0.010	-0.136	0.003
1	0.010	-0.136	0.003
1	0.010	-0.136	0.003
1	0.010	-0.136	0.003
1	0.010	-0.136	0.003
1	0.010	-0.135	0.003
1	0.011	-0.135	0.003
1	0.011	-0.135	0.003
1	0.011	-0.135	0.003
1	0.011	-0.135	0.003
1	0.011	-0.135	0.003
1	0.011	-0.135	0.003
1	0.011	-0.135	0.002
1	0.010	-0.136	0.002
1	0.010	-0.136	0.002
1	0.010	-0.136	0.002
1	0.010	-0.136	0.002
1	0.011	-0.136	0.002
1	0.010	-0.138	0.002
1	0.010	-0.138	0.002
1	0.010	-0.138	0.002
1	0.010	-0.139	0.002
1	0.010	-0.140	0.001
1	0.011	-0.139	0.001
1	0.010	-0.141	0.002
1	0.011	-0.141	0.002
1	0.011	-0.140	0.002
1	0.011	-0.141	0.002
1	0.010	-0.142	0.002
1	0.011	-0.142	0.002
1	0.011	-0.141	0.002
1	0.011	-0.142	0.002
1	0.011	-0.141	0.002
1	0.012	-0.140	0.002
1	0.011	-0.141	0.002
1	0.012	-0.141	0.002
1	0.011	-0.143	0.002
1	0.011	-0.142	0.002
1	0.011	-0.142	0.002
1	0.012	-0.141	0.002
1	0.012	-0.140	0.002
1	0.011	-0.144	0.002
1	0.011	-0.145	0.002
1	0.012	-0.145	0.002
1	0.012	-0.145	0.002
1	0.012	-0.145	0.002
1	0.012	-0.145	0.002
1	0.012	-0.145	0.002
1	0.012	-0.145	0.002
1	0.012	-0.145	0.002
1	0.013	-0.145	0.002
1	0.013	-0.145	0.002
1	0.013	-0.145	0.002
1	0.013	-0.145	0.002
1	0.013	-0.145	0.002
1	0.013	-0.145	0.002
1	0.013	-0.145	0.002
1	0.014	-0.145	0.002
1	0.014	-0.145	0.002
1	0.013	-0.143	0.003
0	0.013	-0.141	0.004
0	0.013	-0.138	0.006
0	0.013	-0.135	0.007
0	0.013	-0.130	0.009
0	0.013	-0.127	0.010
0	0.013	-0.125	0.010
0	0.013	-0.123	0.010
0	0.013	-0.106	0.015
0	0.012	-0.101	0.016
0	0.013	-0.094	0.017
0	0.013	-0.088	0.018
0	0.013	-0.083	0.018
0	0.013	-0.063	0.019
0	0.012	-0.050	0.020
0	0.012	-0.044	0.019
0	0.012	-0.040	0.019
0	0.012	-0.034	0.019
0	0.011	-0.027	0.018
0	0.011	-0.016	0.016
0	0.011	-0.008	0.015
0	0.011	-0.001	0.013
0	0.010	0.004	0.011
0	0.010	0.007	0.011
0	0.010	0.011	0.010
0	0.010	0.014	0.009
0	0.010	0.022	0.006
0	0.010	0.024	0.005
0	0.010	0.024	0.005
0	0.010	0.025	0.004
1	0.010	0.028	0.003
1	0.010	0.030	0.002
1	0.010	0.030	0.002
1	0.010	0.030	0.002
1	0.010	0.030	0.002
1	0.010	0.030	0.002
1	0.010	0.030	0.002
1	0.010	0.030	0.002
1	0.010	0.030	0.002
1	0.010	0.030	0.002
1	0.011	0.030	0.002
1	0.011	0.030	0.002
1	0.011	0.031	0.002
1	0.011	0.031	0.002
1	0.011	0.031	0.002
1	0.011	0.031	0.002
1	0.011	0.031	0.002
1	0.011	0.030	0.002
1	0.011	0.029	0.002
1	0.011	0.030	0.002
1	0.011	0.029	0.002
1	0.011	0.029	0.002
1	0.011	0.028	0.002
1	0.011	0.027	0.002
1	0.011	0.028	0.002
1	0.011	0.027	0.002
1	0.011	0.027	0.002
1	0.011	0.027	0.002
1	0.011	0.026	0.002
1	0.012	0.026	0.002
1	0.012	0.025	0.002
1	0.011	0.025	0.002
1	0.012	0.024	0.001
1	0.012	0.023	0.001
1	0.012	0.024	0.002
1	0.012	0.023	0.002
1	0.012	0.022	0.002
1	0.013	0.023	0.002
1	0.013	0.022	0.002
1	0.013	0.022	0.002
1	0.013	0.021	0.002
1	0.014	0.022	0.002
1	0.014	0.022	0.002
1	0.014	0.022	0.002
1	0.014	0.022	0.002
1	0.014	0.021	0.002
1	0.014	0.021	0.002
1	0.014	0.020	0.002
1	0.014	0.021	0.002
1	0.015	0.020	0.002
1	0.015	0.020	0.002
1	0.015	0.020	0.002
1	0.015	0.020	0.002
1	0.015	0.020	0.002
1	0.015	0.020	0.002
1	0.015	0.020	0.002
1	0.015	0.020	0.002
1	0.015	0.020	0.002
1	0.015	0.019	0.002
1	0.015	0.019	0.002
1	0.015	0.019	0.002
1	0.015	0.019	0.002
1	0.015	0.019	0.002
1	0.015	0.019	0.002
1	0.015	0.019	0.002
1	0.015	0.020	0.002
1	0.015	0.021	0.003
1	0.015	0.024	0.004
0	0.015	0.028	0.006
0	0.015	0.030	0.007
0	0.015	0.033	0.008
0	0.014	0.038	0.010
0	0.014	0.045	0.012
0	0.014	0.051	0.014
0	0.014	0.054	0.015
0	0.014	0.059	0.015
0	0.014	0.066	0.017
0	0.014	0.072	0.018
0	0.014	0.075	0.018
0	0.014	0.082	0.019
0	0.014	0.091	0.019
0	0.013	0.097	0.020
0	0.013	0.102	0.020
0	0.013	0.110	0.019
0	0.013	0.117	0.019
0	0.013	0.127	0.019
0	0.013	0.146	0.017
0	0.013	0.157	0.015
0	0.013	0.161	0.014
0	0.013	0.165	0.013
0	0.013	0.169	0.011
0	0.013	0.177	0.009
0	0.013	0.182	0.007
0	0.013	0.185	0.005
0	0.013	0.187	0.004
1	0.013	0.190	0.003
1	0.014	0.192	0.002
1	0.014	0.192	0.002
1	0.014	0.192	0.002
1	0.014	0.192	0.002
1	0.014	0.192	0.002
1	0.014	0.192	0.002
1	0.014	0.193	0.002
1	0.014	0.193	0.002
1	0.014	0.193	0.002
1	0.014	0.193	0.002
1	0.014	0.193	0.002
1	0.014	0.193	0.002
1	0.014	0.193	0.002
1	0.014	0.193	0.002
1	0.014	0.193	0.002
1	0.014	0.193	0.002
1	0.014	0.193	0.002
1	0.014	0.193	0.002
1	0.014	0.193	0.002
1	0.014	0.193	0.002
1	0.014	0.194	0.002
1	0.013	0.194	0.002
1	0.014	0.191	0.002
1	0.014	0.190	0.002
1	0.014	0.188	0.002
1	0.015	0.189	0.002
1	0.015	0.188	0.002
1	0.015	0.188	0.002
1	0.015	0.187	0.002
1	0.015	0.187	0.002
1	0.015	0.185	0.001
1	0.015	0.185	0.002
1	0.016	0.185	0.002
1	0.016	0.184	0.002
1	0.017	0.184	0.002
1	0.017	0.183	0.002
1	0.017	0.183	0.002
1	0.018	0.183	0.002
1	0.018	0.186	0.004
0	0.018	0.205	0.011
0	0.018	0.222	0.015
0	0.018	0.236	0.018
0	0.018	0.249	0.019
0	0.019	0.261	0.020
0	0.018	0.269	0.020
0	0.018	0.273	0.020
0	0.018	0.280	0.019
0	0.018	0.284	0.019
0	0.018	0.291	0.019
0	0.018	0.301	0.018
0	0.018	0.310	0.017
0	0.018	0.315	0.016
0	0.018	0.320	0.015
0	0.018	0.325	0.014
0	0.019	0.334	0.012
0	0.018	0.349	0.006
1	0.018	0.355	0.002
1	0.018	0.356	0.002
1	0.018	0.356	0.002
1	0.018	0.356	0.002
1	0.018	0.356	0.002
