	-0.28667172789574	-0.090381383895874	-0.14840498566628	-0.20004007220268	-1.1668177843094	0.00087126344442368	0.40191897749901
	-0.28660497069359	-0.094594940543175	-0.17108798027039	-0.199184268713	-1.1671246290207	0.00088007003068924	0.68542712926865
	-0.28639197349548	-0.094103880226612	-0.17964509129524	-0.19879087805748	-1.1671952009201	0.00088567286729813	0.68396598100662
	-0.2862910926342	-0.093286983668804	-0.18280503153801	-0.19850862026215	-1.1671576499939	0.000888392329216	0.68376481533051
	-0.28629988431931	-0.092608779668808	-0.18400816619396	-0.19827942550182	-1.1671571731567	0.00088959932327271	0.6837717294693
	-0.10549586266279	-0.029348300769925	-0.067914694547653	-0.19859647750854	-1.1753123998642	0.00088419020175934	0.83070552349091
	-0.27388107776642	-0.063283488154411	-0.14730085432529	-0.1978807002306	-1.1627396345139	0.00088659673929214	0.63874554634094
	-0.30795133113861	-0.074322670698166	-0.17406576871872	-0.19764584302902	-1.1633665561676	0.00090066343545914	0.76906669139862
	-0.30613008141518	-0.07893842458725	-0.18214412033558	-0.19750285148621	-1.1652324199677	0.00090370327234268	0.82847756147385
	-0.29049357771873	-0.081528455018997	-0.18302974104881	-0.19728736579418	-1.1663589477539	0.00089892745018005	0.68621844053268
	-0.27011767029762	-0.082849867641926	-0.18117833137512	-0.19710037112236	-1.1668232679367	0.00089450180530548	0.69626176357269
	-0.26233413815498	-0.08365324139595	-0.18035151064396	-0.19684836268425	-1.1665879487991	0.0008903369307518	0.70749151706696
	-0.24576270580292	-0.084554687142372	-0.17753849923611	-0.19666267931461	-1.1665968894958	0.00088872015476227	0.71483570337296
	-0.22583630681038	-0.085228770971298	-0.17407700419426	-0.19642235338688	-1.1665681600571	0.0008871927857399	0.72943323850632
	-0.19192799925804	-0.085597865283489	-0.16701574623585	-0.19630026817322	-1.1666435003281	0.00088530033826828	0.73937159776688
	-0.17909078299999	-0.086853563785553	-0.1641088873148	-0.19618445634842	-1.1664003133774	0.00088013708591461	0.74884444475174
	-0.16124103963375	-0.087302505970001	-0.15989381074905	-0.19615304470062	-1.1663911342621	0.00087890774011612	0.75746768712997
	-0.1287098377943	-0.088127210736275	-0.15086816251278	-0.1961867660284	-1.1666611433029	0.00087399035692215	0.69534623622894
	-0.11648733913898	-0.089828714728355	-0.14707913994789	-0.19608660042286	-1.1662545204163	0.00087029486894608	0.78294390439987
	-0.099631115794182	-0.090593136847019	-0.14150905609131	-0.19605815410614	-1.1661865711212	0.00086799263954163	0.78990280628204
	-0.068573385477066	-0.091220714151859	-0.1302829682827	-0.19609241187572	-1.1663827896118	0.00086302310228348	0.80225789546967
	-0.056819509714842	-0.093220084905624	-0.12559761106968	-0.19605883955956	-1.165776848793	0.00085945427417755	0.80992591381073
	-0.028847526758909	-0.093068733811378	-0.11382213979959	-0.19605007767677	-1.1660165786743	0.00085654109716415	0.81890428066254
	-0.0068508819676936	-0.093555793166161	-0.10360888391733	-0.19610850512981	-1.1659004688263	0.00085034966468811	0.82454240322113
	0.012793472968042	-0.094537384808064	-0.093689978122711	-0.19611543416977	-1.1657453775406	0.00084688514471054	0.74670207500458
	0.020122233778238	-0.096287809312344	-0.089668221771717	-0.19614852964878	-1.1649920940399	0.00085562467575073	0.82853949069977
	0.04494284838438	-0.094846218824387	-0.07572191208601	-0.19627176225185	-1.1651599407196	0.00087301433086395	0.82894498109818
	0.054092448204756	-0.096134953200817	-0.070108078420162	-0.19631752371788	-1.164618730545	0.00087849795818329	0.82574188709259
	0.07881323993206	-0.094612032175064	-0.054008901119232	-0.19629660248756	-1.164880156517	0.00089296698570251	0.82117664813995
	0.08819554746151	-0.096434026956558	-0.04741146415472	-0.19630680978298	-1.1641020774841	0.0008997842669487	0.8164005279541
	0.091342605650425	-0.096964500844479	-0.045158166438341	-0.19636310636997	-1.1633887290955	0.0009029358625412	0.73345065116882
	0.091998420655727	-0.096099160611629	-0.044785276055336	-0.19636578857899	-1.1632053852081	0.00090336054563522	0.81568241119385
	0.14138871431351	-0.083830021321774	-0.0044153435155749	-0.19651520252228	-1.1657547950745	0.00093401968479156	0.80809688568115
	0.17995668947697	-0.084024608135223	0.032041054219007	-0.19621215760708	-1.1663725376129	0.00097311288118362	0.87151253223419
	0.21328806877136	-0.083485618233681	0.067376300692558	-0.19599299132824	-1.1652498245239	0.0010137930512428	0.76071661710739
	0.22566585242748	-0.085071176290512	0.080443985760212	-0.19538280367851	-1.1633857488632	0.0010319128632545	0.73085647821426
	0.23025259375572	-0.085887238383293	0.085036560893059	-0.19493597745895	-1.1616418361664	0.0010394155979156	0.65321803092957
	0.23164987564087	-0.085695013403893	0.086535297334194	-0.19464357197285	-1.1602132320404	0.0010409206151962	0.69983810186386
	0.23090025782585	-0.084900669753551	0.087035097181797	-0.19406831264496	-1.1590888500214	0.0010409504175186	0.67436009645462
	0.29160404205322	-0.046309795230627	0.18638129532337	-0.19536304473877	-1.1618497371674	0.0011292919516563	0.64496433734894
	0.31462806463242	-0.035177700221539	0.2229855209589	-0.19483470916748	-1.1616240739822	0.0011735856533051	0.61767399311066
	0.3215529024601	-0.06230104342103	0.19892743229866	-0.19443312287331	-1.1605179309845	0.0025890357792377	0.60048609972
	0.32414931058884	-0.071304731070995	0.19041337072849	-0.19407410919666	-1.1593314409256	0.0032295919954777	0.13599738478661
	0.31936094164848	-0.10850316286087	0.14628303050995	-0.19354712963104	-1.1565157175064	0.0050243735313416	-0.0034021511673927
	0.3024500310421	-0.17465388774872	0.063687309622765	-0.19358168542385	-1.1505630016327	0.0084620267152786	-0.0035466991830617
	0.29631328582764	-0.19774973392487	0.034887716174126	-0.19349573552608	-1.1464235782623	0.0097271166741848	-0.0032768871169537
	0.29428771138191	-0.20577621459961	0.024845732375979	-0.19336698949337	-1.1431238651276	0.010024435818195	-0.0032367762178183
	0.25964364409447	-0.27291938662529	-0.071532271802425	-0.19354681670666	-1.1349146366119	0.01326584815979	-0.0038000247441232
	0.22474135458469	-0.32324108481407	-0.1494364887476	-0.1935900747776	-1.1257783174515	0.015560783445835	-0.0036312229931355
	0.19962452352047	-0.35235929489136	-0.19753158092499	-0.19345307350159	-1.1184071302414	0.01671028137207	-0.0034327651374042
	0.17706899344921	-0.37273290753365	-0.23416948318481	-0.19349366426468	-1.111975312233	0.017570421099663	-0.0035935379564762
	0.13894428312778	-0.3956578373909	-0.2827932536602	-0.19341586530209	-1.1039147377014	0.018308266997337	-0.003775444580242
	0.12558907270432	-0.40367639064789	-0.29974713921547	-0.19347856938839	-1.0991866588593	0.018561825156212	-0.0036590571980923
	0.12093894928694	-0.40649944543839	-0.30565842986107	-0.19349320232868	-1.0962368249893	0.018814630806446	-0.0036297664046288
	0.05007279664278	-0.41878134012222	-0.35973829030991	-0.19392891228199	-1.0849118232727	0.019091829657555	-0.0039181001484394
	0.025002537295222	-0.42305132746696	-0.37859469652176	-0.19462192058563	-1.0785193443298	0.019227720797062	-0.0037287925370038
	-0.059314776211977	-0.40799295902252	-0.40608435869217	-0.19507326185703	-1.0665802955627	0.018443405628204	-0.0036748230922967
	-0.12622144818306	-0.38503456115723	-0.41413104534149	-0.19573928415775	-1.0560667514801	0.017022199928761	-0.0038124280981719
	-0.18468333780766	-0.35425695776939	-0.40800827741623	-0.19604939222336	-1.047759771347	0.015433005988598	-0.0037947769742459
	-0.23678983747959	-0.3166491985321	-0.39037999510765	-0.19466835260391	-1.0410298109055	0.013059079647064	-0.003729771822691
	-0.25484630465508	-0.30344989895821	-0.38423430919647	-0.19258283078671	-1.0371022224426	0.011955298483372	-0.0036352314054966
	-0.30792674422264	-0.23629388213158	-0.33546814322472	-0.19286894798279	-1.0271624326706	0.0080852210521698	-0.0036738631315529
	-0.32697001099586	-0.21281088888645	-0.31846410036087	-0.19324131309986	-1.0204145908356	0.0066054239869118	-0.0036922756116837
	-0.35220524668694	-0.15378254652023	-0.26805856823921	-0.19334709644318	-1.0154587030411	0.0034814924001694	-0.0036799076478928
	-0.36071425676346	-0.13384687900543	-0.2505094408989	-0.19307562708855	-1.0127218961716	0.0029063001275063	-0.0036879382096231
	-0.36374700069427	-0.12693826854229	-0.24444878101349	-0.19286000728607	-1.0111721754074	0.0024827867746353	-0.0037636565975845
	-0.36831447482109	-0.090776547789574	-0.21021085977554	-0.19296193122864	-1.0105571746826	0.00091304630041122	-0.0036908809561282
	-0.36864021420479	-0.079508371651173	-0.19819684326649	-0.19307459890842	-1.0098890066147	0.00090901553630829	-0.0024938995484263
	-0.36880055069923	-0.075360752642155	-0.19370697438717	-0.19303362071514	-1.0089441537857	0.00090989470481873	0.51095390319824
	-0.36928457021713	-0.073663353919983	-0.19232034683228	-0.1930690407753	-1.0083140134811	0.00091078132390976	0.86451691389084
	-0.36988988518715	-0.073045298457146	-0.19192118942738	-0.19311453402042	-1.0081290006638	0.00091088563203812	0.73351174592972
	-0.37036913633347	-0.072961553931236	-0.19179055094719	-0.19314393401146	-1.0081852674484	0.00091161578893661	0.65228378772736
	-0.37059703469276	-0.072994984686375	-0.19173690676689	-0.19314733147621	-1.008293390274	0.00091183930635452	0.64843028783798
	-0.3706973195076	-0.073068909347057	-0.19169688224792	-0.19312964379787	-1.0084047317505	0.00091178715229034	0.64713180065155
	-0.37074658274651	-0.073109142482281	-0.19167344272137	-0.19310374557972	-1.0085211992264	0.00091171264648438	0.6457651257515
	-0.37076875567436	-0.073109939694405	-0.19166801869869	-0.19307942688465	-1.0086405277252	0.00091179460287094	0.64449179172516
	-0.37077656388283	-0.073129557073116	-0.19165708124638	-0.19305321574211	-1.0087605714798	0.00091159343719482	0.64407908916473
	-0.37077909708023	-0.073154486715794	-0.19165171682835	-0.19302177429199	-1.0088775157928	0.00091172754764557	0.64392161369324
	-0.37078478932381	-0.073129318654537	-0.19165095686913	-0.1929927021265	-1.0089964866638	0.00091174989938736	0.64387822151184
	-0.37077939510345	-0.073159195482731	-0.19164974987507	-0.19296315312386	-1.0091136693954	0.00091167539358139	0.64383572340012
	-0.37078353762627	-0.073146998882294	-0.19164523482323	-0.19293220341206	-1.0092313289642	0.00091166794300079	0.64378881454468
	-0.37078246474266	-0.073167815804482	-0.1916401386261	-0.19289940595627	-1.009348988533	0.00091155618429184	0.64377194643021
	-0.3426479101181	-0.075100809335709	-0.19032377004623	-0.19324101507664	-1.0108201503754	0.00091444700956345	0.64506232738495
	-0.31709215044975	-0.078145794570446	-0.18828921020031	-0.19360399246216	-1.012026309967	0.00090360641479492	0.59479987621307
	-0.27882978320122	-0.081253349781036	-0.18326857686043	-0.1936272084713	-1.0123617649078	0.00089599192142487	0.68292558193207
	-0.23696288466454	-0.083887010812759	-0.17623552680016	-0.19349308311939	-1.0122808218002	0.00088956207036972	0.70927298069
	-0.20819967985153	-0.085808500647545	-0.17062930762768	-0.19324015080929	-1.0117192268372	0.00088469684123993	0.72930002212524
	-0.19808624684811	-0.086445078253746	-0.16863206028938	-0.1929811835289	-1.010964512825	0.0008823499083519	0.73945868015289
	-0.16856256127357	-0.086598508059978	-0.16174481809139	-0.19313506782055	-1.0116159915924	0.00088349729776382	0.74371457099915
	-0.11804077774286	-0.088780157268047	-0.14720112085342	-0.19371542334557	-1.0124957561493	0.00087206810712814	0.69144433736801
	-0.08684565871954	-0.092290751636028	-0.13657976686954	-0.19339106976986	-1.012215256691	0.00086450576782227	0.79009753465652
	-0.050737634301186	-0.094580233097076	-0.12247414141893	-0.19306017458439	-1.0117839574814	0.00085645169019699	0.8079000711441
	-0.013803011737764	-0.0970359146595	-0.10557195544243	-0.19299876689911	-1.0113291740417	0.00085046887397766	0.82277077436447
	0.022527229040861	-0.097878828644753	-0.087040238082409	-0.19300806522369	-1.0108345746994	0.00086115300655365	0.83118039369583
	0.046819843351841	-0.098726592957973	-0.073467969894409	-0.19310975074768	-1.0099428892136	0.00087665021419525	0.82588452100754
	0.065949641168118	-0.097411796450615	-0.062015380710363	-0.19323533773422	-1.0094116926193	0.00088748335838318	0.74164259433746
	0.072441928088665	-0.096696406602859	-0.058138612657785	-0.19333012402058	-1.0089976787567	0.00089085847139359	0.82509434223175
	0.10628838837147	-0.093298256397247	-0.033931639045477	-0.19382658600807	-1.0097374916077	0.00091381371021271	0.82061737775803
	0.11952941864729	-0.096321322023869	-0.02369211986661	-0.19407621026039	-1.0085949897766	0.00092602521181107	0.80176669359207
	0.12458544224501	-0.09884437918663	-0.019674830138683	-0.19439287483692	-1.0071707963943	0.00093293935060501	0.79663121700287
	0.12611600756645	-0.10113304853439	-0.017716199159622	-0.19417655467987	-1.0056163072586	0.00093728303909302	0.76420658826828
	0.12664510309696	-0.10148154199123	-0.017167260870337	-0.19395369291306	-1.0040807723999	0.0009361132979393	1.0813663005829
	0.12646572291851	-0.10042167454958	-0.017350343987346	-0.1937068104744	-1.0028784275055	0.00093556940555573	1.0554355382919
	0.12785840034485	-0.10525387525558	-0.015669386833906	-0.19347408413887	-1.0006060600281	0.00094310939311981	0.76022750139236
	0.12910716235638	-0.10645635426044	-0.015044544823468	-0.19316291809082	-0.99655568599701	0.00094705075025558	0.68963485956192
	0.256711602211	-0.052683386951685	0.15230822563171	-0.19444490969181	-1.0054166316986	0.0011507049202919	0.64189714193344
	0.30131286382675	-0.032457057386637	0.20980468392372	-0.19382482767105	-1.0071030855179	0.0011443085968494	0.55315721035004
	0.31778445839882	-0.027340926229954	0.23018155992031	-0.19341488182545	-1.0090796947479	0.0011639632284641	0.62811702489853
	0.32331371307373	-0.02591398358345	0.23765888810158	-0.19306018948555	-1.0101484060287	0.0011784955859184	0.62843728065491
	0.32575058937073	-0.025775378569961	0.2404210716486	-0.19270250201225	-1.010550737381	0.0011820830404758	0.62882953882217
	0.32686480879784	-0.025751814246178	0.24139304459095	-0.19240038096905	-1.0107380151749	0.0011825002729893	0.62992298603058
	0.32742843031883	-0.025699801743031	0.24169106781483	-0.19214613735676	-1.0109022855759	0.0011824183166027	0.63092148303986
	0.32798138260841	-0.026023982092738	0.24194347858429	-0.1919097006321	-1.0106596946716	0.0011836402118206	0.62433642148972
	0.32816645503044	-0.025783453136683	0.24192903935909	-0.19169329106808	-1.0104345083237	0.0011823587119579	0.54899728298187
	0.32824242115021	-0.02562659420073	0.24185305833817	-0.19157691299915	-1.0103530883789	0.0011814124882221	0.60445493459702
	0.32822361588478	-0.025452427566051	0.24179258942604	-0.19148899614811	-1.010347366333	0.0011812038719654	0.60068607330322
	0.32816073298454	-0.025380639359355	0.24176079034805	-0.19139124453068	-1.0104073286057	0.0011810883879662	0.5989060997963
	0.32812225818634	-0.025358710438013	0.24174731969833	-0.1912911683321	-1.010489821434	0.0011811144649982	0.59804981946945
	0.32810285687447	-0.025344505906105	0.24173818528652	-0.19119182229042	-1.0105789899826	0.0011810623109341	0.59754836559296
	0.32810488343239	-0.042719710618258	0.2244057059288	-0.19145059585571	-1.0090923309326	0.0018553286790848	0.57154363393784
	0.32077750563622	-0.098456636071205	0.1580955684185	-0.19198489189148	-1.0052790641785	0.004426259547472	0.035887319594622
	0.31388553977013	-0.13593232631683	0.11324039101601	-0.19203399121761	-1.0023254156113	0.0065723434090614	-0.003206143155694
	0.31160527467728	-0.14899699389935	0.097600199282169	-0.19193682074547	-1.0003230571747	0.0072097070515156	-0.0034532644785941
	0.31089714169502	-0.15356205403805	0.092146851122379	-0.19256137311459	-0.99794626235962	0.0073734298348427	-0.0031703081913292
	0.29230734705925	-0.20743456482887	0.021550457924604	-0.19330388307571	-0.99319052696228	0.010178230702877	-0.0032432395964861
	0.28601270914078	-0.22629214823246	-0.003064400749281	-0.19467617571354	-0.98925572633743	0.011090904474258	-0.0038121095858514
	0.28345501422882	-0.23290292918682	-0.01164685934782	-0.19398608803749	-0.9859402179718	0.011531658470631	-0.0033237480092794
	0.22028237581253	-0.32085013389587	-0.1494867503643	-0.19359922409058	-0.97186952829361	0.015369042754173	-0.0040608467534184
	0.19794297218323	-0.35151195526123	-0.19754946231842	-0.19368875026703	-0.96370553970337	0.016643799841404	-0.003264196915552
	0.19017116725445	-0.36218437552452	-0.21430765092373	-0.19399616122246	-0.95968878269196	0.017049521207809	-0.0033878549002111
	0.12703973054886	-0.39746195077896	-0.29152798652649	-0.19367398321629	-0.94983291625977	0.01843186467886	-0.0036467364989221
	0.10501448810101	-0.40977093577385	-0.31845304369926	-0.19358922541142	-0.94439303874969	0.018952466547489	-0.0035937719512731
	0.097359485924244	-0.41406860947609	-0.3278411924839	-0.19404247403145	-0.94067740440369	0.019178703427315	-0.0036165784113109
	0.003688192460686	-0.41648328304291	-0.38198843598366	-0.19446405768394	-0.92821961641312	0.018863074481487	-0.0037437584251165
	-0.085485979914665	-0.39747458696365	-0.40746420621872	-0.1957378834486	-0.9117289185524	0.017192296683788	-0.0037629946600646
	-0.15339559316635	-0.37048873305321	-0.41102549433708	-0.19680292904377	-0.89857476949692	0.015624113380909	-0.0050954855978489
	-0.17711441218853	-0.36104607582092	-0.41226717829704	-0.19748841226101	-0.89082664251328	0.014957219362259	-0.0039859288372099
	-0.18535093963146	-0.3578445315361	-0.41269984841347	-0.1981792896986	-0.88674813508987	0.014986276626587	-0.0036164119374007
	-0.1882525831461	-0.35671719908714	-0.4128505885601	-0.1981006860733	-0.88441574573517	0.014848843216896	-0.0038127235602587
	-0.18915949761868	-0.35633346438408	-0.41290330886841	-0.1982260197401	-0.88210839033127	0.014964826405048	-0.0036477514076978
	-0.29922243952751	-0.22093631327152	-0.31645372509956	-0.20002436637878	-0.8677020072937	0.0075668543577194	-0.0028602757956833
	-0.33816227316856	-0.17356260120869	-0.282823741436	-0.20071639120579	-0.85846108198166	0.0045445561408997	-0.0040306411683559
	-0.35159772634506	-0.15717585384846	-0.27110388875008	-0.20117726922035	-0.85341531038284	0.0037586018443108	0.44368553161621
	-0.36416593194008	-0.10062488913536	-0.21958875656128	-0.20146332681179	-0.85068035125732	0.00092343240976334	0.75266325473785
	-0.3678238093853	-0.08208142966032	-0.20164349675179	-0.20162914693356	-0.85005056858063	0.00091244280338287	0.76589858531952
	-0.36916393041611	-0.075787514448166	-0.19530011713505	-0.20170906186104	-0.84947627782822	0.00091175734996796	0.65430384874344
	-0.36980822682381	-0.07374607026577	-0.19304665923119	-0.20177474617958	-0.84914183616638	0.00091179460287094	0.64857238531113
	-0.37012779712677	-0.073175638914108	-0.19222314655781	-0.20181967318058	-0.84891754388809	0.0009114071726799	0.64655846357346
	-0.37026703357697	-0.073075778782368	-0.19188797473907	-0.2018324136734	-0.84877097606659	0.00091087818145752	0.64576208591461
	-0.37033542990685	-0.073001645505428	-0.19178366661072	-0.20182201266289	-0.84865146875381	0.00091073662042618	0.64539760351181
	-0.37040022015572	-0.072938956320286	-0.19175647199154	-0.20180168747902	-0.84849727153778	0.00091101229190826	0.64515221118927
	-0.37042993307114	-0.07293426990509	-0.19174762070179	-0.20177799463272	-0.84835851192474	0.00091099739074707	0.64510118961334
	-0.37044784426689	-0.07290181517601	-0.19174094498158	-0.20175543427467	-0.84823000431061	0.00091101229190826	0.64499366283417
	-0.37046164274216	-0.072886757552624	-0.19174601137638	-0.20173324644566	-0.8480983376503	0.00091101974248886	0.64491802453995
	-0.37046366930008	-0.072881132364273	-0.19174991548061	-0.20171196758747	-0.84796726703644	0.00091090798377991	0.64481180906296
	-0.37046256661415	-0.072881042957306	-0.19175697863102	-0.20169326663017	-0.84783506393433	0.00091104209423065	0.64484661817551
	-0.37046572566032	-0.072874560952187	-0.19175978004932	-0.20167443156242	-0.84770083427429	0.00091113895177841	0.6448472738266
	-0.37023264169693	-0.074217297136784	-0.19241388142109	-0.20185825228691	-0.84755438566208	0.00091084837913513	0.58439320325851
	-0.35584723949432	-0.075515106320381	-0.19191531836987	-0.20214536786079	-0.84803295135498	0.00090811401605606	0.65323078632355
	-0.30762183666229	-0.078489184379578	-0.18709373474121	-0.20232175290585	-0.84965044260025	0.00090406835079193	0.67040836811066
	-0.28979152441025	-0.08062219619751	-0.18490287661552	-0.20230010151863	-0.84949171543121	0.00089758634567261	0.68544161319733
	-0.28349897265434	-0.081480838358402	-0.18407535552979	-0.20228581130505	-0.84902900457382	0.00089659541845322	0.69136035442352
	-0.28149887919426	-0.081628069281578	-0.18386571109295	-0.20228332281113	-0.84888112545013	0.00089681893587112	0.69242054224014
	-0.19812968373299	-0.083938129246235	-0.16770315170288	-0.20228096842766	-0.85130846500397	0.00088910758495331	0.72065222263336
	-0.16711357235909	-0.088084325194359	-0.16054008901119	-0.20203500986099	-0.85050386190414	0.00087586790323257	0.74711406230927
	-0.1297315210104	-0.090063169598579	-0.15052446722984	-0.20187632739544	-0.84991788864136	0.00087147206068039	0.77024030685425
	-0.090862050652504	-0.091902203857899	-0.13799788057804	-0.20176909863949	-0.849633872509	0.00086598098278046	0.79020166397095
	-0.052277982234955	-0.094089478254318	-0.12304349988699	-0.20181408524513	-0.84941685199738	0.00085854530334473	0.80802690982819
	-0.038275998085737	-0.096043646335602	-0.11735419929028	-0.20180475711823	-0.84853482246399	0.0008477047085762	0.73369443416595
	0.0014859816292301	-0.095182508230209	-0.098665453493595	-0.20191204547882	-0.84879398345947	0.0008496418595314	0.82912093400955
	0.038313042372465	-0.094930745661259	-0.078691497445107	-0.201909288764	-0.84903591871262	0.00086996704339981	0.83028590679169
	0.05237328261137	-0.09809684753418	-0.070542074739933	-0.20194122195244	-0.84798943996429	0.0008799135684967	0.82678353786469
	0.078835539519787	-0.09701993316412	-0.053589891642332	-0.20195777714252	-0.84762287139893	0.00089592486619949	0.82003438472748
	0.088199026882648	-0.097823850810528	-0.047189589589834	-0.20175121724606	-0.84684127569199	0.00090281665325165	0.81518810987473
	0.09230263531208	-0.099946826696396	-0.044411513954401	-0.2015895396471	-0.84526216983795	0.00090616941452026	0.80822694301605
	0.1429840028286	-0.091015756130219	-0.0022504106163979	-0.20176161825657	-0.84646642208099	0.0009353831410408	0.78954309225082
	0.17994703352451	-0.085326962172985	0.032560653984547	-0.20187197625637	-0.8471667766571	0.0009763240814209	0.70511990785599
	0.21214213967323	-0.083743870258331	0.067508913576603	-0.20212495326996	-0.8469700217247	0.0010243654251099	0.76468741893768
	0.2246260792017	-0.08702589571476	0.081191949546337	-0.20239958167076	-0.84519350528717	0.0010463446378708	0.73117274045944
	0.22876644134521	-0.086828388273716	0.085461273789406	-0.20274518430233	-0.84368658065796	0.0010482892394066	0.71966254711151
	0.22941605746746	-0.083554826676846	0.086274802684784	-0.2027992606163	-0.84278470277786	0.0010430514812469	0.7165624499321
	0.29023963212967	-0.04112096875906	0.18416872620583	-0.20306754112244	-0.84645986557007	0.0010863393545151	0.69968038797379
	0.31548455357552	-0.03752800822258	0.22382344305515	-0.20247182250023	-0.8455747961998	0.0011763237416744	0.59814035892487
	0.32512441277504	-0.036415737122297	0.23729385435581	-0.20190411806107	-0.84422063827515	0.0011998824775219	0.62688404321671
	0.32772913575172	-0.032621122896671	0.2410442084074	-0.20172816514969	-0.8432245850563	0.0011933073401451	0.6117245554924
	0.3284495472908	-0.030443353578448	0.24201765656471	-0.20166000723839	-0.84284693002701	0.0011902265250683	0.60569524765015
	0.32866570353508	-0.029435258358717	0.24228648841381	-0.20160038769245	-0.84256690740585	0.001188836991787	0.60225886106491
	0.32876998186111	-0.028936229646206	0.24233731627464	-0.20155194401741	-0.84229904413223	0.0011876709759235	0.60059577226639
	0.3288334608078	-0.028654374182224	0.242321819067	-0.20153588056564	-0.84203797578812	0.0011870190501213	0.59968018531799
	0.32886582612991	-0.028481356799603	0.24228875339031	-0.20152625441551	-0.84180253744125	0.0011864863336086	0.59918612241745
	0.32886070013046	-0.028396271169186	0.24226768314838	-0.20152360200882	-0.84158957004547	0.0011861436069012	0.59896385669708
	0.32889646291733	-0.02831644564867	0.24224531650543	-0.20152249932289	-0.84136617183685	0.0011860132217407	0.53887194395065
	0.32893404364586	-0.028262792155147	0.24223357439041	-0.20153026282787	-0.84112066030502	0.0011856704950333	0.59874856472015
	0.32894897460938	-0.028196351602674	0.24222105741501	-0.20154625177383	-0.84087270498276	0.0011856518685818	0.59770107269287
	0.3289649784565	-0.028156666085124	0.24220798909664	-0.20156230032444	-0.84063130617142	0.0011854022741318	0.59703636169434
	0.32897147536278	-0.028134943917394	0.24220050871372	-0.20158495008945	-0.84039229154587	0.0011853128671646	0.59682655334473
	0.32934722304344	-0.029589585959911	0.24260707199574	-0.20172554254532	-0.83974730968475	0.0011951215565205	0.004093409050256
	0.17584326863289	-0.28121998906136	-0.13221383094788	-0.20234474539757	-0.816251039505	0.011889725923538	-0.0052757216617465
	-0.095376171171665	-0.30495139956474	-0.30273258686066	-0.20373314619064	-0.78387117385864	0.011820934712887	-0.0040515260770917
	-0.19046245515347	-0.31318587064743	-0.36218264698982	-0.20364533364773	-0.76995998620987	0.012203358113766	-0.0035102348774672
	-0.29374158382416	-0.22280000150204	-0.31364166736603	-0.20210452377796	-0.75983589887619	0.0071089193224907	-0.0041419044137001
	-0.32988587021828	-0.1912414431572	-0.29671564698219	-0.20111648738384	-0.75543296337128	0.0051670745015144	-0.0037302058190107
	-0.34241643548012	-0.18028111755848	-0.29081374406815	-0.20098240673542	-0.75343930721283	0.0045793503522873	-0.003577820956707
	-0.34674873948097	-0.17648926377296	-0.28875571489334	-0.20111580193043	-0.75246912240982	0.004446305334568	-0.0035625353921205
	-0.34823232889175	-0.17517812550068	-0.2880380153656	-0.20121771097183	-0.75199246406555	0.0044323429465294	-0.0035411999560893
	-0.34873035550117	-0.17472496628761	-0.28778776526451	-0.20125721395016	-0.75173151493073	0.0044365748763084	-0.0035248789936304
	-0.34889557957649	-0.17456510663033	-0.28770050406456	-0.20127455890179	-0.7515355348587	0.0044430270791054	-0.0035216130781919
	-0.34894913434982	-0.1745088994503	-0.2876700758934	-0.20128901302814	-0.75135999917984	0.0044466778635979	-0.0035172153729945
	-0.34896567463875	-0.17448958754539	-0.28765946626663	-0.20131084322929	-0.75119227170944	0.0044499710202217	-0.0035178933758289
	-0.34897041320801	-0.17448280751705	-0.28765577077866	-0.20133602619171	-0.75102889537811	0.004452258348465	-0.0035169869661331
	-0.34897148609161	-0.17448036372662	-0.28765442967415	-0.20135909318924	-0.75087076425552	0.0044538825750351	-0.0035166963934898
	-0.34897175431252	-0.17448052763939	-0.28765401244164	-0.20137490332127	-0.75071239471436	0.0044535771012306	-0.0035171681083739
	-0.34897205233574	-0.1744798719883	-0.2876538336277	-0.20138123631477	-0.75055056810379	0.0044522732496262	-0.0035162002313882
	-0.34897235035896	-0.17447963356972	-0.2876538336277	-0.20138664543629	-0.75038474798203	0.0044505149126053	-0.0035173010546714
	-0.34897315502167	-0.17447938024998	-0.2876538336277	-0.20139546692371	-0.75021529197693	0.0044499114155769	-0.0035168253816664
	-0.34897342324257	-0.17447948455811	-0.28765377402306	-0.20140416920185	-0.75004708766937	0.0044495612382889	-0.0035176030360162
	-0.34897518157959	-0.17447800934315	-0.28765377402306	-0.20141230523586	-0.74987757205963	0.004449762403965	-0.0035218000411987
	-0.34897470474243	-0.17447817325592	-0.28765377402306	-0.2014299929142	-0.74972140789032	0.0044516921043396	-0.0035172807984054
	-0.34897324442863	-0.17447823286057	-0.28765380382538	-0.20144954323769	-0.7495721578598	0.0044533014297485	-0.0035170670598745
	-0.34897232055664	-0.17447842657566	-0.28765380382538	-0.20146542787552	-0.74942606687546	0.0044552832841873	-0.0035166137386113
	-0.3489716053009	-0.17447863519192	-0.2876538336277	-0.20147967338562	-0.7492795586586	0.0044553428888321	-0.0035177632234991
	-0.34897151589394	-0.17447870969772	-0.28765380382538	-0.20149482786655	-0.74913257360458	0.004456102848053	-0.0035170945338905
