0.1997222751379	-1.1699784994125	0.00084412097930908	0.40189629793167
0.1993987262249	-1.1705108880997	0.00087282061576843	0.6854230761528
0.19893057644367	-1.1709520816803	0.00087238103151321	0.68396842479706
0.19867956638336	-1.171217083931	0.00087043642997742	0.68376904726028
0.19858744740486	-1.1713500022888	0.0008695125579834	0.68377149105072
0.19856955111027	-1.1714149713516	0.00086913257837296	0.68373388051987
0.19857892394066	-1.1714506149292	0.00086880475282669	0.6836906671524
0.19490642845631	-1.1715805530548	0.0013765543699265	0.71499979496002
0.19545577466488	-1.1720371246338	0.00091264396905899	0.73606836795807
0.19646923243999	-1.1742292642593	0.00090192258358002	0.71173721551895
0.19708707928658	-1.1762959957123	0.00089465826749802	0.6868833899498
0.19730325043201	-1.1771842241287	0.00090068578720093	0.68862122297287
0.19744029641151	-1.1779474020004	0.0008905827999115	0.69378823041916
0.19754883646965	-1.1785718202591	0.00087357312440872	0.70579957962036
0.19757384061813	-1.1786060333252	0.00087804347276688	0.72081220149994
0.1975524276495	-1.1785321235657	0.00086205452680588	0.6612783074379
0.197555154562	-1.178591132164	0.00083422660827637	0.74237048625946
0.19745439291	-1.1783735752106	0.00084567815065384	0.74978673458099
0.19742858409882	-1.178307890892	0.00085409730672836	0.75860738754272
0.19744594395161	-1.1781919002533	0.00085094571113586	0.76845991611481
0.19756777584553	-1.1783390045166	0.00084243714809418	0.70444351434708
0.19759668409824	-1.1779181957245	0.00083751231431961	0.79614049196243
0.19765804708004	-1.1771969795227	0.00083667784929276	0.80247956514359
0.19777157902718	-1.1770359277725	0.00082626938819885	0.80774337053299
0.197872787714	-1.1772149801254	0.00082211196422577	0.81824624538422
0.1977371275425	-1.1766270399094	0.00081684440374374	0.82591545581818
0.19779166579247	-1.1765789985657	0.0008079782128334	0.74847543239594
0.19776582717896	-1.1765724420547	0.00081171095371246	0.83014285564423
0.19782386720181	-1.176411151886	0.00081313401460648	0.82864582538605
0.19786836206913	-1.1762306690216	0.00081342458724976	0.82341575622559
0.19799092411995	-1.1759835481644	0.00081346184015274	0.82258355617523
0.19789925217628	-1.1751960515976	0.00081309676170349	0.8156835436821
0.19800153374672	-1.1747400760651	0.00081583857536316	0.80966007709503
0.19820576906204	-1.174929857254	0.00081980228424072	0.72417682409286
0.19820496439934	-1.1742545366287	0.00081390142440796	0.78778004646301
0.1985051035881	-1.1744545698166	0.00082361698150635	0.790158867836
0.19850668311119	-1.1738979816437	0.00081710517406464	0.78117048740387
0.19849121570587	-1.173410654068	0.00081837922334671	0.83998328447342
0.19856202602386	-1.1727586984634	0.0008210688829422	0.75713604688644
0.19869846105576	-1.1726509332657	0.00083240121603012	0.74108040332794
0.19861575961113	-1.1719216108322	0.00083957612514496	0.64701414108276
0.19866359233856	-1.1715770959854	0.00083335489034653	0.72533202171326
0.1987070441246	-1.1711089611053	0.00083843618631363	0.71690618991852
0.19874100387096	-1.1710425615311	0.00085707008838654	0.68981093168259
0.19867420196533	-1.1701134443283	0.00086096674203873	0.66732347011566
0.19859309494495	-1.1697593927383	0.00085709989070892	0.66306006908417
0.19848126173019	-1.1698271036148	0.00088357180356979	0.58795011043549
0.19763235747814	-1.1690224409103	0.00086680799722672	0.63272994756699
0.19730389118195	-1.1687972545624	0.00087668001651764	0.62975436449051
0.19665838778019	-1.1689298152924	0.0017292276024818	0.5954715013504
0.19605827331543	-1.1681153774261	0.0027494803071022	0.50147008895874
0.19580410420895	-1.1648942232132	0.0045658871531487	0.28539204597473
0.19585293531418	-1.1624910831451	0.0053427889943123	0.00032432141597383
0.19590726494789	-1.1586098670959	0.0073986202478409	-0.0035316899884492
0.19586254656315	-1.1560699939728	0.0082222446799278	-0.0030955404508859
0.19576954841614	-1.1501845121384	0.011029973626137	-0.0037881438620389
0.19570307433605	-1.1451462507248	0.012766219675541	-0.0030747754499316
0.19490313529968	-1.1397700309753	0.014779098331928	-0.003399611916393
0.19398692250252	-1.1372621059418	0.015432082116604	-0.0033530849032104
0.19480055570602	-1.1323231458664	0.015307664871216	-0.0043995231389999
0.19571627676487	-1.1220194101334	0.016732960939407	-0.003356420667842
0.19626645743847	-1.1146779060364	0.01757325232029	-0.0035412621218711
0.19639249145985	-1.1090712547302	0.018165588378906	-0.0036720973439515
0.19609799981117	-1.1040757894516	0.018613219261169	-0.0037725758738816
0.19617880880833	-1.0983706712723	0.018836915493011	-0.0036787739954889
0.19621250033379	-1.0932292938232	0.018960401415825	-0.0037314370274544
0.19616305828094	-1.0888528823853	0.018999502062798	-0.0037430860102177
0.19609834253788	-1.0849004983902	0.018918499350548	-0.0037352491635829
0.19604548811913	-1.0795109272003	0.018575325608253	-0.0037879911251366
0.19671158492565	-1.0731459856033	0.018097281455994	-0.0036981229204684
0.1970791965723	-1.0640892982483	0.016745254397392	-0.0036450114566833
0.19710817933083	-1.0587669610977	0.016125187277794	-0.0037388789933175
0.19731207191944	-1.0540347099304	0.015368834137917	-0.0036296672187746
0.1979226320982	-1.0458624362946	0.013131581246853	-0.0035909675061703
0.19820563495159	-1.0397810935974	0.01133967936039	-0.0037068873643875
0.19850352406502	-1.0349612236023	0.0098712667822838	-0.0036619566380978
0.19888266921043	-1.0307070016861	0.0084813609719276	-0.0037029660306871
0.1991648375988	-1.0274350643158	0.0070817172527313	-0.0036221691407263
0.19938173890114	-1.0253974199295	0.0066439881920815	-0.003605093806982
0.20023356378078	-1.0193474292755	0.0039444863796234	-0.00293795671314
0.20091852545738	-1.0144294500351	0.0026960819959641	0.50167626142502
0.20099288225174	-1.0129263401031	0.00091193616390228	0.74182307720184
0.20096172392368	-1.0127354860306	0.00090685486793518	0.72686022520065
0.20088945329189	-1.0125217437744	0.0009060725569725	0.70858436822891
0.20090229809284	-1.0124312639236	0.00090708583593369	0.6493701338768
0.20091167092323	-1.0123889446259	0.00090735405683517	0.64625287055969
0.20089706778526	-1.0123612880707	0.00090734660625458	0.64523249864578
0.20087517797947	-1.0123388767242	0.00090725719928741	0.64488470554352
0.2008384168148	-1.0123180150986	0.00090715289115906	0.64468014240265
0.20080022513866	-1.0123121738434	0.00090712308883667	0.64444434642792
0.20075678825378	-1.0123244524002	0.00090748071670532	0.64464610815048
0.20070807635784	-1.012375831604	0.00090780109167099	0.6443110704422
0.20065948367119	-1.0124335289001	0.00090798735618591	0.64414441585541
0.20061273872852	-1.0124962329865	0.00090786069631577	0.64418548345566
0.20056469738483	-1.0125604867935	0.00090812146663666	0.64426630735397
0.20051375031471	-1.0126252174377	0.00090215355157852	0.64433479309082
0.20046892762184	-1.0126895904541	0.00090648233890533	0.64438885450363
0.20054796338081	-1.0126664638519	0.00090749561786652	0.6340548992157
0.20091500878334	-1.0136994123459	0.00090427696704865	0.66088658571243
0.20108859241009	-1.0141077041626	0.00089267641305923	0.68352437019348
0.20108389854431	-1.0136549472809	0.00088421255350113	0.69951784610748
0.20115542411804	-1.0137116909027	0.00087926536798477	0.76929295063019
0.20120124518871	-1.0137042999268	0.00083588063716888	0.72292912006378
0.20130717754364	-1.0132110118866	0.00086168199777603	0.67093473672867
0.20127913355827	-1.0122866630554	0.00086358189582825	0.75825726985931
0.20128212869167	-1.0132685899734	0.00083650648593903	0.77760767936707
0.20128175616264	-1.0130198001862	0.00082562863826752	0.80008018016815
0.20111998915672	-1.0116413831711	0.00081928819417953	0.81240093708038
0.20116624236107	-1.0112326145172	0.00081808865070343	0.8264707326889
0.20120330154896	-1.010596871376	0.00081358104944229	0.74734771251678
0.20117044448853	-1.0104951858521	0.00081364065408707	0.82518643140793
0.20120684802532	-1.0096147060394	0.00081023573875427	0.83092099428177
0.20119075477123	-1.0084964036942	0.00081039220094681	0.82667791843414
0.2014033049345	-1.0099903345108	0.00082095712423325	0.82345885038376
0.20172107219696	-1.0105265378952	0.00082193315029144	0.81349992752075
0.20153369009495	-1.0097036361694	0.00081336498260498	0.79916560649872
0.20147584378719	-1.007563829422	0.00081916898488998	0.70509701967239
0.20176710188389	-1.0071774721146	0.00081431120634079	0.76762580871582
0.2019482254982	-1.0065838098526	0.00082842260599136	0.76043754816055
0.20201191306114	-1.0055402517319	0.0008227601647377	0.73827469348907
0.2021059691906	-1.0061459541321	0.00084343552589417	0.72418469190598
0.20198695361614	-1.0053334236145	0.00083183497190475	0.73720997571945
0.202188834548	-1.0054913759232	0.00085460394620895	1.1301411390305
0.20215117931366	-1.0050038099289	0.00085870921611786	0.78661519289017
0.20114362239838	-1.0032919645309	0.00086691975593567	0.63302093744278
0.20065639913082	-1.0027792453766	0.00087809562683105	0.62034618854523
0.20064941048622	-1.0028719902039	0.00086048990488052	0.60931122303009
0.20048731565475	-1.0029339790344	0.00086194276809692	0.53655910491943
0.20049194991589	-1.0030446052551	0.0008731335401535	0.59644263982773
0.20048426091671	-1.0031187534332	0.00086849182844162	0.59649163484573
0.20043304562569	-1.0031661987305	0.00086233019828796	0.5968673825264
0.20040754973888	-1.0032249689102	0.00088980048894882	0.59720581769943
0.2003428041935	-1.0033402442932	0.00086241960525513	0.5972466468811
0.20030401647091	-1.0034238100052	0.00086826831102371	0.59723919630051
0.20030093193054	-1.0034843683243	0.0008680671453476	0.5974303483963
0.20031654834747	-1.0035107135773	0.00086212903261185	0.5975546836853
0.2003345489502	-1.0035393238068	0.00086216628551483	0.59763163328171
0.20033621788025	-1.0035856962204	0.00086209177970886	0.5976647734642
0.20033587515354	-1.0035990476608	0.00086803734302521	0.59771716594696
0.20006453990936	-1.0026007890701	0.0023153573274612	0.55367624759674
0.19975708425045	-1.000474691391	0.0036642029881477	0.34676140546799
0.19958411157131	-0.99762707948685	0.0049658566713333	0.0032058979850262
0.19944423437119	-0.99569886922836	0.0055051743984222	-0.0032638504635543
0.19932354986668	-0.99449986219406	0.0056949853897095	-0.003156388644129
0.20016011595726	-0.99193048477173	0.005612775683403	-0.0033722382504493
0.2001895159483	-0.98962825536728	0.0057527869939804	-0.0033813365735114
0.20024064183235	-0.980544090271	0.01085115224123	-0.0040341108106077
0.2002162784338	-0.97520792484283	0.012653060257435	-0.0031649409793317
0.20003844797611	-0.97181677818298	0.013137631118298	-0.0033096834085882
0.20029875636101	-0.96187555789948	0.015841327607632	-0.0040979338809848
0.20037573575974	-0.95171332359314	0.017395086586475	-0.0033542062155902
0.2007644623518	-0.94187569618225	0.018336936831474	-0.0038642019499093
0.20067659020424	-0.9347198009491	0.018749341368675	-0.0036479800473899
0.20052871108055	-0.93082338571548	0.018903270363808	-0.0036487425677478
0.20012050867081	-0.92705535888672	0.019033774733543	-0.0037395632825792
0.20023560523987	-0.92062699794769	0.018837735056877	-0.003762761130929
0.20009934902191	-0.91713315248489	0.018773004412651	-0.0037308074533939
0.20052756369114	-0.90869641304016	0.018010258674622	-0.0037037313450128
0.20050773024559	-0.89965003728867	0.016598761081696	-0.0038141794502735
0.20030109584332	-0.89477431774139	0.016075246036053	-0.0037860325537622
0.20024888217449	-0.89108896255493	0.015915341675282	-0.0034919348545372
0.20044377446175	-0.8831906914711	0.013242490589619	-0.0038438967894763
0.20076413452625	-0.87643867731094	0.010633952915668	-0.0033878230024129
0.20067477226257	-0.87179273366928	0.0095823407173157	-0.003700798843056
0.20048825442791	-0.8677214384079	0.0093385949730873	-0.0034478821326047
0.20039623975754	-0.86234527826309	0.0053468719124794	-0.003660051850602
0.20076984167099	-0.85845768451691	0.002416767179966	-0.0035779550671577
0.20097307860851	-0.85629546642303	0.0015730112791061	0.28277769684792
0.20098742842674	-0.85529923439026	0.0011690258979797	0.62007701396942
0.20096044242382	-0.85498237609863	0.00091578811407089	0.71786618232727
0.20103454589844	-0.85497069358826	0.00090039521455765	0.7452512383461
0.20108543336391	-0.85466891527176	0.00091059505939484	0.73248994350433
0.20109374821186	-0.8543239235878	0.00091161578893661	0.73486745357513
0.20109185576439	-0.85412859916687	0.00091361999511719	0.68900609016418
0.20110568404198	-0.85406738519669	0.00091530382633209	0.64358174800873
0.20145793259144	-0.85409611463547	0.00091236084699631	0.64413321018219
0.20166550576687	-0.85415422916412	0.00091050565242767	0.64570426940918
0.20179416239262	-0.85422092676163	0.00090967118740082	0.64623034000397
0.20187321305275	-0.85430008172989	0.00090900063514709	0.64636695384979
0.20191514492035	-0.85438281297684	0.00090425461530685	0.64631485939026
0.20193925499916	-0.85446614027023	0.00090315192937851	0.64631801843643
0.20195610821247	-0.85455632209778	0.00090813636779785	0.64630496501923
0.20196883380413	-0.85465180873871	0.00090863555669785	0.64628952741623
0.20198555290699	-0.8547528386116	0.0009085088968277	0.64627730846405
0.20199789106846	-0.8548521399498	0.00090847909450531	0.64627557992935
0.20200623571873	-0.85494923591614	0.00090494006872177	0.64627480506897
0.20240515470505	-0.85552078485489	0.00090964138507843	0.64600479602814
0.20269110798836	-0.85597211122513	0.00090727210044861	0.64531826972961
0.20284776389599	-0.85693168640137	0.00089472532272339	0.64984399080276
0.20286729931831	-0.85703366994858	0.00088842958211899	0.67884111404419
0.20289036631584	-0.85694897174835	0.00088092684745789	0.88544780015945
0.20301921665668	-0.85713350772858	0.00087770819664001	0.71015274524689
0.20284838974476	-0.85717880725861	0.00083724409341812	0.7207043170929
0.20264740288258	-0.85702556371689	0.000836580991745	0.72365587949753
0.20243328809738	-0.8562223315239	0.00084748864173889	0.80462372303009
0.20272389054298	-0.85688382387161	0.00084540247917175	0.83074778318405
0.20300747454166	-0.85618871450424	0.00083653628826141	0.78714632987976
0.20318222045898	-0.85624170303345	0.00082002580165863	0.80123633146286
0.20296865701675	-0.8562343120575	0.00081200152635574	0.82297915220261
0.20263308286667	-0.85533231496811	0.00081010162830353	0.8249848484993
0.20222224295139	-0.85402554273605	0.00081103295087814	0.82859581708908
0.20186151564121	-0.85316795110703	0.00081170350313187	0.74210011959076
0.20149156451225	-0.85187643766403	0.00080982595682144	0.82489812374115
0.20207300782204	-0.85366898775101	0.00082062184810638	0.80578935146332
0.20209670066833	-0.85371947288513	0.00081818550825119	0.80025708675385
0.20264147222042	-0.85462540388107	0.00080940872430801	0.78226447105408
0.20257849991322	-0.85367047786713	0.00081976503133774	0.75800108909607
0.20270727574825	-0.85324001312256	0.00081125646829605	0.75233614444733
0.20298060774803	-0.85343062877655	0.00082302093505859	0.73986607789993
0.20300413668156	-0.85304588079453	0.00083582103252411	0.64295625686646
0.20320571959019	-0.85276007652283	0.00084313750267029	0.69878280162811
0.203384578228	-0.85253542661667	0.00084534287452698	0.68953680992126
0.20327386260033	-0.85229194164276	0.00085007399320602	0.66226136684418
0.20269541442394	-0.8514860868454	0.00084594637155533	0.62641131877899
0.20235568284988	-0.85104900598526	0.00084692239761353	0.61491650342941
0.20210398733616	-0.85124856233597	0.00085127353668213	0.60990339517593
0.2018761485815	-0.85134226083755	0.00085227191448212	0.60364282131195
0.20170331001282	-0.85154145956039	0.00085245072841644	0.54143369197845
0.20157539844513	-0.85169225931168	0.00085234642028809	0.60142832994461
0.20143893361092	-0.85179090499878	0.00085218995809555	0.6014249920845
0.20138064026833	-0.85186648368835	0.00085276365280151	0.60488718748093
0.20142692327499	-0.85193240642548	0.00086069852113724	0.6053079366684
0.20146718621254	-0.85197955369949	0.00087221711874008	0.60559725761414
0.20150449872017	-0.85201692581177	0.0008530467748642	0.60593092441559
0.20154556632042	-0.85205745697021	0.00086090713739395	0.60617214441299
0.20157223939896	-0.85207962989807	0.00085326284170151	0.60619938373566
0.20160827040672	-0.85212451219559	0.00085312128067017	0.60627865791321
0.20163457095623	-0.85216808319092	0.00085302442312241	0.60631084442139
0.20166406035423	-0.85220319032669	0.000853031873703	0.60624408721924
0.20151361823082	-0.85139465332031	0.0022750794887543	0.53749394416809
0.20147548615932	-0.84936392307281	0.003601610660553	0.39895766973495
0.20131780207157	-0.84753441810608	0.0040944963693619	0.17873780429363
0.20134492218494	-0.84404516220093	0.0060853734612465	-0.0035836808383465
0.20143124461174	-0.84148842096329	0.006842665374279	-0.0031099347397685
0.20145152509212	-0.84014093875885	0.0070871040225029	-0.0034655190538615
0.20107311010361	-0.83649510145187	0.0099793672561646	-0.0033653532154858
0.20134268701077	-0.83241957426071	0.010721176862717	-0.0033420040272176
0.20212657749653	-0.82917004823685	0.010968886315823	-0.0032876837067306
0.20245313644409	-0.82773816585541	0.011096030473709	-0.0033379520755261
0.20205479860306	-0.81972324848175	0.014821425080299	-0.0035165031440556
0.20223507285118	-0.81278342008591	0.015757173299789	-0.0035199341364205
0.20289580523968	-0.80802536010742	0.016018144786358	-0.0032972886692733
0.20331345498562	-0.79707992076874	0.017636179924011	-0.0035178351681679
0.20368270576	-0.78898668289185	0.01826785504818	-0.003501831786707
0.20353546738625	-0.78365689516068	0.018469005823135	-0.003314858302474
0.20460572838783	-0.7790390253067	0.018441319465637	-0.0061886259354651
0.20528599619865	-0.76048958301544	0.017663165926933	-0.0033947415649891
0.20533135533333	-0.75155353546143	0.017356917262077	-0.0035973060876131
0.20544791221619	-0.74475383758545	0.016448453068733	-0.0037232120521367
0.20580573379993	-0.74065655469894	0.016193032264709	-0.0035297323483974
0.20590709149837	-0.73468375205994	0.01483541727066	-0.0036725723184645
0.20596301555634	-0.73148119449615	0.014150835573673	-0.0038023379165679
0.20605134963989	-0.728351354599	0.013299278914928	-0.0036889563780278
0.20630779862404	-0.7229768037796	0.010806478559971	-0.0031859751325101
0.20662777125835	-0.71914994716644	0.009972058236599	-0.0038651060312986
0.20743343234062	-0.71202874183655	0.0066071897745132	-0.0034082985948771
0.20828218758106	-0.70514589548111	0.0034688636660576	-0.0034916668664664
0.20845110714436	-0.70115578174591	0.002562128007412	0.2247918099165
0.20850774645805	-0.69900947809219	0.00157580524683	0.48536071181297
0.20868833363056	-0.69747596979141	0.0011225640773773	0.6796173453331
0.20898133516312	-0.69713097810745	0.00091119110584259	0.75966465473175
0.20915251970291	-0.69710105657578	0.00091014057397842	0.64881724119186
0.20925679802895	-0.69712167978287	0.00090919435024261	0.64595556259155
0.20930469036102	-0.69713443517685	0.00090714544057846	0.64501214027405
0.20932869613171	-0.69714909791946	0.00089812278747559	0.64451891183853
0.2093210965395	-0.69719076156616	0.00090733915567398	0.64510405063629
0.20929653942585	-0.69726526737213	0.00090858340263367	0.6452808380127
0.20927862823009	-0.69733452796936	0.00090828537940979	0.64535599946976
0.20929783582687	-0.69733792543411	0.0009080171585083	0.64651185274124
0.20933097600937	-0.69733887910843	0.00090797990560532	0.64679282903671
0.20935940742493	-0.69735282659531	0.00090793520212173	0.64688020944595
0.20938344299793	-0.69736111164093	0.00090776383876801	0.64691936969757
0.20940531790257	-0.69736832380295	0.00090784579515457	0.64691597223282
0.20941832661629	-0.69736850261688	0.00090785324573517	0.64699423313141
0.20984081923962	-0.69772887229919	0.00090614706277847	0.64392626285553
0.2101199477911	-0.69827967882156	0.00090363621711731	0.63933634757996
0.21025954186916	-0.69814383983612	0.00088881701231003	0.75651496648788
0.21032185852528	-0.69962948560715	0.00088995695114136	0.68373745679855
0.21005563437939	-0.69911140203476	0.00087218731641769	0.70836240053177
0.20981831848621	-0.69857466220856	0.00084257870912552	0.7209278345108
0.20966516435146	-0.69769191741943	0.00083998590707779	0.73825615644455
0.20976530015469	-0.69854944944382	0.00083919614553452	0.74704307317734
0.2096798568964	-0.69830644130707	0.00083423405885696	0.76272863149643
0.2096793949604	-0.69799000024796	0.00084715336561203	0.6912385225296
0.20954973995686	-0.69751292467117	0.00085077434778214	0.91597211360931
0.20965196192265	-0.69799041748047	0.00083316117525101	0.85739123821259
0.20962151885033	-0.69779050350189	0.00081758201122284	0.81857120990753
0.20969001948833	-0.69719213247299	0.00081028044223785	0.82637155056
0.20971119403839	-0.69635814428329	0.00080978870391846	0.82859402894974
0.21000967919827	-0.69652432203293	0.00081409513950348	0.7394026517868
0.20989412069321	-0.69587635993958	0.00081260502338409	0.81792116165161
0.20990741252899	-0.6951140165329	0.00081256031990051	0.81510764360428
0.20976741611958	-0.69461858272552	0.0008147805929184	0.8150469660759
0.21011412143707	-0.69632470607758	0.00082413852214813	0.80864775180817
0.21024131774902	-0.69704675674438	0.00080756843090057	0.72555142641068
0.21025110781193	-0.6958721280098	0.00080598890781403	0.77301025390625
0.21029528975487	-0.69417208433151	0.00082556903362274	0.75695049762726
0.21075235307217	-0.69459110498428	0.00083596259355545	0.74538689851761
0.21109083294868	-0.69487488269806	0.00082197785377502	0.73998415470123
0.21154764294624	-0.69500529766083	0.00082313269376755	0.71930634975433
0.21185794472694	-0.69457226991653	0.00082961469888687	0.61641585826874
0.21159607172012	-0.69327735900879	0.00087218731641769	0.65350717306137
0.21040411293507	-0.69149088859558	0.00086048990488052	0.6321188211441
0.21011051535606	-0.69201093912125	0.00084951519966125	0.61464101076126
0.20949053764343	-0.69172817468643	0.00083911418914795	0.60029876232147
0.20938891172409	-0.69192624092102	0.00084346532821655	0.5979288816452
0.20938682556152	-0.69222581386566	0.00084461271762848	0.59755307435989
0.20936632156372	-0.69247555732727	0.00084472447633743	0.59725016355515
0.20933651924133	-0.69267237186432	0.00085406750440598	0.59712815284729
0.20933994650841	-0.69280624389648	0.0008733794093132	0.59702038764954
0.20929780602455	-0.69293826818466	0.0008440688252449	0.59697550535202
0.20929741859436	-0.69304472208023	0.00084395706653595	0.59694790840149
0.20929929614067	-0.69314062595367	0.00084385275840759	0.59689497947693
0.20931515097618	-0.69322317838669	0.00084372609853745	0.59680879116058
0.20934128761292	-0.69328504800797	0.00084360688924789	0.59880459308624
0.20938935875893	-0.69332474470139	0.00084377825260162	0.59924584627151
0.20944076776505	-0.69336092472076	0.00084362179040909	0.59935647249222
0.20949986577034	-0.69338572025299	0.00084365159273148	0.5993230342865
0.20952440798283	-0.69303381443024	0.00088530033826828	0.53097659349442
0.20921042561531	-0.69057530164719	0.0031994134187698	0.30331009626389
0.20883925259113	-0.68885004520416	0.0039566233754158	0.0094670793041587
0.20868176221848	-0.68528532981873	0.0060030743479729	-0.0034062000922859
0.20868249237537	-0.68198609352112	0.0077181756496429	-0.0032574955839664
0.2087580114603	-0.67745071649551	0.009165532886982	-0.0033697299659252
0.20876809954643	-0.67303931713104	0.01055470854044	-0.003473173128441
0.2087904214859	-0.67104244232178	0.011022321879864	-0.0031452081166208
0.20904889702797	-0.6605651974678	0.014637731015682	-0.0041786376386881
0.20915471017361	-0.6512206196785	0.016285419464111	-0.0034918952733278
0.20904262363911	-0.64616847038269	0.016780719161034	-0.0033241033088416
0.20857456326485	-0.64401853084564	0.016967885196209	-0.0037315157242119
0.20820097625256	-0.63758617639542	0.01810947060585	-0.0035443424712867
0.2087713778019	-0.62817084789276	0.0186737626791	-0.0039700670167804
0.20930226147175	-0.61728918552399	0.018860757350922	-0.0037194688338786
0.20949959754944	-0.60917812585831	0.018711432814598	-0.0036955676041543
0.2097504734993	-0.60075259208679	0.018253743648529	-0.003752822522074
0.20959305763245	-0.59590554237366	0.018045648932457	-0.0037327893078327
0.20978613197803	-0.58903014659882	0.017290696501732	-0.0036903470754623
0.20985808968544	-0.58487051725388	0.016950622200966	-0.0038919982034713
0.21013703942299	-0.58205515146255	0.016779690980911	-0.0035540945827961
0.2099361717701	-0.57989585399628	0.016887754201889	-0.0036540520377457
0.2091698795557	-0.57833153009415	0.016658619046211	-0.0038264044560492
0.20913201570511	-0.56738168001175	0.011198781430721	-0.0032761518377811
0.20974580943584	-0.5571460723877	0.0079057961702347	-0.0037198509089649
0.21019184589386	-0.54954051971436	0.0066488981246948	-0.0034576407633722
0.21041159331799	-0.54426848888397	0.0034086853265762	-0.0036508454941213
0.2106751948595	-0.54172003269196	0.0019638240337372	0.48635512590408
0.21114206314087	-0.54036474227905	0.00091195851564407	0.72055876255035
0.2114013582468	-0.5400607585907	0.00090916454792023	0.72979021072388
0.21152839064598	-0.5398935675621	0.00090856105089188	0.65013492107391
0.21155074238777	-0.53977739810944	0.00086518377065659	0.64755761623383
0.21153765916824	-0.53973627090454	0.00086107850074768	0.64613926410675
0.21150374412537	-0.5396980047226	0.00086109340190887	0.64532613754272
0.21147206425667	-0.53967362642288	0.00086088478565216	0.64496678113937
0.21142710745335	-0.53967195749283	0.00086106359958649	0.64495259523392
0.2113795876503	-0.53976428508759	0.00090044736862183	0.6443036198616
0.21132130920887	-0.53987139463425	0.00090746581554413	0.64395046234131
0.21125862002373	-0.5399923324585	0.00090819597244263	0.64391833543777
0.21118679642677	-0.54011392593384	0.00090824812650681	0.64393472671509
0.21111968159676	-0.54024475812912	0.00090841948986053	0.64389508962631
0.21104799211025	-0.54037171602249	0.00090838968753815	0.64390516281128
0.21098086237907	-0.54050171375275	0.00090835988521576	0.64389431476593
0.21108092367649	-0.54068022966385	0.00090746581554413	0.64297187328339
0.21158881485462	-0.54248416423798	0.00090992450714111	0.57769256830215
0.21154868602753	-0.54306918382645	0.00089368969202042	0.6686429977417
0.21128053963184	-0.54232013225555	0.00088392943143845	0.6863648891449
0.21099342405796	-0.54144710302353	0.00084930658340454	0.70131456851959
0.21075844764709	-0.54091292619705	0.00084967911243439	0.70716351270676
0.2105812728405	-0.54004484415054	0.00085080415010452	0.73156088590622
0.21075735986233	-0.5419539809227	0.00084681808948517	0.67974668741226
0.21074964106083	-0.54181355237961	0.00083880871534348	0.77596145868301
0.21081665158272	-0.54204332828522	0.00083328783512115	0.79340708255768
0.21076743304729	-0.54176366329193	0.00083070993423462	0.80936366319656
0.2109092772007	-0.54151958227158	0.00081909447908401	0.82001572847366
0.21096450090408	-0.54089248180389	0.00081712752580643	0.82709801197052
0.21105560660362	-0.54043310880661	0.00081642717123032	0.82873857021332
0.21113792061806	-0.5399141907692	0.00081443041563034	0.74996131658554
0.2114090025425	-0.54076623916626	0.00081569701433182	0.82437598705292
0.21136915683746	-0.540358543396	0.00081324577331543	0.82124501466751
0.21139565110207	-0.53986269235611	0.00081416964530945	0.81765747070312
0.21148446202278	-0.53992867469788	0.00081610679626465	0.81265419721603
0.21151950955391	-0.53920191526413	0.00081513822078705	0.80702495574951
0.21157123148441	-0.53882455825806	0.00080365687608719	0.71816700696945
0.21163326501846	-0.53875762224197	0.00080007314682007	0.78668618202209
0.21166618168354	-0.53788697719574	0.00080319494009018	0.77530777454376
0.21164882183075	-0.53833961486816	0.00080828368663788	0.76004761457443
0.21160924434662	-0.53751003742218	0.00080148130655289	0.74576187133789
0.21159432828426	-0.53820997476578	0.00081013888120651	0.72256201505661
0.21136824786663	-0.53713607788086	0.00081269443035126	0.6908500790596
0.21140928566456	-0.53681921958923	0.00082038342952728	0.6713073849678
0.21143424510956	-0.53582000732422	0.0008334219455719	0.65507394075394
0.21133562922478	-0.53533238172531	0.0008382573723793	0.57101500034332
0.21089042723179	-0.53559994697571	0.00085323303937912	0.61572134494781
0.2104784399271	-0.53557175397873	0.00084617733955383	0.602215051651
0.21019631624222	-0.53581666946411	0.00083457678556442	0.59934771060944
0.21001854538918	-0.53603839874268	0.00083402544260025	0.59803867340088
0.20990453660488	-0.53620761632919	0.00083382427692413	0.59745758771896
0.20980533957481	-0.53628975152969	0.00084449350833893	0.59702211618423
0.20971146225929	-0.53635054826736	0.00083352625370026	0.59658247232437
0.20964279770851	-0.53640818595886	0.00084426254034042	0.59643346071243
0.20960848033428	-0.5364807844162	0.00085953623056412	0.59636223316193
0.20953291654587	-0.53651684522629	0.00083361566066742	0.59630072116852
0.20947113633156	-0.53655445575714	0.00084426254034042	0.59630250930786
0.20950525999069	-0.53657191991806	0.00083400309085846	0.59675121307373
0.20950302481651	-0.5366108417511	0.00083410739898682	0.59679764509201
0.20949056744576	-0.53650057315826	0.00087479501962662	0.59630340337753
0.20937359333038	-0.53588378429413	0.0015594288706779	0.59620225429535
0.20869272947311	-0.53608220815659	0.0020238235592842	0.31753817200661
0.20722416043282	-0.53434348106384	0.0044109523296356	0.019737888127565
0.20625868439674	-0.53305065631866	0.0053039789199829	-0.0031779867131263
0.20584720373154	-0.53055250644684	0.0073994025588036	-0.0034681442193687
0.20741584897041	-0.52299118041992	0.0095855370163918	-0.0037323113065213
0.20897556841373	-0.51538723707199	0.011332578957081	-0.0032301652245224
0.20950788259506	-0.5112087726593	0.011916652321815	-0.0032130102626979
0.20933948457241	-0.50633174180984	0.013673827052116	-0.0033732678275555
0.20953106880188	-0.49911335110664	0.015451930463314	-0.0035051305312663
0.20983752608299	-0.49457681179047	0.016052469611168	-0.003370241029188
0.20958271622658	-0.49070191383362	0.016764901578426	-0.0034409449435771
0.20987811684608	-0.48396328091621	0.017668396234512	-0.004403636790812
0.21035104990005	-0.47973138093948	0.017971202731133	-0.0032187788747251
0.21136270463467	-0.47239723801613	0.018546998500824	-0.0039641605690122
0.21228796243668	-0.46333262324333	0.018852755427361	-0.0036233880091459
0.21291303634644	-0.45630884170532	0.018889740109444	-0.0036768089048564
0.21336424350739	-0.4506524503231	0.018807783722878	-0.0037116347812116
0.21361623704433	-0.44764849543571	0.018966048955917	-0.0037575785536319
0.21443921327591	-0.43903014063835	0.018066018819809	-0.0037966934032738
0.21340651810169	-0.43218612670898	0.017116591334343	-0.0037737861275673
0.21236921846867	-0.42423132061958	0.015533521771431	-0.003581777215004
0.21202479302883	-0.41927489638329	0.014941111207008	-0.0038281143642962
0.21189248561859	-0.41410702466965	0.013617627322674	-0.003374835010618
0.21174569427967	-0.41122487187386	0.013153232634068	-0.0038189620245248
0.21234054863453	-0.40315896272659	0.0097680985927582	-0.0035225269384682
0.21256192028522	-0.39758315682411	0.0083252042531967	-0.0037595112808049
0.21281135082245	-0.39339300990105	0.006920263171196	-0.0034372482914478
0.21298336982727	-0.3898760676384	0.0045432299375534	-0.0035955954808742
0.2133167386055	-0.38693064451218	0.0030976533889771	-0.0036530953366309
0.21341577172279	-0.384331792593	0.0017336755990982	0.29252231121063
0.21362793445587	-0.38279423117638	0.00090885907411575	0.55530655384064
0.21386463940144	-0.3823726773262	0.00090380012989044	0.58438897132874
0.21399450302124	-0.38208043575287	0.00086367875337601	0.59916579723358
0.21408146619797	-0.38189435005188	0.00086338818073273	0.60764294862747
0.21412785351276	-0.3817395567894	0.00086326897144318	0.75191485881805
0.21414843201637	-0.38162416219711	0.00086358934640884	0.64791071414948
0.21415849030018	-0.38155183196068	0.00086405873298645	0.64668029546738
0.21416452527046	-0.38148066401482	0.00086403638124466	0.64600551128387
0.21416255831718	-0.38140442967415	0.00086382776498795	0.64529371261597
0.21415749192238	-0.3813408613205	0.00087087601423264	0.64482444524765
0.21414516866207	-0.38127589225769	0.00086388736963272	0.64471089839935
0.21412588655949	-0.381217867136	0.00086359679698944	0.64495581388474
0.21410286426544	-0.38116300106049	0.00086363404989243	0.64494735002518
0.21407935023308	-0.38110157847404	0.00086446106433868	0.64505386352539
0.21405565738678	-0.38103812932968	0.00086390227079391	0.64499127864838
0.21417851746082	-0.38089543581009	0.00086322426795959	0.58273160457611
0.21470637619495	-0.38157394528389	0.00089086592197418	0.65449154376984
0.21489588916302	-0.38199430704117	0.00089432299137115	0.66666233539581
0.21500362455845	-0.38250163197517	0.00088198482990265	0.68542408943176
0.21504929661751	-0.38260197639465	0.0008743479847908	0.69876998662949
0.2150920778513	-0.38247776031494	0.00088018178939819	0.70776385068893
0.2151975184679	-0.38247412443161	0.00088123977184296	0.70855683088303
0.21519950032234	-0.38292875885963	0.00087461620569229	0.72602123022079
0.21478523313999	-0.38181555271149	0.0008561760187149	0.73658758401871
0.21434746682644	-0.38016611337662	0.00085932016372681	0.76386648416519
0.21450591087341	-0.38191246986389	0.00083401799201965	0.85502254962921
0.21442119777203	-0.38138392567635	0.00082482397556305	0.79850620031357
0.21447545289993	-0.3817056119442	0.00082419812679291	0.80853575468063
0.21453902125359	-0.38157936930656	0.00081901997327805	0.81464612483978
0.21461775898933	-0.3815484046936	0.00081887096166611	0.81607979536057
0.21562626957893	-0.38421785831451	0.0008251741528511	0.7348940372467
0.2161535769701	-0.3853006362915	0.00082211196422577	1.1072850227356
0.21673001348972	-0.38639137148857	0.0008222907781601	0.92787057161331
0.2168240994215	-0.38654598593712	0.00081616640090942	0.86402702331543
0.21647547185421	-0.38481792807579	0.00081080198287964	0.79443693161011
0.21625220775604	-0.38198345899582	0.00079970806837082	0.77911472320557
0.21615181863308	-0.37994194030762	0.00081624090671539	0.77027469873428
0.21631219983101	-0.38027727603912	0.00082900375127792	0.75656622648239
0.21620735526085	-0.37911850214005	0.00083078444004059	0.66155445575714
0.21637816727161	-0.37949141860008	0.00084114819765091	0.71867078542709
0.21617297828197	-0.3786641061306	0.00084459781646729	0.6946496963501
0.21592196822166	-0.37746170163155	0.00085726380348206	0.6748069524765
0.21571736037731	-0.37651181221008	0.00085932016372681	0.66507995128632
0.21579667925835	-0.37789380550385	0.0008213147521019	0.64182442426682
0.2150666564703	-0.37750041484833	0.00083436816930771	0.55008858442307
0.21452644467354	-0.37752896547318	0.00086534768342972	0.60205829143524
0.21436624228954	-0.37774306535721	0.00082597881555557	0.59859579801559
0.21440228819847	-0.37806475162506	0.00084427744150162	0.59851765632629
0.21438616514206	-0.37827467918396	0.00082521885633469	0.59858125448227
0.21434983611107	-0.37843769788742	0.00083484500646591	0.59847962856293
0.21434688568115	-0.37856635451317	0.0008668377995491	0.59848231077194
0.21437272429466	-0.37866845726967	0.00088877975940704	0.5985426902771
0.21440294384956	-0.37875843048096	0.00089098513126373	0.59858405590057
0.21443673968315	-0.37883824110031	0.0008908286690712	0.59852278232574
0.21447142958641	-0.37891453504562	0.00089097768068314	0.59856349229813
0.21450839936733	-0.37898978590965	0.00089100003242493	0.59854573011398
0.21454676985741	-0.3790647983551	0.00089071691036224	0.59861791133881
0.21458844840527	-0.37913805246353	0.00089094787836075	0.59863364696503
0.21450594067574	-0.37899076938629	0.00082624703645706	0.59791576862335
0.21431541442871	-0.37679800391197	0.0031566098332405	0.55284583568573
0.2147164195776	-0.3728047311306	0.0047296211123466	0.0066617773845792
0.21509684622288	-0.36868500709534	0.0063459798693657	-0.0031030245590955
0.21502228081226	-0.36506080627441	0.0078418031334877	-0.0035043233074248
0.21493543684483	-0.36044067144394	0.010098867118359	-0.003284405451268
0.21488311886787	-0.35800784826279	0.010878324508667	-0.0031860466115177
0.21495661139488	-0.356614112854	0.011175386607647	-0.0033458650577813
0.21447305381298	-0.35569569468498	0.011323541402817	-0.0040716626681387
0.21474093198776	-0.3428815305233	0.015138991177082	-0.0036492892540991
0.21518398821354	-0.33511552214622	0.016352325677872	-0.0033028530888259
0.21533420681953	-0.3316416144371	0.016797289252281	-0.0035061738453805
0.21569250524044	-0.32677549123764	0.016742423176765	-0.0037838611751795
0.21576499938965	-0.32229086756706	0.016716688871384	-0.003520094556734
0.21704183518887	-0.30174347758293	0.017758131027222	-0.0045532868243754
0.21700923144817	-0.29175260663033	0.018098011612892	-0.0036566904745996
0.21644988656044	-0.28771740198135	0.018286123871803	-0.0037495605647564
0.21706132590771	-0.27919605374336	0.01719069480896	-0.0036718819756061
0.21736314892769	-0.2731057703495	0.016757220029831	-0.0037501689512283
0.21734076738358	-0.26925185322762	0.016688726842403	-0.0037058740854263
0.21771466732025	-0.26577273011208	0.016515657305717	-0.0037557450123131
0.21754167973995	-0.26335823535919	0.016372442245483	-0.003697460051626
0.21875388920307	-0.25101986527443	0.010902054607868	-0.0030337371863425
0.21925511956215	-0.24391479790211	0.0086837336421013	-0.0041360417380929
0.21974192559719	-0.23868474364281	0.0060632899403572	-0.003793393727392
0.22064864635468	-0.23410651087761	0.004249282181263	-0.0035964280832559
0.22012688219547	-0.23151046037674	0.0035822540521622	-0.0035136397927999
0.22022740542889	-0.22854764759541	0.0011969357728958	-0.0035490971058607
0.22023342549801	-0.22768890857697	0.00086748600006104	0.18060527741909
0.22031542658806	-0.22722125053406	0.00086759030818939	0.78615683317184
0.2204504609108	-0.22707822918892	0.0008716881275177	0.7599436044693
0.2204767614603	-0.22702433168888	0.00086808204650879	0.65038800239563
0.22050711512566	-0.22694677114487	0.00086794793605804	0.64772665500641
0.22053650021553	-0.22687570750713	0.00086826086044312	0.64655607938766
0.22058364748955	-0.22681701183319	0.00086811184883118	0.64591097831726
0.22062455117702	-0.22674837708473	0.00086821615695953	0.64550167322159
0.22067578136921	-0.22667694091797	0.00086813420057297	0.64534252882004
0.22072513401508	-0.2266051620245	0.00086818635463715	0.64515155553818
0.2207755446434	-0.22653461992741	0.00086866319179535	0.64523124694824
0.22082862257957	-0.22646063566208	0.00086821615695953	0.64515441656113
0.22087587416172	-0.22637997567654	0.0008680447936058	0.64520013332367
0.22092668712139	-0.22630386054516	0.0008682906627655	0.64517802000046
0.22096931934357	-0.2262227833271	0.00086821615695953	0.64516562223434
0.22105650603771	-0.22612810134888	0.00088690221309662	0.70864832401276
0.22114969789982	-0.22606827318668	0.00088681280612946	0.65400075912476
0.22122898697853	-0.22614942491055	0.00090371817350388	0.65826851129532
0.22157688438892	-0.22670391201973	0.00090284645557404	0.65580290555954
0.22212253510952	-0.22938784956932	0.00087457150220871	0.74478894472122
0.22228428721428	-0.22926759719849	0.00084889680147171	0.70894253253937
0.22220103442669	-0.22869573533535	0.00085850059986115	0.72901999950409
0.2219240218401	-0.22824349999428	0.0008680447936058	0.74701982736588
0.22156742215157	-0.22717276215553	0.00086508691310883	0.82782781124115
0.22146666049957	-0.22556254267693	0.00086081027984619	1.0072473287582
0.22143815457821	-0.22737063467503	0.00083967298269272	0.77779370546341
0.2213454246521	-0.22750501334667	0.000828817486763	0.9086982011795
0.2215184867382	-0.22728416323662	0.00082752108573914	1.0351380109787
0.22159929573536	-0.22809886932373	0.00081982463598251	0.94629001617432
0.2214770168066	-0.22753535211086	0.00081206858158112	0.82357800006866
0.22145901620388	-0.22609329223633	0.00081112235784531	0.82153904438019
0.22162038087845	-0.22562834620476	0.00081325322389603	0.8164250254631
0.22171455621719	-0.22497101128101	0.00081504881381989	0.80384814739227
0.22183376550674	-0.22416205704212	0.000808484852314	0.80164366960526
0.22194667160511	-0.22369554638863	0.0008004829287529	0.80242669582367
0.22217516601086	-0.22579717636108	0.00079688429832458	0.79567563533783
0.22217723727226	-0.2261009812355	0.00079309940338135	0.71715515851974
0.22213992476463	-0.22585359215736	0.00079206377267838	0.77917170524597
0.2221617102623	-0.22359588742256	0.00083418190479279	0.73618948459625
0.22222165763378	-0.22159272432327	0.00079345703125	0.71112614870071
0.22212578356266	-0.22226575016975	0.00080348551273346	0.68877816200256
0.22183212637901	-0.22142246365547	0.00080776959657669	0.65529996156693
0.22150006890297	-0.22021448612213	0.00087448209524155	0.63699591159821
0.22138911485672	-0.22049960494041	0.00083436816930771	0.62977933883667
0.22096881270409	-0.2199848741293	0.00081621110439301	0.5561950802803
0.22062873840332	-0.21970945596695	0.00085164606571198	0.6078519821167
0.22052179276943	-0.21961703896523	0.00081658363342285	0.60383915901184
0.22048437595367	-0.21952566504478	0.00081616640090942	0.60089373588562
0.22046528756618	-0.21943485736847	0.00081584602594376	0.59920901060104
0.22046127915382	-0.2193301320076	0.00081571936607361	0.59862715005875
0.22046944499016	-0.21922713518143	0.00081583857536316	0.5980464220047
0.22048503160477	-0.21908037364483	0.0008256733417511	0.59763562679291
0.22049936652184	-0.21899142861366	0.00081556290388107	0.59744071960449
0.22052010893822	-0.21884243190289	0.00081559270620346	0.59730911254883
0.22053998708725	-0.21874867379665	0.00081559270620346	0.59717983007431
0.22057850658894	-0.21865773200989	0.00083382427692413	0.59725797176361
0.22052657604218	-0.21851402521133	0.00081583857536316	0.59688574075699
0.22049948573112	-0.21844381093979	0.00087092071771622	0.59554851055145
0.22045095264912	-0.2177200615406	0.00088752806186676	0.57673597335815
0.22043615579605	-0.20996847748756	0.0067147463560104	-0.0041542272083461
0.22025269269943	-0.20383679866791	0.0086294040083885	-0.0029572658240795
0.22005094587803	-0.19655427336693	0.01141382008791	-0.0033714496530592
0.21984668076038	-0.19287565350533	0.012388005852699	-0.0031822728924453
0.22017627954483	-0.18515703082085	0.014622181653976	-0.004094775300473
0.22042791545391	-0.17759436368942	0.015980675816536	-0.0032155911903828
0.22049796581268	-0.17378464341164	0.016438372433186	-0.0034203534014523
0.22079958021641	-0.16363725066185	0.017880871891975	-0.0043022483587265
0.22094184160233	-0.1570588350296	0.01843336224556	-0.0037041727919132
0.22101508080959	-0.15181408822536	0.018573358654976	-0.0037139616906643
0.22082483768463	-0.14850945770741	0.018538683652878	-0.0037588097620755
0.22103145718575	-0.14538560807705	0.01860685646534	-0.0037840970326215
0.22252979874611	-0.12335003912449	0.015480257570744	-0.0037164860405028
0.22287975251675	-0.11116423457861	0.013276323676109	-0.0033594078850001
0.22291089594364	-0.10545846819878	0.012546882033348	-0.0040050852112472
0.22308179736137	-0.10092463344336	0.011309720575809	-0.0035999235697091
0.22320672869682	-0.097821146249771	0.010839179158211	-0.0037327122408897
0.22372591495514	-0.090785980224609	0.0057718381285667	-0.0031222368124872
0.22413441538811	-0.08571882545948	0.0026955828070641	-0.0036078826524317
0.22434990108013	-0.083702802658081	0.0017159506678581	0.45840081572533
0.22447650134563	-0.083044946193695	0.0014301389455795	0.43087276816368
0.22460205852985	-0.082718253135681	0.0013403296470642	0.43834981322289
0.22471752762794	-0.082467675209045	0.00130695104599	0.44098249077797
0.22480469942093	-0.082231715321541	0.0012793466448784	0.44149321317673
0.22489163279533	-0.082009598612785	0.0012773871421814	0.43786054849625
0.22493395209312	-0.081777967512608	0.0012513101100922	0.43817123770714
0.22497420012951	-0.081588834524155	0.0012709200382233	0.43696647882462
0.22498187422752	-0.081392057240009	0.0012760683894157	0.40275096893311
0.22497595846653	-0.081182152032852	0.001276895403862	0.43844372034073
0.22497424483299	-0.08097830414772	0.0012780725955963	0.43604883551598
0.22498451173306	-0.080762602388859	0.001272551715374	0.43621382117271
0.22498378157616	-0.080562084913254	0.0012799054384232	0.4354994893074
0.22498387098312	-0.080359928309917	0.0012800097465515	0.43413147330284
0.22498460114002	-0.08015438169241	0.0012815520167351	0.43451982736588
0.22498826682568	-0.079946391284466	0.0012786984443665	0.43580675125122
0.22500203549862	-0.079751022160053	0.0012780651450157	0.43708911538124
0.22537864744663	-0.07955464720726	0.00091004371643066	0.5575070977211
0.22543036937714	-0.080194965004921	0.00090104341506958	0.68322789669037
0.22584594786167	-0.08044221252203	0.00089768320322037	0.71592652797699
0.22600136697292	-0.08080442994833	0.00090275704860687	0.67383646965027
0.22607445716858	-0.081212103366852	0.00090043991804123	0.67534929513931
0.22616025805473	-0.081548824906349	0.00089842826128006	0.67197108268738
0.2264811694622	-0.083726763725281	0.00089114159345627	0.71638554334641
0.22635218501091	-0.083460174500942	0.00084567815065384	0.89310377836227
0.22637329995632	-0.083118513226509	0.00084677338600159	0.89369428157806
0.22635865211487	-0.08233568072319	0.00084559619426727	0.77985399961472
0.22644491493702	-0.082193553447723	0.00083903968334198	0.79400479793549
0.22637493908405	-0.081878341734409	0.00082496553659439	0.80129116773605
0.22631195187569	-0.081436172127724	0.00082086026668549	0.81041371822357
0.22632876038551	-0.080837070941925	0.00081654638051987	0.74264276027679
0.22634421288967	-0.080750741064548	0.00080833584070206	0.83241403102875
0.22626696527004	-0.080083169043064	0.00081206858158112	0.832799077034
0.22619321942329	-0.079747654497623	0.00081317871809006	0.83147811889648
0.22622038424015	-0.079358957707882	0.00081345438957214	0.83085173368454
0.22608046233654	-0.078361362218857	0.00080842524766922	0.74344521760941
0.22579947113991	-0.076546370983124	0.00081004947423935	0.81741487979889
0.22554725408554	-0.075115829706192	0.00081101059913635	0.80805647373199
0.22536364197731	-0.073279559612274	0.00080736726522446	0.79909288883209
0.22608157992363	-0.07633101940155	0.00082556158304214	0.78479486703873
0.22608472406864	-0.076857924461365	0.00081036239862442	0.68856471776962
0.22626052796841	-0.076991066336632	0.00079364329576492	0.75040376186371
0.22638823091984	-0.076533302664757	0.00080101191997528	0.73910319805145
0.22712494432926	-0.076762370765209	0.00079095363616943	0.72914707660675
0.22720791399479	-0.076170586049557	0.00079017877578735	0.70989382266998
0.22733582556248	-0.075701221823692	0.00079073011875153	0.70167714357376
0.22739627957344	-0.07536418735981	0.00079108774662018	0.69901263713837
0.22790925204754	-0.07696045935154	0.00082065910100937	0.68579006195068
0.22689309716225	-0.076144650578499	0.00081581622362137	0.58930492401123
0.22581849992275	-0.074275977909565	0.00080475956201553	0.62015581130981
0.22547495365143	-0.073963448405266	0.00081745535135269	0.60720652341843
0.2253250181675	-0.074016250669956	0.00081714242696762	0.60271775722504
0.22522610425949	-0.07404949516058	0.00080655515193939	0.60224401950836
0.22512167692184	-0.074033744633198	0.00080610811710358	0.60375761985779
0.22508411109447	-0.074000269174576	0.00080615282058716	0.60200703144073
0.22505906224251	-0.073954686522484	0.00085684657096863	0.60074788331985
0.22502592206001	-0.073877416551113	0.00087624043226242	0.59966671466827
0.22501365840435	-0.073815956711769	0.0008898600935936	0.59904336929321
0.22500248253345	-0.073752589523792	0.00089046359062195	0.59941399097443
0.22500668466091	-0.073677949607372	0.00089028477668762	0.59936684370041
0.22501422464848	-0.073591358959675	0.0008905902504921	0.59907811880112
0.22501994669437	-0.073502361774445	0.00089036673307419	0.5988946557045
0.22502690553665	-0.073410227894783	0.00089041143655777	0.59881234169006
0.22503539919853	-0.073317527770996	0.00089050829410553	0.59875029325485
0.22504477202892	-0.073224350810051	0.00089050084352493	0.59865564107895
0.2250591814518	-0.072803914546967	0.00089044123888016	0.59424883127213
0.22507172822952	-0.072028622031212	0.0020357072353363	0.52547687292099
0.22502928972244	-0.069799080491066	0.0033410415053368	0.061565708369017
0.22492362558842	-0.065114699304104	0.0061527490615845	-0.0033693723380566
0.22497616708279	-0.060416124761105	0.00834970921278	-0.0033216085284948
0.22522842884064	-0.055467359721661	0.010344088077545	-0.003380837617442
0.22574178874493	-0.048361860215664	0.013007409870625	-0.0032304606866091
0.22603026032448	-0.038881823420525	0.015495792031288	-0.0043426477350295
0.22559881210327	-0.031013764441013	0.016847506165504	-0.0033283450175077
0.22538352012634	-0.026931565254927	0.017275631427765	-0.0034234107006341
0.22547523677349	-0.019004058092833	0.018126219511032	-0.0038759298622608
0.22605915367603	-0.010886162519455	0.018578827381134	-0.0036222257185727
0.22623525559902	-0.0011050887405872	0.018496721982956	-0.0038738294970244
0.22633498907089	0.0065495721064508	0.01812656223774	-0.0037360624410212
0.22629740834236	0.010136609897017	0.018078550696373	-0.0037389018107206
0.2261800467968	0.017307747155428	0.017146497964859	-0.0036520264111459
0.22662216424942	0.024295577779412	0.015897892415524	-0.0036660276819021
0.22668714821339	0.027864517644048	0.015453651547432	-0.0038832612335682
0.2264646589756	0.029533170163631	0.015381395816803	-0.0034724525175989
0.22699095308781	0.039206139743328	0.011260025203228	-0.0037918468005955
0.22756372392178	0.048062689602375	0.0068932548165321	-0.0031968490220606
0.22764579951763	0.052584175020456	0.0053367614746094	-0.0038761249743402
0.22800225019455	0.056189868599176	0.0025738999247551	0.030693471431732
0.22816973924637	0.057941105216742	0.0016662180423737	0.40017706155777
0.22825179994106	0.058563284575939	0.0013773664832115	0.41480088233948
0.22832669317722	0.058842308819294	0.0013123080134392	0.42952784895897
0.22835786640644	0.059018902480602	0.0012953728437424	0.43944349884987
0.22838521003723	0.059189941734076	0.0012859553098679	0.44322672486305
0.22842635214329	0.059361271560192	0.0012849792838097	0.4437128007412
0.2284776866436	0.059524938464165	0.0012867599725723	0.44329208135605
0.22851826250553	0.059688095003366	0.0012897923588753	0.44483178853989
0.22853516042233	0.059851594269276	0.0012693852186203	0.44311890006065
0.22859641909599	0.059997785836458	0.0012852847576141	0.44539231061935
0.22863619029522	0.060155417770147	0.0012921467423439	0.44425424933434
0.22866086661816	0.060304172337055	0.001292921602726	0.40175300836563
0.22868102788925	0.060458242893219	0.00129634141922	0.45725530385971
0.22871185839176	0.06061839312315	0.001293309032917	0.44410872459412
0.22875502705574	0.060780171304941	0.0012944415211678	0.44387111067772
0.22878138720989	0.06093866750598	0.0012952387332916	0.444973051548
0.22876819968224	0.061106652021408	0.0012133494019508	0.44400531053543
0.228835105896	0.06126432493329	0.0012795403599739	0.44223445653915
0.22876791656017	0.061538498848677	0.0015042498707771	0.48719614744186
0.22890220582485	0.061847187578678	0.0012257993221283	0.42119342088699
0.22991080582142	0.06061851978302	0.00090941786766052	0.79176968336105
0.23017241060734	0.059435643255711	0.00088810920715332	0.68880611658096
0.23002365231514	0.059663966298103	0.00085514038801193	0.7152014374733
0.2298651188612	0.060011990368366	0.0008595883846283	0.73053824901581
0.22992761433125	0.059961639344692	0.00086265802383423	0.74656689167023
0.22992044687271	0.060536183416843	0.00086143612861633	0.75588792562485
0.22995871305466	0.060697685927153	0.00086205452680588	0.76213490962982
0.22967864573002	0.060816746205091	0.00086117535829544	0.68664914369583
0.22930902242661	0.061820022761822	0.0008547455072403	0.8507307767868
0.22931925952435	0.060784805566072	0.00083168596029282	0.92754030227661
0.22928297519684	0.060971155762672	0.00081366300582886	0.81530171632767
0.22955536842346	0.060869313776493	0.00081214308738708	0.83310508728027
0.22938783466816	0.061039816588163	0.00081461668014526	0.81728160381317
0.22945767641068	0.062033142894506	0.00081294775009155	0.81041777133942
0.23005452752113	0.061784982681274	0.0008213147521019	0.8108731508255
0.22994792461395	0.062258929014206	0.0007915198802948	0.80758017301559
0.23018972575665	0.062100574374199	0.00080522149801254	0.71331107616425
0.23026897013187	0.062743425369263	0.0007803812623024	0.76509720087051
0.23028914630413	0.063743181526661	0.00083014369010925	0.74399775266647
0.23043419420719	0.064357429742813	0.00084195286035538	0.73206222057343
0.23015439510345	0.065040983259678	0.0007815957069397	0.71622282266617
0.23040902614594	0.065163008868694	0.00081523507833481	0.68843990564346
0.23037861287594	0.065994970500469	0.00078774243593216	0.6711590886116
0.23041275143623	0.066154509782791	0.00079355388879776	0.58808320760727
0.22994937002659	0.066948190331459	0.00079155713319778	0.64093226194382
0.22950819134712	0.067610554397106	0.00085537135601044	0.80210095643997
0.22918117046356	0.068074643611908	0.00087820738554001	0.66926658153534
0.22914560139179	0.067100033164024	0.00086914002895355	0.5994593501091
0.22896564006805	0.066944271326065	0.00089074671268463	0.59182751178741
0.2288868278265	0.066668756306171	0.0008915513753891	0.5924186706543
0.22873848676682	0.066391982138157	0.0008908212184906	0.59602725505829
0.22860649228096	0.066122241318226	0.00089049339294434	0.59909772872925
0.22846856713295	0.065923169255257	0.00084632635116577	0.60078412294388
0.22836774587631	0.065764009952545	0.00079784542322159	0.60147732496262
0.22829653322697	0.065606690943241	0.00080805271863937	0.6017490029335
0.22827099263668	0.06546738743782	0.0008157342672348	0.60185933113098
0.22823849320412	0.065317511558533	0.00084394216537476	0.60222852230072
0.22824928164482	0.065206050872803	0.00082235038280487	0.60215574502945
0.22819089889526	0.065069660544395	0.00079785287380219	0.60216933488846
0.22815956175327	0.064914405345917	0.0008418932557106	0.60237902402878
0.22817103564739	0.064851328730583	0.00080819427967072	0.60211217403412
0.22822640836239	0.064803071320057	0.00080817937850952	0.60194784402847
0.22828878462315	0.064742647111416	0.00083132088184357	0.60200136899948
0.22832629084587	0.064673751592636	0.00081600993871689	0.6019800901413
0.22838133573532	0.064730368554592	0.00080811977386475	0.60065346956253
0.22798755764961	0.064550191164017	0.0017106756567955	0.57351338863373
0.22713106870651	0.066260263323784	0.0042447224259377	0.429792791605
0.22735753655434	0.069398984313011	0.0050059631466866	0.0034697032533586
0.22814238071442	0.072599388659	0.0054028257727623	-0.0030534514226019
0.22842048108578	0.074311442673206	0.0056162849068642	-0.0034559511113912
0.22936135530472	0.083560213446617	0.010035187005997	-0.0037549957633018
0.22964195907116	0.091617375612259	0.012354969978333	-0.0032555542420596
0.22964954376221	0.097989156842232	0.013688400387764	-0.0033994454424828
0.23001934587955	0.10496634989977	0.015357002615929	-0.0036149229854345
0.23016674816608	0.10827147215605	0.015985310077667	-0.0033861256670207
0.23046563565731	0.11688932776451	0.01752008497715	-0.0039947582408786
0.23087649047375	0.12220861762762	0.017973512411118	-0.0034682680852711
0.2309967726469	0.12937188148499	0.018542662262917	-0.0037985153030604
0.23120650649071	0.13331846892834	0.01874215900898	-0.0036200277972966
0.231839671731	0.13996823132038	0.018988519906998	-0.0038014792371541
0.2319507598877	0.1459695994854	0.018991827964783	-0.0037276342045516
0.23199881613255	0.14924448728561	0.019017338752747	-0.0037305909208953
0.23201709985733	0.15382152795792	0.018888592720032	-0.0037603727541864
0.23214939236641	0.16065552830696	0.018301993608475	-0.0037546772509813
0.23199681937695	0.16575174033642	0.017774119973183	-0.0036668200045824
0.23190079629421	0.16835430264473	0.017648160457611	-0.003792458679527
0.23157231509686	0.17310386896133	0.016825377941132	-0.003608116414398
0.23245358467102	0.18124739825726	0.015038952231407	-0.0036329780705273
0.23279462754726	0.18642795085907	0.014294251799583	-0.0037055995780975
0.23285208642483	0.19065089523792	0.013339005410671	-0.0037798229604959
0.23368439078331	0.19836077094078	0.010984405875206	-0.0032773190177977
0.23414288461208	0.20498707890511	0.0080705732107162	-0.0036457343958318
0.23405303061008	0.21080362796783	0.0050332844257355	-0.0036623992491513
0.23431259393692	0.21563901007175	0.0030649155378342	-0.0036726288963109
0.23473609983921	0.21933005750179	0.0018489211797714	0.36714422702789
0.23469403386116	0.2213838249445	0.0011879131197929	0.79150009155273
0.23486852645874	0.22170872986317	0.00089849531650543	0.76563119888306
0.23500056564808	0.22180771827698	0.00089837610721588	0.65273630619049
0.23507516086102	0.22182439267635	0.00090590864419937	0.64750570058823
0.23510207235813	0.22180359065533	0.00090904533863068	0.64609163999557
0.23510889708996	0.22175663709641	0.00090917199850082	0.64569360017776
0.23511950671673	0.22168043255806	0.00090125948190689	0.64549189805984
0.2351122200489	0.22162352502346	0.00090639293193817	0.64523893594742
0.23506566882133	0.22154253721237	0.0009014904499054	0.64517432451248
0.23501938581467	0.22146615386009	0.00089960545301437	0.6450457572937
0.23498694598675	0.22143363952637	0.00090575218200684	0.64513069391251
0.23496630787849	0.22141100466251	0.0008973553776741	0.64539790153503
0.23510421812534	0.22134248912334	0.0009070411324501	0.64452850818634
0.23523043096066	0.22122153639793	0.00090910494327545	0.64302539825439
0.2355339974165	0.21969100832939	0.00088927149772644	0.77582556009293
0.23548039793968	0.21988074481487	0.00086433440446854	0.6829274892807
0.23539334535599	0.22057566046715	0.00086455047130585	0.69865047931671
0.23548947274685	0.21982917189598	0.00086160004138947	0.64669632911682
0.2355924397707	0.22004115581512	0.00086090713739395	0.73859322071075
0.23570211231709	0.22066166996956	0.00086530297994614	0.75460958480835
0.23581029474735	0.22116509079933	0.00086510181427002	0.76157069206238
0.23595084249973	0.22002395987511	0.0008370578289032	0.77621227502823
0.23549841344357	0.21949335932732	0.00082719326019287	0.80467176437378
0.2351616024971	0.22057661414146	0.00081469863653183	0.82050561904907
0.23495332896709	0.22160497307777	0.00081170350313187	1.1635317802429
0.23487976193428	0.2223904132843	0.00081142783164978	1.1027270555496
0.23477549850941	0.22340409457684	0.00081248581409454	0.83134472370148
0.23475304245949	0.22442248463631	0.00080976635217667	0.82584989070892
0.23471638560295	0.22406589984894	0.00080793350934982	0.95944797992706
0.23460656404495	0.22446796298027	0.00080548226833344	0.80632793903351
0.23446795344353	0.22440871596336	0.0008072704076767	0.8168398141861
0.23427839577198	0.22315327823162	0.00082196295261383	0.73184007406235
0.23413407802582	0.22403238713741	0.00078496336936951	0.78889191150665
0.23421247303486	0.22566920518875	0.0008159726858139	0.77536845207214
0.23429407179356	0.22650933265686	0.00079949200153351	0.76442289352417
0.23448339104652	0.2275375276804	0.00079964846372604	0.75701016187668
0.23458415269852	0.22649502754211	0.00080639123916626	0.74439477920532
0.23460590839386	0.22714091837406	0.00080682337284088	0.65666913986206
0.23446430265903	0.22649028897285	0.00078022480010986	0.70351850986481
0.23440991342068	0.22816815972328	0.00078080594539642	0.66701304912567
0.23419812321663	0.23001372814178	0.0008549690246582	0.64454972743988
0.23351880908012	0.23150877654552	0.00086876749992371	0.62488025426865
0.23376077413559	0.23066088557243	0.00088275223970413	0.61052018404007
0.23359902203083	0.23059350252151	0.00088761746883392	0.59733474254608
0.23356321454048	0.23044264316559	0.00088824331760406	0.59584444761276
0.23335593938828	0.23007111251354	0.00078926980495453	0.59635663032532
0.23321810364723	0.22988271713257	0.00078956037759781	0.60050046443939
0.23309424519539	0.22975742816925	0.00078918039798737	0.60070884227753
0.23303985595703	0.22972530126572	0.00078889727592468	0.60030025243759
0.23305940628052	0.22973099350929	0.00078847259283066	0.59997338056564
0.2331160902977	0.22963628172874	0.00081244856119156	0.5997588634491
0.23315706849098	0.22959211468697	0.00078875571489334	0.59912478923798
0.23316395282745	0.2295428365469	0.00078854709863663	0.60008192062378
0.23316666483879	0.22949212789536	0.00078853964805603	0.60308945178986
0.23320290446281	0.22944790124893	0.00078859180212021	0.60330259799957
0.23325963318348	0.22943976521492	0.00078855454921722	0.60135537385941
0.23331107199192	0.22942005097866	0.00078857690095901	0.59726762771606
0.2334242016077	0.22932258248329	0.00087187439203262	0.59651780128479
0.23341527581215	0.22960723936558	0.00089301913976669	0.59535396099091
0.23312878608704	0.23187988996506	0.00089170783758163	0.11276377737522
0.23297639191151	0.23447042703629	0.00089931488037109	-0.0032750167883933
0.23245008289814	0.23607334494591	0.00088797509670258	-0.0031867916695774
0.23235808312893	0.23930183053017	0.00089246034622192	-0.0039380532689393
0.23277562856674	0.2497670352459	0.0082401782274246	-0.0030187845695764
0.23310667276382	0.25487861037254	0.010928988456726	-0.0035279418807477
0.23314529657364	0.26277500391006	0.013870239257812	-0.0035764581989497
0.23333010077477	0.26955652236938	0.0154759734869	-0.0033872369676828
0.2335085272789	0.27298337221146	0.016031756997108	-0.0034605287946761
0.23382031917572	0.28147909045219	0.017553806304932	-0.0036831409670413
0.23376037180424	0.28867679834366	0.01829619705677	-0.0041809105314314
0.23363435268402	0.29251390695572	0.018521204590797	-0.0035212333314121
0.23352257907391	0.29428225755692	0.018658876419067	-0.0035999089013785
0.23368111252785	0.29565632343292	0.018919497728348	-0.003696212079376
0.23351177573204	0.29682832956314	0.01896359026432	-0.0037182834930718
0.23412820696831	0.30872002243996	0.018901646137238	-0.0039299428462982
0.23434603214264	0.31746962666512	0.018384128808975	-0.0037713348865509
0.2346828430891	0.32487198710442	0.0182154327631	-0.0036373981274664
0.2347352206707	0.32918611168861	0.018046468496323	-0.0037700557149947
0.23468798398972	0.33288848400116	0.018213853240013	-0.0036185544449836
0.23449218273163	0.33629867434502	0.018102616071701	-0.003744114888832
0.23407436907291	0.338902592659	0.018212333321571	-0.0037344521842897
0.23596186935902	0.3573554456234	0.011700294911861	-0.0032291519455612
0.2362294793129	0.3671807050705	0.0089881271123886	-0.0039140633307397
0.23629052937031	0.37330093979836	0.0083889365196228	-0.003286016639322
0.23653140664101	0.38014370203018	0.0032497048377991	0.18841378390789
