	0.44190260767937	-0.18599532544613	-0.27995079755783	-0.19954308867455	-1.0031018257141	0.004621610045433	0.40191897749901
	0.44198930263519	-0.18563313782215	-0.27995076775551	-0.20059534907341	-1.0039650201797	0.0043684393167496	0.68542712926865
	0.44200274348259	-0.18558914959431	-0.27995076775551	-0.20122027397156	-1.0041123628616	0.0043194517493248	0.68396598100662
	0.44197246432304	-0.18554417788982	-0.27995082736015	-0.20138663053513	-1.0041155815125	0.0043019503355026	0.68376481533051
	0.44195154309273	-0.18551836907864	-0.27995082736015	-0.20140871405602	-1.004167675972	0.0043045803904533	0.6837717294693
	0.15647980570793	-0.062885999679565	-0.097617350518703	-0.20585046708584	-0.97542518377304	0.0022643208503723	0.83070552349091
	0.35811439156532	-0.08786316215992	-0.1634665876627	-0.2045570909977	-0.98926675319672	0.0026564449071884	0.63874554634094
	0.42974689602852	-0.097074262797832	-0.18641725182533	-0.20375797152519	-1.0008689165115	0.0014722719788551	0.76906669139862
	0.44811370968819	-0.13366568088531	-0.22662129998207	-0.20334395766258	-1.0051429271698	0.0028881505131721	0.82847756147385
	0.44862800836563	-0.16253408789635	-0.25619730353355	-0.20309464633465	-1.0051362514496	0.0042562335729599	0.68621844053268
	0.44878652691841	-0.1725917160511	-0.26650986075401	-0.20290903747082	-1.0036110877991	0.0047241970896721	0.69626176357269
	0.43143129348755	-0.20874786376953	-0.29953622817993	-0.20285266637802	-1.0009649991989	0.0067249536514282	0.70749151706696
	0.4142809510231	-0.23709021508694	-0.32466727495193	-0.20280247926712	-0.99843311309814	0.0084757730364799	0.71483570337296
	0.39572039246559	-0.26197466254234	-0.34613299369812	-0.20277857780457	-0.99528533220291	0.0098061636090279	0.72943323850632
	0.37516939640045	-0.28505942225456	-0.36527073383331	-0.2025009393692	-0.99118101596832	0.011329397559166	0.73937159776688
	0.36791303753853	-0.29305177927017	-0.3719437122345	-0.20232383906841	-0.9887763261795	0.011653982102871	0.74884444475174
	0.35005152225494	-0.30939674377441	-0.38473635911942	-0.20230582356453	-0.98588746786118	0.012521229684353	0.75746768712997
	0.32727080583572	-0.32775649428368	-0.39834117889404	-0.20239895582199	-0.98165029287338	0.013548448681831	0.69534623622894
	0.30154892802238	-0.34592711925507	-0.41077786684036	-0.20240478217602	-0.9776531457901	0.01460549980402	0.78294390439987
	0.25470605492592	-0.37229949235916	-0.42567533254623	-0.20229032635689	-0.97240102291107	0.01601742208004	0.78990280628204
	0.21847073733807	-0.38963216543198	-0.43353369832039	-0.20230013132095	-0.96683496236801	0.016948439180851	0.80225789546967
	0.2057234197855	-0.39572075009346	-0.43627372384071	-0.20228886604309	-0.96359878778458	0.017312578856945	0.80992591381073
	0.16055707633495	-0.40994036197662	-0.43694373965263	-0.20245298743248	-0.95757138729095	0.01808188855648	0.81890428066254
	0.12412149459124	-0.41874429583549	-0.43413934111595	-0.20227546989918	-0.95194864273071	0.018638141453266	0.82454240322113
	0.091005139052868	-0.42399275302887	-0.42817440629005	-0.2023578286171	-0.94664365053177	0.018840238451958	0.74670207500458
	0.079414904117584	-0.4258394241333	-0.42609456181526	-0.20246028900146	-0.94378358125687	0.018954962491989	0.82853949069977
	0.055351264774799	-0.42703527212143	-0.41845160722733	-0.2024742513895	-0.93932807445526	0.01910962164402	0.82894498109818
	0.027173954993486	-0.42641296982765	-0.40698170661926	-0.20259763300419	-0.93480825424194	0.019112005829811	0.82574188709259
	-0.019998585805297	-0.4191252887249	-0.38001409173012	-0.20299555361271	-0.92773014307022	0.018875934183598	0.82117664813995
	-0.036581993103027	-0.41658112406731	-0.37061101198196	-0.20297420024872	-0.92376911640167	0.018785186111927	0.8164005279541
	-0.04234729334712	-0.41570118069649	-0.36733245849609	-0.2028344720602	-0.92208570241928	0.018759869039059	0.73345065116882
	-0.094219990074635	-0.39303642511368	-0.32004779577255	-0.20303657650948	-0.91629660129547	0.017708346247673	0.81568241119385
	-0.14049309492111	-0.36329400539398	-0.26673713326454	-0.20224153995514	-0.90849393606186	0.016754575073719	0.80809688568115
	-0.18069143593311	-0.32634535431862	-0.20809525251389	-0.20304679870605	-0.89789444208145	0.01476825773716	0.87151253223419
	-0.21440309286118	-0.28341653943062	-0.14584448933601	-0.20385736227036	-0.88671773672104	0.012486644089222	0.76071661710739
	-0.23439903557301	-0.25236400961876	-0.10304518043995	-0.20411667227745	-0.87992376089096	0.01075292378664	0.73085647821426
	-0.24126678705215	-0.24158991873264	-0.088122121989727	-0.20414388179779	-0.87643855810165	0.010335050523281	0.65321803092957
	-0.24368174374104	-0.23783527314663	-0.082918860018253	-0.20401518046856	-0.87453657388687	0.010130181908607	0.69983810186386
	-0.2445202767849	-0.23641501367092	-0.081104591488838	-0.20531070232391	-0.87381434440613	0.0097549557685852	0.67436009645462
	-0.2444039285183	-0.23604956269264	-0.080472022294998	-0.20536085963249	-0.86835241317749	0.010604858398438	0.64496433734894
	-0.27111786603928	-0.11642777919769	0.05499754846096	-0.20479740202427	-0.85982328653336	0.0034432262182236	0.61767399311066
	-0.26235583424568	-0.085328370332718	0.079469472169876	-0.20497398078442	-0.85848838090897	0.00097042322158813	0.60048609972
	-0.24166376888752	-0.082426272332668	0.067774452269077	-0.20536229014397	-0.85915559530258	0.00095976889133453	0.13599738478661
	-0.23348754644394	-0.081293478608131	0.06339917331934	-0.20590008795261	-0.8587606549263	0.0009503960609436	-0.0034021511673927
	-0.2017794251442	-0.087166093289852	0.033950600773096	-0.20591980218887	-0.85982716083527	0.0009269118309021	-0.0035466991830617
	-0.18957793712616	-0.087250411510468	0.022915307432413	-0.20629338920116	-0.85900622606277	0.00091242045164108	-0.0032768871169537
	-0.16509133577347	-0.090606346726418	0.0022868972737342	-0.2063661813736	-0.85908097028732	0.00089570879936218	-0.0032367762178183
	-0.14569918811321	-0.092105224728584	-0.01307977642864	-0.20632463693619	-0.85900866985321	0.00088101625442505	-0.0038000247441232
	-0.10662744939327	-0.09464868158102	-0.040071163326502	-0.20604828000069	-0.85962283611298	0.00085777789354324	-0.0036312229931355
	-0.081004999577999	-0.094573207199574	-0.056689627468586	-0.20593710243702	-0.85920941829681	0.00084216892719269	-0.0034327651374042
	-0.06023096293211	-0.093939520418644	-0.069063492119312	-0.20576225221157	-0.85846883058548	0.00083127617835999	-0.0035935379564762
	-0.02960336022079	-0.094639912247658	-0.084776759147644	-0.20562919974327	-0.85841178894043	0.00081421434879303	-0.003775444580242
	-0.0064997775480151	-0.09365364164114	-0.096011735498905	-0.20549413561821	-0.85798329114914	0.00081074982881546	-0.0036590571980923
	0.002058120444417	-0.092005096375942	-0.10038109868765	-0.20532935857773	-0.85689502954483	0.00080803036689758	-0.0036297664046288
	0.054422371089458	-0.0943808183074	-0.11886792629957	-0.20512321591377	-0.85784566402435	0.00081785768270493	-0.0039181001484394
	0.074011571705341	-0.091994144022465	-0.12659569084644	-0.20477266609669	-0.85687893629074	0.00082359462976456	-0.0037287925370038
	0.11989407986403	-0.09166656434536	-0.13927817344666	-0.20451189577579	-0.85714685916901	0.00082919746637344	-0.0036748230922967
	0.16360326111317	-0.090023331344128	-0.14982078969479	-0.20421776175499	-0.85689610242844	0.00083591789007187	-0.0038124280981719
	0.17962282896042	-0.087644092738628	-0.15412691235542	-0.2038926333189	-0.85567158460617	0.00084222108125687	-0.0037947769742459
	0.18510657548904	-0.083280123770237	-0.1567215770483	-0.20433950424194	-0.85420572757721	0.00084489583969116	-0.003729771822691
	0.1874765753746	-0.080834500491619	-0.15811568498611	-0.20507910847664	-0.85246980190277	0.00084632635116577	-0.0036352314054966
	0.29915711283684	-0.083787992596626	-0.16892063617706	-0.20552045106888	-0.85409140586853	0.00084571540355682	-0.0036738631315529
	0.34007665514946	-0.083590790629387	-0.17326508462429	-0.20541378855705	-0.85318237543106	0.0008547231554985	-0.0036922756116837
	0.35481879115105	-0.082245111465454	-0.17509318888187	-0.20543691515923	-0.85181176662445	0.00085507333278656	-0.0036799076478928
	0.3601695895195	-0.0812773630023	-0.1757051050663	-0.20544628798962	-0.85032570362091	0.00085920095443726	-0.0036879382096231
	0.36177265644073	-0.081474259495735	-0.17579817771912	-0.20536027848721	-0.84899920225143	0.00085852295160294	-0.0037636565975845
	0.36145603656769	-0.081027656793594	-0.17539823055267	-0.20515319705009	-0.84830176830292	0.00085741281509399	-0.0036908809561282
	0.43063950538635	-0.079300977289677	-0.17436945438385	-0.20486260950565	-0.85113304853439	0.00086414813995361	-0.0024938995484263
	0.45590454339981	-0.079204022884369	-0.17391073703766	-0.20472812652588	-0.85248625278473	0.00086218863725662	0.51095390319824
	0.46513628959656	-0.078856013715267	-0.17360110580921	-0.2046092748642	-0.85317432880402	0.00086100399494171	0.86451691389084
	0.46846216917038	-0.078098252415657	-0.17335942387581	-0.20447428524494	-0.85373222827911	0.00086149573326111	0.73351174592972
	0.4697043299675	-0.077535450458527	-0.17328871786594	-0.20439098775387	-0.85418623685837	0.00086195021867752	0.65228378772736
	0.47021701931953	-0.077237322926521	-0.17330455780029	-0.20434878766537	-0.85445386171341	0.00086229294538498	0.64843028783798
	0.47044149041176	-0.0771149918437	-0.17331866919994	-0.20431636273861	-0.85463643074036	0.00086227804422379	0.64713180065155
	0.47054508328438	-0.077047675848007	-0.17333436012268	-0.2042932510376	-0.8547910451889	0.00086219608783722	0.6457651257515
	0.47059750556946	-0.076983861625195	-0.17335794866085	-0.20428010821342	-0.8549325466156	0.00086212158203125	0.64449179172516
	0.47062420845032	-0.076971888542175	-0.17336213588715	-0.20427069067955	-0.8550608754158	0.00086222589015961	0.64407908916473
	0.47064206004143	-0.076971977949142	-0.17336277663708	-0.20425733923912	-0.85518616437912	0.00086229294538498	0.64392161369324
	0.47065049409866	-0.076941981911659	-0.17337557673454	-0.20424945652485	-0.8553124666214	0.00086241215467453	0.64387822151184
	0.47065767645836	-0.076959371566772	-0.17336869239807	-0.20424038171768	-0.8554300069809	0.00086214393377304	0.64383572340012
	0.47065737843513	-0.076950021088123	-0.17337138950825	-0.20423184335232	-0.85555094480515	0.00086226314306259	0.64378881454468
	0.47065791487694	-0.076971091330051	-0.17336262762547	-0.20422096550465	-0.85566771030426	0.00086214393377304	0.64377194643021
	0.46713161468506	-0.1098759919405	-0.20611198246479	-0.20408137142658	-0.85564851760864	0.0021081119775772	0.64506232738495
	0.4554423391819	-0.15436191856861	-0.24904616177082	-0.20399355888367	-0.85344552993774	0.0038176998496056	0.59479987621307
	0.44330474734306	-0.1862571388483	-0.27905455231667	-0.20401073992252	-0.84934067726135	0.0054454207420349	0.68292558193207
	0.41842198371887	-0.22914972901344	-0.31752574443817	-0.20388163626194	-0.84365630149841	0.0078825354576111	0.70927298069
	0.39703693985939	-0.25915643572807	-0.34364283084869	-0.20376832783222	-0.83883845806122	0.0096152126789093	0.72930002212524
	0.37551802396774	-0.28401651978493	-0.36440253257751	-0.203727170825	-0.83551013469696	0.011076539754868	0.73945868015289
	0.33613759279251	-0.31894749403	-0.39125120639801	-0.20357537269592	-0.83119857311249	0.013122119009495	0.74371457099915
	0.32243254780769	-0.33100602030754	-0.40061277151108	-0.2029571980238	-0.82617390155792	0.013546817004681	0.69144433736801
	0.26196119189262	-0.36705410480499	-0.42213097214699	-0.20351977646351	-0.81769490242004	0.015596158802509	0.79009753465652
	0.20065842568874	-0.39463892579079	-0.43310928344727	-0.20393270254135	-0.80861496925354	0.017172671854496	0.8079000711441
	0.13813185691833	-0.41340979933739	-0.43280228972435	-0.20406077802181	-0.7989473938942	0.018189705908298	0.82277077436447
	0.075736902654171	-0.42273160815239	-0.4207903444767	-0.20431317389011	-0.78889888525009	0.018726214766502	0.83118039369583
	0.034239996224642	-0.42490965127945	-0.40779712796211	-0.20448966324329	-0.78134453296661	0.018908813595772	0.82588452100754
	0.019783208146691	-0.42567500472069	-0.40326681733131	-0.20440654456615	-0.77754282951355	0.019080720841885	0.74164259433746
	0.014760972931981	-0.42592832446098	-0.40168711543083	-0.20433916151524	-0.77604609727859	0.019130297005177	0.82509434223175
	-0.074106387794018	-0.39658212661743	-0.33202654123306	-0.20456580817699	-0.76358515024185	0.017898365855217	0.82061737775803
	-0.10547652095556	-0.38633641600609	-0.30773729085922	-0.20400232076645	-0.75661885738373	0.017316207289696	0.80176669359207
	-0.15715968608856	-0.34816953539848	-0.24272990226746	-0.20403307676315	-0.74799025058746	0.015475451946259	0.79663121700287
	-0.17526049911976	-0.33477947115898	-0.22006340324879	-0.20606391131878	-0.74399870634079	0.014580316841602	0.76420658826828
	-0.18137867748737	-0.33020004630089	-0.21216006577015	-0.20790030062199	-0.74175637960434	0.01459775865078	1.0813663005829
	-0.18352504074574	-0.32861229777336	-0.20940431952477	-0.20831216871738	-0.74054652452469	0.014751307666302	1.0554355382919
	-0.24482287466526	-0.20022901892662	-0.043685097247362	-0.21091151237488	-0.72868031263351	0.007998451590538	0.76022750139236
	-0.26907604932785	-0.13804839551449	0.032950535416603	-0.21248783171177	-0.72090947628021	0.0045473724603653	0.68963485956192
	-0.27859085798264	-0.083234682679176	0.094545111060143	-0.210822224617	-0.71127039194107	0.0026971399784088	0.64189714193344
	-0.28244522213936	-0.06574772298336	0.11602190881968	-0.20861192047596	-0.70623779296875	0.0015406236052513	0.55315721035004
	-0.28448462486267	-0.059629444032907	0.12340691685677	-0.20797239243984	-0.70493352413177	0.00099725276231766	0.62811702489853
	-0.28534552454948	-0.057018779218197	0.12587510049343	-0.20849262177944	-0.70505130290985	0.00099624693393707	0.62843728065491
	-0.28540599346161	-0.05650307238102	0.1266211271286	-0.20881643891335	-0.70499169826508	0.00099721550941467	0.62882953882217
	-0.28527963161469	-0.056781411170959	0.12702123820782	-0.20896941423416	-0.70496135950089	0.00099881738424301	0.62992298603058
	-0.28513166308403	-0.0568588078022	0.12725120782852	-0.20907242596149	-0.70508569478989	0.00099898129701614	0.63092148303986
	-0.28475770354271	-0.055873095989227	0.12708097696304	-0.20908862352371	-0.70498216152191	0.00099731236696243	0.62433642148972
	-0.28458705544472	-0.055769339203835	0.12715588510036	-0.20899307727814	-0.7047798037529	0.00099717080593109	0.54899728298187
	-0.28460475802422	-0.055969160050154	0.1271208524704	-0.20896062254906	-0.70466113090515	0.00099783390760422	0.60445493459702
	-0.28472071886063	-0.056194081902504	0.12718772888184	-0.20893068611622	-0.70461201667786	0.00099901854991913	0.60068607330322
	-0.28483545780182	-0.056388258934021	0.12728543579578	-0.20890671014786	-0.70464271306992	0.0009995698928833	0.5989060997963
	-0.28490769863129	-0.056511789560318	0.12733575701714	-0.20889355242252	-0.70470309257507	0.00099988281726837	0.59804981946945
	-0.28496512770653	-0.056573301553726	0.12737213075161	-0.20888586342335	-0.70477867126465	0.0010000541806221	0.59754836559296
	-0.25875389575958	-0.071332521736622	0.095437288284302	-0.20919914543629	-0.70586514472961	0.00098235160112381	0.57154363393784
	-0.23973086476326	-0.078436329960823	0.073565073311329	-0.20958855748177	-0.70633798837662	0.00096248835325241	0.035887319594622
	-0.23254145681858	-0.078917443752289	0.065163567662239	-0.21001933515072	-0.70612823963165	0.00094737112522125	-0.003206143155694
	-0.22043491899967	-0.082178220152855	0.052810207009315	-0.21025532484055	-0.70618438720703	0.00094082206487656	-0.0034532644785941
	-0.19688259065151	-0.087999746203423	0.030531665310264	-0.21011558175087	-0.70674985647202	0.00092302262783051	-0.0031703081913292
	-0.18801422417164	-0.08810018748045	0.022021954879165	-0.21012286841869	-0.70667713880539	0.00091224163770676	-0.0032432395964861
	-0.15474566817284	-0.093700729310513	-0.0051082894206047	-0.20977793633938	-0.70745229721069	0.00089076906442642	-0.0038121095858514
	-0.14243215322495	-0.091152742505074	-0.016178142279387	-0.21016077697277	-0.70695418119431	0.00087586045265198	-0.0033237480092794
	-0.094480194151402	-0.093586623668671	-0.04819231107831	-0.21012841165066	-0.70787388086319	0.00084889680147171	-0.0040608467534184
	-0.075932361185551	-0.091909028589725	-0.06021636724472	-0.2102082669735	-0.70615500211716	0.00083673745393753	-0.003264196915552
	-0.069271638989449	-0.09148271381855	-0.064340963959694	-0.21015229821205	-0.70419985055923	0.00083623826503754	-0.0033878549002111
	-0.067441686987877	-0.090932682156563	-0.066052205860615	-0.21032407879829	-0.70261943340302	0.00083359330892563	-0.0036467364989221
	-0.066328644752502	-0.090100452303886	-0.06705480068922	-0.21057879924774	-0.70037931203842	0.00083284825086594	-0.0035937719512731
	-0.065632671117783	-0.089962534606457	-0.067442908883095	-0.21076294779778	-0.69783508777618	0.00083091109991074	-0.0036165784113109
	-0.065772965550423	-0.089006476104259	-0.06785249710083	-0.21118457615376	-0.69552552700043	0.00083125382661819	-0.0037437584251165
	0.082444526255131	-0.092961378395557	-0.12082352489233	-0.21119555830956	-0.70001637935638	0.0008261427283287	-0.0037629946600646
	0.1502543091774	-0.091029144823551	-0.14342971146107	-0.21105247735977	-0.70045220851898	0.00083199143409729	-0.0050954855978489
	0.20230579376221	-0.08942049741745	-0.15619634091854	-0.21089488267899	-0.69978940486908	0.00083929300308228	-0.0039859288372099
	0.22106847167015	-0.088234782218933	-0.16071638464928	-0.21080130338669	-0.69845622777939	0.00084218382835388	-0.0036164119374007
	0.22746758162975	-0.086704529821873	-0.16266912221909	-0.21107597649097	-0.69699245691299	0.00084610283374786	-0.0038127235602587
	0.23003534972668	-0.085619792342186	-0.1635018736124	-0.21153655648232	-0.69526088237762	0.00084793567657471	-0.0036477514076978
	0.34267428517342	-0.082705996930599	-0.17212820053101	-0.21167306602001	-0.69733226299286	0.0008598268032074	-0.0028602757956833
	0.38446912169456	-0.083303190767765	-0.175014346838	-0.21213616430759	-0.69577097892761	0.00085575133562088	-0.0040306411683559
	0.39974439144135	-0.084040679037571	-0.1754175722599	-0.21234568953514	-0.69345849752426	0.0008559450507164	0.44368553161621
	0.40397554636002	-0.082833021879196	-0.17533369362354	-0.2124048024416	-0.69195336103439	0.00085549056529999	0.75266325473785
	0.44629484415054	-0.080271020531654	-0.17408110201359	-0.21205265820026	-0.69316256046295	0.00086274743080139	0.76589858531952
	0.46137508749962	-0.078803092241287	-0.17347423732281	-0.21174357831478	-0.69395929574966	0.00086301565170288	0.65430384874344
	0.46696478128433	-0.077960558235645	-0.17331835627556	-0.21158047020435	-0.69441586732864	0.00086262822151184	0.64857238531113
	0.46918797492981	-0.077527470886707	-0.17328196763992	-0.21148711442947	-0.69462931156158	0.00086188316345215	0.64655846357346
	0.47014260292053	-0.077351935207844	-0.17327988147736	-0.21141810715199	-0.69470185041428	0.00086165219545364	0.64576208591461
	0.47059136629105	-0.077303826808929	-0.17327491939068	-0.21137693524361	-0.69469755887985	0.00086133182048798	0.64539760351181
	0.47083547711372	-0.077326707541943	-0.17324814200401	-0.21133376657963	-0.69463896751404	0.00086093693971634	0.64515221118927
	0.4709714949131	-0.077364802360535	-0.17323203384876	-0.21128506958485	-0.69454956054688	0.00086093693971634	0.64510118961334
	0.47104415297508	-0.077378116548061	-0.17322950065136	-0.21123711764812	-0.69444531202316	0.00086098164319992	0.64499366283417
	0.47107914090157	-0.077392108738422	-0.1732165813446	-0.21119427680969	-0.69432955980301	0.00086090713739395	0.64491802453995
	0.47110545635223	-0.077409185469151	-0.1732123196125	-0.21114717423916	-0.69420564174652	0.00086090713739395	0.64481180906296
	0.47112077474594	-0.077410399913788	-0.17321291565895	-0.21110263466835	-0.69407677650452	0.00086095184087753	0.64484661817551
	0.47112801671028	-0.07741217315197	-0.1732082515955	-0.21105867624283	-0.69394516944885	0.00086098164319992	0.6448472738266
	0.47083240747452	-0.093221686780453	-0.18891939520836	-0.21074655652046	-0.69387531280518	0.00086311995983124	0.58439320325851
	0.47075361013412	-0.097759641706944	-0.19519428908825	-0.21043674647808	-0.69350171089172	0.00086537748575211	0.65323078632355
	0.46851485967636	-0.15026615560055	-0.24468901753426	-0.21054834127426	-0.69134271144867	0.0036290735006332	0.67040836811066
	0.46740606427193	-0.16845135390759	-0.26194673776627	-0.21058568358421	-0.68909138441086	0.0045789703726768	0.68544161319733
	0.46701282262802	-0.17476217448711	-0.26796415448189	-0.21054029464722	-0.68801832199097	0.0048775672912598	0.69136035442352
	0.46218007802963	-0.22531187534332	-0.31272980570793	-0.21056684851646	-0.68742501735687	0.0077440515160561	0.69242054224014
	0.45374837517738	-0.28567066788673	-0.36449018120766	-0.21049633622169	-0.68284451961517	0.01115620881319	0.72065222263336
	0.45048105716705	-0.30676326155663	-0.38253784179688	-0.2104724496603	-0.67809063196182	0.012356296181679	0.74711406230927
	0.44363790750504	-0.33810964226723	-0.40851604938507	-0.21048192679882	-0.67359757423401	0.014108955860138	0.77024030685425
	0.43481719493866	-0.36860832571983	-0.43327730894089	-0.21045038104057	-0.66907411813736	0.015823304653168	0.79020166397095
	0.42476633191109	-0.39378067851067	-0.45333442091942	-0.21044646203518	-0.66435235738754	0.017262108623981	0.80802690982819
	0.41750571131706	-0.40772986412048	-0.46436405181885	-0.21037955582142	-0.66124522686005	0.018001183867455	0.73369443416595
	0.40769869089127	-0.41856148838997	-0.47283574938774	-0.21037685871124	-0.65721786022186	0.018686830997467	0.82912093400955
	0.40416985750198	-0.42236679792404	-0.47578972578049	-0.21048679947853	-0.65328526496887	0.019047573208809	0.83028590679169
	0.3915955722332	-0.42140012979507	-0.47502174973488	-0.21033871173859	-0.64909470081329	0.01888058334589	0.82678353786469
	0.38721436262131	-0.42106300592422	-0.47475412487984	-0.21025207638741	-0.64554613828659	0.018935203552246	0.82003438472748
	0.37473157048225	-0.4054981470108	-0.46248066425323	-0.21039463579655	-0.64261960983276	0.018109366297722	0.81518810987473
	0.36374658346176	-0.38295835256577	-0.44455137848854	-0.21057330071926	-0.63931810855865	0.016876198351383	0.80822694301605
	0.35996440052986	-0.37519046664238	-0.43829983472824	-0.21053841710091	-0.63477152585983	0.016817227005959	0.78954309225082
	0.35851323604584	-0.3724724650383	-0.43612003326416	-0.21002665162086	-0.63043850660324	0.016790337860584	0.70511990785599
	0.34225443005562	-0.29440274834633	-0.37103423476219	-0.20957989990711	-0.62373065948486	0.012432396411896	0.76468741893768
	0.33630755543709	-0.26707661151886	-0.34834027290344	-0.20942643284798	-0.61887174844742	0.010516636073589	0.73117274045944
	0.33427152037621	-0.25756108760834	-0.34042742848396	-0.20945152640343	-0.61662274599075	0.0099291428923607	0.71966254711151
	0.3271556198597	-0.1719124764204	-0.26383632421494	-0.20953929424286	-0.61548787355423	0.0051072910428047	0.7165624499321
	0.32505622506142	-0.14203348755836	-0.23713065683842	-0.20978857576847	-0.61137449741364	0.0040633752942085	0.69968038797379
	0.32396084070206	-0.098141252994537	-0.19530455768108	-0.20995405316353	-0.6048675775528	0.0019210427999496	0.59814035892487
	0.32328236103058	-0.083251819014549	-0.18067313730717	-0.20981214940548	-0.60125547647476	0.00086382031440735	0.62688404321671
	0.32338866591454	-0.078542992472649	-0.1754696816206	-0.20975008606911	-0.60044062137604	0.00086239725351334	0.6117245554924
	0.32323864102364	-0.07711236178875	-0.17369821667671	-0.20973168313503	-0.6000337600708	0.00086265057325363	0.60569524765015
	0.32313531637192	-0.076740600168705	-0.17308877408504	-0.20972007513046	-0.59974813461304	0.00086261332035065	0.60225886106491
	0.32309728860855	-0.076679274439812	-0.1728780567646	-0.20969991385937	-0.59948801994324	0.00086244940757751	0.60059577226639
	0.32306912541389	-0.076651014387608	-0.17280153930187	-0.20967973768711	-0.59922897815704	0.00086241215467453	0.59968018531799
	0.3230986893177	-0.076815113425255	-0.17268626391888	-0.20969595015049	-0.59901922941208	0.00086154788732529	0.59918612241745
	0.32318037748337	-0.076852768659592	-0.17266030609608	-0.20968797802925	-0.59886401891708	0.00086149573326111	0.59896385669708
	0.32312294840813	-0.076806969940662	-0.1726725846529	-0.20965434610844	-0.5985940694809	0.00086180120706558	0.53887194395065
	0.32308921217918	-0.076807662844658	-0.1726955473423	-0.20962978899479	-0.59832864999771	0.00086193531751633	0.59874856472015
	0.323062479496	-0.076801255345345	-0.17270088195801	-0.20960704982281	-0.59807425737381	0.00086195021867752	0.59770107269287
	0.32304906845093	-0.076786622405052	-0.17271046340466	-0.20958638191223	-0.59782886505127	0.00086198002099991	0.59703636169434
	0.32303822040558	-0.076774820685387	-0.17271603643894	-0.2095694988966	-0.59758597612381	0.00086202472448349	0.59682655334473
	0.35119342803955	-0.077417694032192	-0.17467293143272	-0.20985600352287	-0.59838902950287	0.00086338073015213	0.004093409050256
	0.36199674010277	-0.079662963747978	-0.17569427192211	-0.21018981933594	-0.59889006614685	0.00086235255002975	-0.0052757216617465
	0.40879762172699	-0.081186212599277	-0.17585617303848	-0.21035066246986	-0.60021436214447	0.00086214393377304	-0.0040515260770917
	0.44068130850792	-0.082978457212448	-0.17546202242374	-0.21056225895882	-0.59884494543076	0.00085808336734772	-0.0035102348774672
	0.45171070098877	-0.084341868758202	-0.17505259811878	-0.21057413518429	-0.59828490018845	0.0008561983704567	-0.0041419044137001
	0.45572230219841	-0.084538966417313	-0.17499478161335	-0.21076475083828	-0.59732979536057	0.00085721909999847	-0.0037302058190107
	0.45699006319046	-0.084242627024651	-0.17512995004654	-0.21109217405319	-0.5964213013649	0.00085841864347458	-0.003577820956707
	0.45726376771927	-0.084269732236862	-0.17513418197632	-0.21133208274841	-0.59571838378906	0.00085848569869995	-0.0035625353921205
	0.45720446109772	-0.084456644952297	-0.1750532835722	-0.21144959330559	-0.59524470567703	0.00085829198360443	-0.0035411999560893
	0.45708042383194	-0.084621600806713	-0.17500706017017	-0.21148715913296	-0.59493434429169	0.00085821002721786	-0.0035248789936304
	0.45699024200439	-0.084710828959942	-0.17494352161884	-0.21149489283562	-0.59470403194427	0.00085819512605667	-0.0035216130781919
	0.45693552494049	-0.084747798740864	-0.17491556704044	-0.21149043738842	-0.59450840950012	0.00085821747779846	-0.0035172153729945
	0.45690286159515	-0.084751538932323	-0.17490853369236	-0.21148525178432	-0.59432828426361	0.00085826218128204	-0.0035178933758289
	0.45688337087631	-0.084745988249779	-0.17490923404694	-0.21148125827312	-0.59415638446808	0.00085830688476562	-0.0035169869661331
	0.45686993002892	-0.08473963290453	-0.17491084337234	-0.21147722005844	-0.59399139881134	0.00085831433534622	-0.0035166963934898
	0.45686462521553	-0.084744863212109	-0.17490935325623	-0.2114704400301	-0.59382969141006	0.00085832178592682	-0.0035171681083739
	0.45686513185501	-0.084755815565586	-0.17490503191948	-0.21146035194397	-0.59366738796234	0.00085826963186264	-0.0035162002313882
	0.45686882734299	-0.084764800965786	-0.17490176856518	-0.21144914627075	-0.59350270032883	0.00085822492837906	-0.0035173010546714
	0.45687299966812	-0.084769979119301	-0.17490023374557	-0.21143835783005	-0.59333437681198	0.00085824728012085	-0.0035168253816664
	0.4568746984005	-0.084771879017353	-0.17489935457706	-0.21142747998238	-0.5931653380394	0.00085822492837906	-0.0035176030360162
	0.45687806606293	-0.084802031517029	-0.17488358914852	-0.21141277253628	-0.59299695491791	0.0008581131696701	-0.0035218000411987
	0.4568717777729	-0.084797747433186	-0.17488195002079	-0.21140143275261	-0.59283471107483	0.00085817277431488	-0.0035172807984054
	0.45686331391335	-0.084785975515842	-0.17488527297974	-0.2113921046257	-0.59267908334732	0.00085819512605667	-0.0035170670598745
	0.45685586333275	-0.084780588746071	-0.17488668859005	-0.21138252317905	-0.59252774715424	0.00085819512605667	-0.0035166137386113
	0.45685291290283	-0.084778942167759	-0.17488710582256	-0.21137182414532	-0.59237879514694	0.00085826218128204	-0.0035177632234991
	0.4568510055542	-0.084779150784016	-0.17488721013069	-0.21136137843132	-0.59222954511642	0.00085821747779846	-0.0035170945338905
