0.19624505937099	-1.0066267251968	0.0037912577390671	0.40189629793167
0.19519232213497	-1.007334113121	0.0039447546005249	0.6854230761528
0.19457045197487	-1.0075876712799	0.0039141252636909	0.68396842479706
0.19439759850502	-1.0076416730881	0.0038809776306152	0.68376904726028
0.19436962902546	-1.0076093673706	0.003851518034935	0.68377149105072
0.19436055421829	-1.0075786113739	0.003830224275589	0.68373388051987
0.19433934986591	-1.0075657367706	0.0038175880908966	0.6836906671524
0.19430831074715	-1.0075651407242	0.0038107857108116	0.68366020917892
0.19427308440208	-1.0075773000717	0.003804124891758	0.61469453573227
0.19631227850914	-0.97864544391632	0.0022396147251129	1.0129797458649
0.19647817313671	-0.98967379331589	0.0014376789331436	0.78210234642029
0.19588513672352	-1.0020208358765	0.00096681714057922	0.71840131282806
0.19519557058811	-1.0072996616364	0.0017954409122467	0.67885357141495
0.19458602368832	-1.0068917274475	0.0029399916529655	0.68284600973129
0.19415451586246	-1.0043007135391	0.0041261166334152	0.69673764705658
0.19406536221504	-1.0016293525696	0.0055523663759232	0.70478665828705
0.19372417032719	-0.99773621559143	0.0076795220375061	0.64528745412827
0.1934656649828	-0.9938645362854	0.0093447044491768	0.72840303182602
0.19342803955078	-0.99198514223099	0.0099547356367111	0.73604792356491
0.19351038336754	-0.99159240722656	0.010118924081326	0.74050796031952
0.19312711060047	-0.98772877454758	0.011707447469234	0.75042527914047
0.19274346530437	-0.98291093111038	0.013021223247051	0.76163280010223
0.19241189956665	-0.97837978601456	0.01411809027195	0.77424848079681
0.19218803942204	-0.9745084643364	0.015004232525826	0.7073723077774
0.1921298801899	-0.97237694263458	0.015462644398212	0.79155844449997
0.19190041720867	-0.96711754798889	0.016450434923172	0.80320930480957
0.19149871170521	-0.96123158931732	0.017270430922508	0.8115166425705
0.19129644334316	-0.95779311656952	0.017482444643974	0.82038795948029
0.19115372002125	-0.95262342691422	0.018143907189369	0.82506263256073
0.19074758887291	-0.94863766431808	0.018395259976387	0.74734503030777
0.19062225520611	-0.94430834054947	0.01861959695816	0.83065617084503
0.19049216806889	-0.93997031450272	0.018742069602013	0.82979905605316
0.19031603634357	-0.93550008535385	0.018834844231606	0.82806003093719
0.19004054367542	-0.93037992715836	0.018674492835999	0.82477378845215
0.18978525698185	-0.92492038011551	0.018451690673828	0.82000696659088
0.18944895267487	-0.91699731349945	0.017804652452469	0.7303860783577
0.18927033245564	-0.91268223524094	0.017592251300812	0.80490428209305
0.18903005123138	-0.90814632177353	0.017102383077145	0.79806995391846
0.18869680166245	-0.90111774206161	0.015947870910168	0.78668463230133
0.1883435100317	-0.89681667089462	0.015607550740242	0.77755635976791
0.18811871111393	-0.89072090387344	0.01410249620676	0.76829504966736
0.1881558150053	-0.88748723268509	0.013533756136894	0.68200826644897
0.18778617680073	-0.88207823038101	0.011944837868214	0.74722045660019
0.18759462237358	-0.87732440233231	0.010407865047455	0.73304122686386
0.18770980834961	-0.87453204393387	0.0098685845732689	0.72263437509537
0.1876568198204	-0.87015396356583	0.0079299733042717	0.71061909198761
0.18763586878777	-0.86595749855042	0.0061982795596123	0.69194060564041
0.18740820884705	-0.86187309026718	0.0047132223844528	0.66976201534271
0.18711897730827	-0.85949110984802	0.0041877925395966	0.65475076436996
0.18704617023468	-0.85748773813248	0.0033573806285858	0.58003669977188
0.18712115287781	-0.8548789024353	0.0016898214817047	0.62570095062256
0.18722459673882	-0.85317695140839	0.0010808557271957	0.60607922077179
0.18744000792503	-0.85328847169876	0.0010772049427032	0.59965348243713
0.1877603828907	-0.85363841056824	0.0010687038302422	0.31229931116104
0.1879643201828	-0.85455906391144	0.0010503157973289	0.012025524862111
0.18812653422356	-0.85494524240494	0.00102748721838	-0.0033589608501643
0.18835191428661	-0.85473453998566	0.0010172575712204	-0.0031581739895046
0.18834863603115	-0.85513877868652	0.0009993389248848	-0.0035623337607831
0.1884653866291	-0.85464864969254	0.00098902732133865	-0.0032787427771837
0.18855500221252	-0.85469150543213	0.00097713619470596	-0.0032673426903784
0.18862020969391	-0.85526144504547	0.00095841288566589	-0.0037024386692792
0.18878456950188	-0.85511267185211	0.00094836205244064	-0.0032543088309467
0.18880735337734	-0.85551381111145	0.00093324482440948	-0.0036103606689721
0.18889829516411	-0.85566961765289	0.00091636180877686	-0.0035588804166764
0.18911860883236	-0.85538393259048	0.0009118989109993	-0.0035589516628534
0.18905821442604	-0.85568386316299	0.000900499522686	-0.0037499410100281
0.18909420073032	-0.85577893257141	0.00088749080896378	-0.0036142114549875
0.18932694196701	-0.8553141951561	0.00088252127170563	-0.0035796407610178
0.18951527774334	-0.85516011714935	0.000875324010849	-0.0037397923879325
0.18967862427235	-0.85503792762756	0.00087005645036697	-0.0037334989756346
0.18980394303799	-0.85533452033997	0.00086495280265808	-0.0037974591832608
0.18999688327312	-0.85489422082901	0.00085905939340591	-0.003674101550132
0.18994000554085	-0.85497170686722	0.00086288899183273	-0.0037841037847102
0.18993736803532	-0.85428649187088	0.00085565447807312	-0.0037413642276078
0.18989124894142	-0.85400533676147	0.00085167586803436	-0.0037370468489826
0.18989679217339	-0.85375219583511	0.00086437910795212	-0.0037249266169965
0.1899566501379	-0.85387814044952	0.00086980313062668	-0.0036738165654242
0.18995606899261	-0.853335916996	0.0008590966463089	-0.0037187319248915
0.18997587263584	-0.85328924655914	0.00086914747953415	-0.0037063367199153
0.19000500440598	-0.85265511274338	0.00086800754070282	-0.003747598733753
0.19010500609875	-0.85226500034332	0.00083216279745102	-0.0034953970462084
0.19025808572769	-0.85218298435211	0.00086713582277298	-0.0036848403979093
0.19035413861275	-0.85195672512054	0.0008709728717804	-0.0037218264769763
0.19038614630699	-0.85172832012177	0.00083869695663452	-0.0034326605964452
0.19042140245438	-0.85103446245193	0.00084182620048523	-0.0037587401457131
0.19066379964352	-0.85092258453369	0.00084367394447327	-0.0033995448611677
0.19079430401325	-0.85010367631912	0.00082620233297348	-0.0036841884721071
0.1909211575985	-0.84949612617493	0.00082612037658691	-0.0034867643844336
0.19106128811836	-0.84888768196106	0.00082580745220184	-0.0035151832271367
0.19114348292351	-0.84826517105103	0.00085830688476562	0.08881701529026
0.19131368398666	-0.84838527441025	0.00086408108472824	0.64525061845779
0.19131745398045	-0.84861409664154	0.00087196379899979	0.78547811508179
0.19119514524937	-0.84890413284302	0.00087278336286545	0.66580981016159
0.19111259281635	-0.84912896156311	0.00087275356054306	0.64944738149643
0.19106170535088	-0.8492619395256	0.00087238848209381	0.64825081825256
0.19102638959885	-0.84931820631027	0.00084089487791061	0.64742481708527
0.1909938454628	-0.84933924674988	0.00082336366176605	0.64713102579117
0.19098208844662	-0.84935545921326	0.0008329451084137	0.64693945646286
0.19099067151546	-0.84940415620804	0.00084387511014938	0.64666068553925
0.19096557796001	-0.84936982393265	0.00082305073738098	0.64650231599808
0.19096870720387	-0.84935230016708	0.00084391236305237	0.64686971902847
0.19098941981792	-0.84934204816818	0.0008232519030571	0.64678257703781
0.19096164405346	-0.84931802749634	0.00084474682807922	0.64691126346588
0.19097100198269	-0.8493105173111	0.00083291530609131	0.64697277545929
0.19097645580769	-0.84929466247559	0.00083287805318832	0.64702218770981
0.19100639224052	-0.84930545091629	0.0008668377995491	0.64655178785324
0.1906598508358	-0.84912407398224	0.00086540728807449	0.65164351463318
0.19020274281502	-0.84712886810303	0.0018409937620163	0.59924983978271
0.18984395265579	-0.84418004751205	0.0037530511617661	0.68184840679169
0.18969386816025	-0.84206646680832	0.0043075531721115	0.6954248547554
0.1895164847374	-0.83926904201508	0.0055491104722023	0.70832079648972
0.18936528265476	-0.83682411909103	0.0069677904248238	0.71747678518295
0.18921682238579	-0.83432793617249	0.0073439627885818	0.72630172967911
0.18896114826202	-0.82776969671249	0.010822981595993	0.74002683162689
0.18872959911823	-0.8224710226059	0.012725055217743	0.75344091653824
0.18843397498131	-0.81738793849945	0.014118008315563	0.76578903198242
0.18828628957272	-0.81271237134933	0.015002511441708	0.70494920015335
0.1881138086319	-0.80774641036987	0.015956073999405	0.7948522567749
0.18794034421444	-0.80457437038422	0.016366697847843	0.8024297952652
0.18785929679871	-0.80131381750107	0.016837030649185	0.80819350481033
0.18760865926743	-0.79669177532196	0.01741997897625	0.82050406932831
0.18764607608318	-0.78801846504211	0.018212348222733	0.82914626598358
0.18710209429264	-0.78032028675079	0.018612399697304	0.74787354469299
0.18680523335934	-0.77430540323257	0.018785700201988	0.82859814167023
0.18675638735294	-0.76911526918411	0.018699154257774	0.82572096586227
0.18684861063957	-0.76613169908524	0.018592432141304	0.8229261636734
0.18679028749466	-0.76140207052231	0.018469914793968	0.81739777326584
0.1868244856596	-0.75485670566559	0.017771527171135	0.81150138378143
0.18641044199467	-0.7505110502243	0.01766462624073	0.72362983226776
0.18645116686821	-0.74619299173355	0.017113953828812	0.79756128787994
0.18657374382019	-0.74188113212585	0.016491152346134	0.79154467582703
0.18641050159931	-0.73487955331802	0.015162087976933	0.78011834621429
0.18630184233189	-0.72860062122345	0.013954773545265	0.7651994228363
0.1863147765398	-0.72547715902328	0.013507336378098	0.75626993179321
0.18638084828854	-0.7197545170784	0.011049374938011	0.67609226703644
0.18619598448277	-0.71420139074326	0.010353200137615	0.73278826475143
0.18608266115189	-0.70942115783691	0.0089371651411057	0.71109580993652
0.18607796728611	-0.70436429977417	0.0067699998617172	0.69193971157074
0.18594264984131	-0.69986671209335	0.0048834830522537	0.66879224777222
0.18599088490009	-0.69758492708206	0.0041693225502968	0.65470743179321
0.18587696552277	-0.69482183456421	0.0034918189048767	0.57353973388672
0.1861958950758	-0.69229257106781	0.0016459375619888	0.61662685871124
0.18648137152195	-0.69125628471375	0.0010799691081047	0.60261237621307
0.18652644753456	-0.6911638379097	0.0010817795991898	0.59991854429245
0.18657332658768	-0.69116568565369	0.0010831728577614	0.59858739376068
0.18660950660706	-0.6912060379982	0.0010837912559509	0.59786874055862
0.18663118779659	-0.6912636756897	0.0010842010378838	0.59748786687851
0.18664501607418	-0.69133025407791	0.0010843947529793	0.5972620844841
0.18668514490128	-0.69137358665466	0.0010857284069061	0.59709489345551
0.18674397468567	-0.6913822889328	0.0010847225785255	0.59695440530777
0.18682731688023	-0.69135934114456	0.001085065305233	0.59673631191254
0.18689933419228	-0.6913486123085	0.001085177063942	0.59657251834869
0.18696454167366	-0.69134175777435	0.0010853260755539	0.59653979539871
0.18702495098114	-0.69133472442627	0.0010867267847061	0.59644174575806
0.18707598745823	-0.69132202863693	0.0010865032672882	0.59644615650177
0.18723817169666	-0.69211465120316	0.0010703280568123	0.5936741232872
0.18802578747272	-0.69217890501022	0.0010673776268959	0.47655883431435
0.18851572275162	-0.69247406721115	0.0010549873113632	0.31078037619591
0.18896093964577	-0.69270807504654	0.0010410770773888	-0.0035597733221948
0.18927179276943	-0.69289362430573	0.0010251924395561	-0.0031580980867147
0.18969517946243	-0.69262897968292	0.0010174140334129	-0.0032217216212302
0.19003136456013	-0.69228798151016	0.0010152980685234	-0.0035120688844472
0.18977981805801	-0.69375872612	0.00098592042922974	-0.0036177404690534
0.18986475467682	-0.69363653659821	0.00096628069877625	-0.0033146857749671
0.19002418220043	-0.69306319952011	0.00095968693494797	-0.0032675340771675
0.19002783298492	-0.69443649053574	0.00093261897563934	-0.0036236084997654
0.19016894698143	-0.69424414634705	0.00090998411178589	-0.0040125055238605
0.19029839336872	-0.69382709264755	0.00089562684297562	-0.003437828971073
0.1903730481863	-0.69355201721191	0.00088626891374588	-0.0035792377311736
0.19026419520378	-0.69364994764328	0.0008736252784729	-0.0035966173745692
0.19027258455753	-0.69366073608398	0.00086879730224609	-0.0039284965023398
0.19036526978016	-0.69313931465149	0.00085975229740143	-0.0036741674412042
0.19031755626202	-0.69324070215225	0.00086322426795959	-0.003747520968318
0.1903084218502	-0.6930125951767	0.00085023045539856	-0.0037541179917753
0.19040785729885	-0.69230496883392	0.00085918605327606	-0.003727313131094
0.19053258001804	-0.69339942932129	0.00087372213602066	-0.0036298572085798
0.19054891169071	-0.69284683465958	0.00086945295333862	-0.003857685951516
0.19048762321472	-0.69199126958847	0.00084800273180008	-0.0037572812289
0.19041638076305	-0.69119477272034	0.00083909928798676	-0.0037328258622438
0.19040882587433	-0.69044411182404	0.00083421170711517	-0.0035974576603621
0.19050320982933	-0.69065487384796	0.00086741149425507	-0.0036257193423808
0.19057439267635	-0.69040274620056	0.00087121874094009	-0.0036100118886679
0.19062189757824	-0.69003492593765	0.00082940608263016	-0.0035938962828368
0.19067858159542	-0.68956446647644	0.00082826614379883	-0.0035076222848147
0.19069238007069	-0.68900662660599	0.00083299726247787	-0.0037834495306015
0.19093263149261	-0.68850725889206	0.00086364150047302	-0.0036226275842637
0.19123890995979	-0.68753921985626	0.00082654505968094	-0.0032370146363974
0.19154515862465	-0.68683421611786	0.0008266344666481	-0.0036638162564486
0.19180904328823	-0.68658095598221	0.00086966902017593	-0.0036639422178268
0.19183732569218	-0.68646103143692	0.00087355822324753	0.30207094550133
0.19178941845894	-0.68652087450027	0.00087309628725052	0.57386314868927
0.19167345762253	-0.6866934299469	0.00087177753448486	0.76644188165665
0.19151064753532	-0.68686854839325	0.00087243318557739	0.6794718503952
0.19136963784695	-0.68700355291367	0.00087179988622665	0.64884847402573
0.19123364984989	-0.68707811832428	0.00082340091466904	0.64813506603241
0.19115196168423	-0.68711304664612	0.00083757936954498	0.64739340543747
0.19108551740646	-0.68713253736496	0.00084059685468674	0.64709317684174
0.19103829562664	-0.68713670969009	0.00084308534860611	0.64703977108002
0.19101716578007	-0.68713080883026	0.00084827095270157	0.64671385288239
0.19106633961201	-0.68711841106415	0.00082297623157501	0.64696550369263
0.19113393127918	-0.68709647655487	0.0008469894528389	0.6469202041626
0.19118973612785	-0.68708282709122	0.00083283334970474	0.64689844846725
0.19123269617558	-0.68705815076828	0.00083281099796295	0.64686995744705
0.19129164516926	-0.68704384565353	0.00083273649215698	0.64685928821564
0.1913348287344	-0.687027156353	0.00082297623157501	0.64685046672821
0.19138830900192	-0.68700933456421	0.00083275884389877	0.64685982465744
0.190957903862	-0.68713647127151	0.00082152336835861	0.64532774686813
0.19032344222069	-0.68510645627975	0.0026355609297752	0.70576477050781
0.1902612298727	-0.68324369192123	0.0032925307750702	0.67225164175034
0.19040280580521	-0.68255591392517	0.003490187227726	0.68003070354462
0.19012646377087	-0.68130475282669	0.0037427768111229	0.68291300535202
0.18954920768738	-0.67500621080399	0.0078087076544762	0.7488272190094
0.18962942063808	-0.67003482580185	0.0093016177415848	0.78203403949738
0.1894076615572	-0.66543662548065	0.011532410979271	0.74202698469162
0.18897233903408	-0.66062843799591	0.013359889388084	0.7643655538559
0.18907442688942	-0.65798956155777	0.014113329350948	0.7708033323288
0.18918211758137	-0.65692758560181	0.014441192150116	0.781190097332
0.18816909193993	-0.64939123392105	0.016273252665997	0.92535817623138
0.18770895898342	-0.64371103048325	0.016946971416473	0.80331981182098
0.18775351345539	-0.6414680480957	0.017129823565483	0.81541663408279
0.18773236870766	-0.6336310505867	0.01794171333313	0.74676579236984
0.18785117566586	-0.62792700529099	0.018280521035194	0.82622462511063
0.18672102689743	-0.61890196800232	0.018597915768623	0.82313108444214
0.18589369952679	-0.61271959543228	0.018581107258797	0.81651532649994
0.1854691952467	-0.60657942295074	0.01801361143589	0.81161987781525
0.1852158755064	-0.60108810663223	0.017267823219299	0.80390053987503
0.18540589511395	-0.59658789634705	0.016370162367821	0.79405528306961
0.18537230789661	-0.59396058320999	0.016189135611057	0.70983523130417
0.18491944670677	-0.58891117572784	0.015056259930134	0.77843415737152
0.18469695746899	-0.58468544483185	0.013851054012775	0.76910036802292
0.18439154326916	-0.58031743764877	0.012784324586391	0.75762832164764
0.18425366282463	-0.57612437009811	0.011544607579708	0.74501729011536
0.18411022424698	-0.57198256254196	0.010268338024616	0.73173379898071
0.18425519764423	-0.56862276792526	0.0087703689932823	0.71543061733246
0.18432933092117	-0.5665403008461	0.0083742365241051	0.70430767536163
0.18404185771942	-0.56359547376633	0.0073852837085724	0.62101590633392
0.18382200598717	-0.55970597267151	0.0050757452845573	0.67269694805145
0.1837046444416	-0.55585885047913	0.0034466758370399	0.65359252691269
0.18391451239586	-0.55380100011826	0.0029029548168182	0.63859903812408
0.1841875910759	-0.55238521099091	0.0012953132390976	0.6274186372757
0.18437297642231	-0.55134600400925	0.00091465562582016	0.61660426855087
0.18450562655926	-0.55079436302185	0.00091531127691269	0.54780912399292
0.18456393480301	-0.55042326450348	0.00091643631458282	0.60340440273285
0.18459774553776	-0.5502011179924	0.00091762095689774	0.60006088018417
0.18462318181992	-0.55005675554276	0.00091777741909027	0.59830343723297
0.18463765084743	-0.54995542764664	0.00091780722141266	0.59735912084579
0.18466168642044	-0.54986894130707	0.00091750919818878	0.59813356399536
0.18468728661537	-0.54978030920029	0.00091756880283356	0.59954017400742
0.18471056222916	-0.54969924688339	0.00091792643070221	0.59960830211639
0.18470004200935	-0.54962313175201	0.00091803818941116	0.59950762987137
0.18464031815529	-0.54952621459961	0.0009177178144455	0.59858083724976
0.18462927639484	-0.54945760965347	0.00091848522424698	0.59841650724411
0.18463875353336	-0.54942071437836	0.00091793388128281	0.59884822368622
0.18464639782906	-0.54938280582428	0.00091813504695892	0.5988632440567
0.18463565409184	-0.54934990406036	0.00091755390167236	0.59895980358124
0.184620693326	-0.54928356409073	0.00091741979122162	0.59880179166794
0.18459804356098	-0.54921364784241	0.00091782212257385	0.59878993034363
0.18457973003387	-0.54914259910583	0.0009177029132843	0.59892803430557
0.18457001447678	-0.54906332492828	0.00091753900051117	0.59897297620773
0.1846216917038	-0.54878860712051	0.0009157806634903	0.53508865833282
0.18502268195152	-0.54826688766479	0.00091340392827988	0.5865706205368
0.18529881536961	-0.54773318767548	0.00091405212879181	0.58069783449173
0.18650986254215	-0.54667443037033	0.00091764330863953	-0.004539692774415
0.18646910786629	-0.54860252141953	0.00088845193386078	-0.003188795177266
0.18637987971306	-0.54870080947876	0.00086233019828796	-0.0035419340711087
0.18617327511311	-0.54823714494705	0.00085394829511642	-0.0032416838221252
0.18624015152454	-0.54841476678848	0.00084879994392395	-0.0040529305115342
0.18630641698837	-0.54756051301956	0.0008518323302269	-0.0036033652722836
0.18642638623714	-0.54742807149887	0.00083910673856735	-0.0037085835356265
0.18660019338131	-0.54723137617111	0.00086664408445358	-0.0037299334071577
0.18662893772125	-0.54674899578094	0.00083266198635101	-0.0036848473828286
0.18675836920738	-0.54661470651627	0.00086156278848648	-0.0037945993244648
0.18676960468292	-0.54576057195663	0.00082865357398987	-0.0038003686349839
0.18683561682701	-0.54509830474854	0.00083670020103455	-0.0037307548336685
0.18713796138763	-0.54501438140869	0.00082767754793167	-0.0032507558353245
0.18745815753937	-0.54507213830948	0.00086762011051178	-0.0037634507752955
0.1874802261591	-0.54428040981293	0.00082600116729736	-0.0036403983831406
0.1875077933073	-0.54334020614624	0.00082691013813019	-0.0037454671692103
0.18761380016804	-0.54339814186096	0.0008644163608551	-0.0036078032571822
0.18777167797089	-0.54321283102036	0.0008263885974884	-0.0035601768177003
0.18805871903896	-0.54301226139069	0.00084653496742249	-0.0031188521534204
0.18830813467503	-0.54290157556534	0.0008714571595192	0.27311998605728
0.18844211101532	-0.54276651144028	0.00086776912212372	0.40178138017654
0.18853440880775	-0.54264265298843	0.00087332725524902	0.42167067527771
0.18853610754013	-0.54249680042267	0.00084353983402252	0.43150395154953
0.18853898346424	-0.54231911897659	0.00082626193761826	0.4303158223629
0.18857806921005	-0.5421376824379	0.00086896866559982	0.39674705266953
0.18860255181789	-0.54195928573608	0.00087359547615051	0.42898735404015
0.18864107131958	-0.54177850484848	0.00086554884910583	0.43285450339317
0.18867470324039	-0.54159343242645	0.00087305158376694	0.42924603819847
0.18873064219952	-0.54141139984131	0.00083565711975098	0.43550211191177
0.18874876201153	-0.54121732711792	0.0008433535695076	0.43713268637657
0.18877160549164	-0.54102182388306	0.00085310637950897	0.43614077568054
0.18879263103008	-0.54082375764847	0.00087161362171173	0.40280801057816
0.18878285586834	-0.54063558578491	0.000843346118927	0.44239297509193
0.18881027400494	-0.54048609733582	0.00086717307567596	0.43940311670303
0.18881863355637	-0.54034894704819	0.00086547434329987	0.44256275892258
0.18884126842022	-0.5401908159256	0.00086504966020584	0.44212073087692
0.18881642818451	-0.53988367319107	0.00086820125579834	0.64078962802887
0.18815553188324	-0.54020273685455	0.00086949020624161	0.69847422838211
0.18750689923763	-0.54045993089676	0.0020718574523926	0.65024691820145
0.18708938360214	-0.53875416517258	0.0029146447777748	0.76452142000198
0.18683654069901	-0.53591966629028	0.0041251331567764	0.6771913766861
0.18669293820858	-0.53303778171539	0.0054670050740242	0.69309598207474
0.18666458129883	-0.52965182065964	0.0067574605345726	0.71132457256317
0.18644236028194	-0.52458000183105	0.0090764090418816	0.72740775346756
0.18631681799889	-0.52146458625793	0.0097717195749283	0.74162948131561
0.18635386228561	-0.5184720158577	0.010842099785805	0.67937868833542
0.18616563081741	-0.51521474123001	0.012120224535465	0.76317828893661
0.18603922426701	-0.51341140270233	0.012477770447731	0.77024161815643
0.1858004629612	-0.50933903455734	0.013415686786175	0.78239965438843
0.18561333417892	-0.50365090370178	0.014974728226662	0.79232281446457
0.1852295845747	-0.49895325303078	0.015955291688442	0.79928576946259
0.18486726284027	-0.49203625321388	0.017088606953621	0.72930139303207
0.18463307619095	-0.48321229219437	0.017991751432419	0.82416135072708
0.18429508805275	-0.47641888260841	0.018466368317604	0.83057069778442
0.18405133485794	-0.47372490167618	0.018612369894981	0.83114594221115
0.18440908193588	-0.47297909855843	0.018612176179886	0.83086794614792
0.1841294914484	-0.47100159525871	0.018950298428535	0.7491506934166
0.18353979289532	-0.46913260221481	0.018972620368004	0.83334982395172
0.18392215669155	-0.46594306826591	0.018601566553116	0.82690918445587
0.18454582989216	-0.46302476525307	0.018506526947021	0.80959689617157
0.18390743434429	-0.45931860804558	0.018984243273735	0.80113065242767
0.18452809751034	-0.43970596790314	0.016614943742752	0.79495584964752
0.18329675495625	-0.42994350194931	0.015686266124249	0.70119750499725
0.18277731537819	-0.42548140883446	0.015491083264351	0.76891797780991
0.1828199326992	-0.41224944591522	0.011207558214664	0.73855495452881
0.18230518698692	-0.40360805392265	0.0091841816902161	0.70487105846405
0.18262310326099	-0.39767655730247	0.0065319836139679	0.68505132198334
0.18281441926956	-0.39499288797379	0.0056574791669846	0.61049157381058
0.18173870444298	-0.39132025837898	0.0039428845047951	0.67583286762238
0.18192285299301	-0.38691681623459	0.0019073635339737	0.65113413333893
0.18287071585655	-0.38497748970985	0.0010818615555763	0.62075918912888
0.18319451808929	-0.38477498292923	0.0010829865932465	0.60832798480988
0.18334041535854	-0.38472869992256	0.0010848939418793	0.60342276096344
0.18346346914768	-0.38471710681915	0.0010864287614822	0.60074269771576
0.18357329070568	-0.38473081588745	0.001087486743927	0.59921610355377
0.18365401029587	-0.38476029038429	0.0010864287614822	0.59839171171188
0.18369524180889	-0.38471576571465	0.0010889321565628	0.59770125150681
0.18373420834541	-0.38469159603119	0.0010863170027733	0.59717530012131
0.18378981947899	-0.38468569517136	0.0010874345898628	0.59689253568649
0.18386217951775	-0.3846894800663	0.001089870929718	0.59649670124054
0.18394726514816	-0.38470143079758	0.001086913049221	0.59649842977524
0.18402767181396	-0.38471907377243	0.0010878592729568	0.59658706188202
0.18410371243954	-0.38473898172379	0.0010870695114136	0.59671318531036
0.18418875336647	-0.38476550579071	0.00108802318573	0.59681880474091
0.18425898253918	-0.38480591773987	0.0010880827903748	0.59699553251266
0.18428954482079	-0.38491576910019	0.0010891407728195	0.59765183925629
0.18432858586311	-0.38500693440437	0.0010871291160583	0.59765613079071
0.18438857793808	-0.38496696949005	0.001088447868824	0.59674942493439
0.1845168620348	-0.38523781299591	0.0010805502533913	0.53322803974152
0.18481010198593	-0.38550993800163	0.0010752975940704	0.52843618392944
0.18512158095837	-0.38632023334503	0.0010479539632797	0.053820710629225
0.18532860279083	-0.38607516884804	0.0010363459587097	-0.0031132942531258
0.18545185029507	-0.38607856631279	0.0010227859020233	-0.0033583049662411
0.18558835983276	-0.38622492551804	0.0010096207261086	-0.0033568970393389
0.18564106523991	-0.38679990172386	0.00098612904548645	-0.0035420923959464
0.18576975166798	-0.38645112514496	0.0009743943810463	-0.0031642590183765
0.18593217432499	-0.3868465423584	0.00095728784799576	-0.0036633652634919
0.18606454133987	-0.38692712783813	0.00094058364629745	-0.0034326743334532
0.18610459566116	-0.38642612099648	0.00093308091163635	-0.0033335103653371
0.18627189099789	-0.38626173138618	0.00092437863349915	-0.0036298588383943
0.18637189269066	-0.38660907745361	0.00091004371643066	-0.0036240587942302
0.18659377098083	-0.38669389486313	0.00089851766824722	-0.0037505521904677
0.18693938851357	-0.38618290424347	0.00089170038700104	-0.0034978322219104
0.18707828223705	-0.38599807024002	0.00088411569595337	-0.003626782912761
0.18708492815495	-0.3859007358551	0.00087515264749527	-0.0039111687801778
0.18728271126747	-0.38531729578972	0.00087328255176544	-0.0036065145395696
0.18724070489407	-0.38552206754684	0.00086748600006104	-0.0037108063697815
0.18722629547119	-0.38475903868675	0.00086228549480438	-0.0038383950013667
0.18782921135426	-0.38556581735611	0.00085391849279404	-0.0037749442271888
0.18815709650517	-0.38502556085587	0.00086370855569839	-0.0037533242721111
0.18855382502079	-0.38388445973396	0.00086448341608047	-0.0036752640735358
0.18874327838421	-0.38366776704788	0.0008694976568222	-0.0036905058659613
0.18896293640137	-0.38290756940842	0.00085532665252686	-0.0038093712646514
0.18912498652935	-0.38191089034081	0.00085249543190002	-0.0037573706358671
0.18910203874111	-0.38225841522217	0.00086881220340729	-0.0034339427947998
0.18911252915859	-0.38167750835419	0.00086954981088638	-0.0037227049469948
0.18921162188053	-0.381123483181	0.0008290559053421	-0.0036294129677117
0.18931595981121	-0.38080981373787	0.00082887709140778	-0.0035952602047473
0.18940551578999	-0.3799262046814	0.00082682073116302	-0.0037136089522392
0.18967519700527	-0.37970015406609	0.00085332244634628	-0.0033680710475892
0.18988154828548	-0.37875327467918	0.00083768367767334	-0.0037115854211152
0.19001497328281	-0.37742123007774	0.00082411617040634	-0.0035910923033953
0.19042797386646	-0.37764632701874	0.00086560845375061	-0.0035458388738334
0.19065290689468	-0.37755459547043	0.00085122138261795	0.20796832442284
0.19058056175709	-0.37759470939636	0.00085889548063278	0.83054876327515
0.19043076038361	-0.37779584527016	0.00085075199604034	0.72918915748596
0.19031941890717	-0.37800949811935	0.00086157023906708	0.65177190303802
0.1902324706316	-0.3781273663044	0.00083527714014053	0.64844590425491
0.19020868837833	-0.37817940115929	0.00083572417497635	0.64573657512665
0.1901715695858	-0.3781852722168	0.00082304328680038	0.64526635408401
0.19019293785095	-0.37819984555244	0.00083177536725998	0.64501869678497
0.19020906090736	-0.37817949056625	0.00084211677312851	0.64499402046204
0.19022393226624	-0.37813556194305	0.00083456188440323	0.64524763822556
0.19024227559566	-0.37808662652969	0.00083889812231064	0.64551347494125
0.19026404619217	-0.37805423140526	0.00082726776599884	0.64536130428314
0.19028942286968	-0.37801951169968	0.00082731992006302	0.64517486095428
0.19030939042568	-0.37798073887825	0.00082327425479889	0.64505422115326
0.19032683968544	-0.37793862819672	0.000823013484478	0.64502888917923
0.19035331904888	-0.37790021300316	0.00083893537521362	0.64496219158173
0.19036138057709	-0.37785363197327	0.0008229985833168	0.64493596553802
0.19038240611553	-0.37781098484993	0.00083174556493759	0.64498996734619
0.19016882777214	-0.37804669141769	0.00082246214151382	0.64424526691437
0.1896578669548	-0.37691330909729	0.001775898039341	0.58773195743561
0.18920405209064	-0.37368449568748	0.0037272721529007	0.668625831604
0.18900035321712	-0.37042418122292	0.0043609067797661	0.6867014169693
0.18894502520561	-0.36700397729874	0.0064745843410492	0.70326268672943
0.18892776966095	-0.36533153057098	0.0072606205940247	0.71275091171265
0.18881526589394	-0.36354652047157	0.0083518102765083	0.72136223316193
0.18860904872417	-0.36094990372658	0.0095831379294395	0.65619397163391
0.18844416737556	-0.35661461949348	0.011457681655884	0.7434948682785
0.18837185204029	-0.35362678766251	0.012269757688046	0.75535690784454
0.18818734586239	-0.35074549913406	0.013254195451736	0.76914155483246
0.18787325918674	-0.34615164995193	0.014904662966728	0.7768851518631
0.18772289156914	-0.34171125292778	0.015968196094036	0.78598141670227
0.18763794004917	-0.33724215626717	0.016673110425472	0.7236060500145
0.18739286065102	-0.33286985754967	0.017307192087173	0.81270617246628
0.18718414008617	-0.32911422848701	0.017920538783073	0.81803119182587
0.18710123002529	-0.32540702819824	0.018317103385925	0.82339489459991
0.18731497228146	-0.3218697309494	0.018444523215294	0.8316438794136
0.18722987174988	-0.31933528184891	0.018544405698776	0.83233988285065
0.18700264394283	-0.31436955928802	0.018610402941704	0.74615436792374
0.18673224747181	-0.31030914187431	0.01879221200943	0.82379627227783
0.18688648939133	-0.3064002096653	0.018614619970322	0.81963795423508
0.18694347143173	-0.30278992652893	0.018464893102646	0.81617480516434
0.18657843768597	-0.2970222234726	0.017920449376106	0.8100797533989
0.18665535748005	-0.29215049743652	0.017117574810982	0.72197782993317
0.18695077300072	-0.2899144589901	0.016826272010803	0.79698103666306
0.18667438626289	-0.28475829958916	0.015955060720444	0.79070913791656
0.18608310818672	-0.27954059839249	0.015004858374596	0.7740386724472
0.1859767138958	-0.27534288167953	0.013909265398979	0.76964223384857
0.18614616990089	-0.27193364500999	0.01270404458046	0.76362472772598
0.18595620989799	-0.26789265871048	0.011633485555649	0.75327640771866
0.1856711357832	-0.26470157504082	0.011179596185684	0.73277145624161
0.18583701550961	-0.26121151447296	0.01011311262846	0.64811313152313
0.18604765832424	-0.25679251551628	0.0078890919685364	0.69919180870056
0.18616859614849	-0.25437867641449	0.0070199817419052	0.6864720582962
0.18628664314747	-0.2522229552269	0.0058991760015488	0.67714738845825
0.18607310950756	-0.24896220862865	0.0037047788500786	0.66242510080338
0.18643139302731	-0.24652723968029	0.003015510737896	0.64551675319672
0.18667607009411	-0.244314879179	0.0021286308765411	0.5654011964798
0.18663866817951	-0.24267141520977	0.0017910450696945	0.6123833656311
0.18663868308067	-0.24187484383583	0.0016547590494156	0.60035210847855
0.18661656975746	-0.24152141809464	0.001614473760128	0.59503972530365
0.18668293952942	-0.24127465486526	0.0009138435125351	0.59399503469467
0.18681910634041	-0.24120898544788	0.00091685354709625	0.59608745574951
0.18696129322052	-0.24113740026951	0.00091742724180222	0.59686261415482
0.18705083429813	-0.24107132852077	0.00091748684644699	0.59716022014618
0.18709620833397	-0.24101103842258	0.00091778486967087	0.59713155031204
0.18713203072548	-0.24095776677132	0.00091830641031265	0.59710377454758
0.18717144429684	-0.24090108275414	0.0009191632270813	0.59715932607651
0.18720170855522	-0.24084347486496	0.00091791898012161	0.59838551282883
0.187240421772	-0.24078419804573	0.00091813504695892	0.60126626491547
0.1872786283493	-0.24072879552841	0.00091808289289474	0.60113722085953
0.18731296062469	-0.24067680537701	0.0009181946516037	0.60132122039795
0.18734982609749	-0.24062743782997	0.00091792643070221	0.60126864910126
0.1876534819603	-0.2407850176096	0.00091740489006042	0.53431397676468
0.18778957426548	-0.24114547669888	0.00091106444597244	0.62171179056168
0.18832515180111	-0.24078968167305	0.00090805441141129	0.04215307533741
0.18886284530163	-0.23999761044979	0.00090531259775162	-0.0031584266107529
0.18910437822342	-0.24075196683407	0.00088588893413544	-0.0041880812495947
0.18944562971592	-0.2401113063097	0.00087414681911469	-0.0028791557997465
0.18961556255817	-0.23945598304272	0.00087277591228485	-0.0032178529072553
0.18956828117371	-0.24011135101318	0.00086863338947296	-0.0036682945210487
0.18954986333847	-0.2411152869463	0.000855952501297	-0.0038933488540351
0.18987642228603	-0.24038814008236	0.00085832178592682	-0.0037007860373706
0.18997220695019	-0.23991116881371	0.00086279213428497	-0.0036083210725337
0.19005516171455	-0.23903121054173	0.00084730982780457	-0.0035965503193438
0.18997971713543	-0.23918336629868	0.00085730850696564	-0.0038330685347319
0.18999932706356	-0.23866248130798	0.00085877627134323	-0.0036895512603223
0.18996824324131	-0.23857960104942	0.00086750835180283	-0.0037528790999204
0.19024215638638	-0.23892784118652	0.00085641443729401	-0.0037705432623625
0.1906251013279	-0.23857924342155	0.00086918473243713	-0.0036690863780677
0.19100706279278	-0.2379088550806	0.0008276179432869	-0.0039760009385645
0.19129194319248	-0.2368343770504	0.00082491338253021	-0.003565086517483
0.19164338707924	-0.23587395250797	0.00083407759666443	-0.0035481597296894
0.1920880228281	-0.23466789722443	0.0008232519030571	-0.0035748560912907
0.19259302318096	-0.23507077991962	0.0008663684129715	-0.0037352286744863
0.19281168282032	-0.23505911231041	0.00087390094995499	0.10931410640478
0.19275677204132	-0.23470050096512	0.0008552148938179	0.41665858030319
0.1927502155304	-0.23448799550533	0.00087221711874008	0.41811013221741
0.19271615147591	-0.23435866832733	0.00083360821008682	0.43097323179245
0.19271370768547	-0.2342191785574	0.00086976587772369	0.43423691391945
0.19270652532578	-0.23405855894089	0.00085504353046417	0.43811526894569
0.19272930920124	-0.23387083411217	0.00084150582551956	0.40604466199875
0.19272835552692	-0.2336787134409	0.00087036937475204	0.43811970949173
0.19272811710835	-0.23347339034081	0.00083771347999573	0.44090300798416
0.1927307844162	-0.23328223824501	0.00086883455514908	0.43827310204506
0.19273780286312	-0.23307354748249	0.00087330490350723	0.436991751194
0.19273164868355	-0.23287488520145	0.00087372213602066	0.43724116683006
0.19271631538868	-0.23268403112888	0.00085727125406265	0.44059365987778
0.19271491467953	-0.23248808085918	0.00086168944835663	0.43915629386902
0.19270738959312	-0.23227721452713	0.0008724257349968	0.43889361619949
0.19269534945488	-0.23207560181618	0.00085490942001343	0.43756765127182
0.1926935762167	-0.23188468813896	0.00083330273628235	0.43817868828773
0.19273194670677	-0.23168675601482	0.00086934119462967	0.43900793790817
0.19273805618286	-0.23148754239082	0.00086169689893723	0.40070685744286
0.19274005293846	-0.23112237453461	0.00087270140647888	0.38095903396606
0.19165326654911	-0.23139861226082	0.0013306736946106	0.763318836689
0.1914246827364	-0.23002910614014	0.0020895302295685	0.67012190818787
0.19099493324757	-0.22746556997299	0.0038977190852165	0.68343299627304
0.19084119796753	-0.22563987970352	0.0046317875385284	0.69062757492065
0.19085170328617	-0.22399842739105	0.0056746751070023	0.69943273067474
0.19065974652767	-0.22145049273968	0.0059429481625557	0.69979894161224
0.190085709095	-0.21433266997337	0.0095396414399147	0.7307396531105
0.19015918672085	-0.21062587201595	0.010884486138821	0.74911522865295
0.1900996863842	-0.20757827162743	0.012112349271774	0.75560414791107
0.18931359052658	-0.19995680451393	0.014438897371292	0.76991331577301
0.18892282247543	-0.19377563893795	0.015740536153316	0.78067654371262
0.18845736980438	-0.18709042668343	0.016526572406292	0.72379195690155
0.18815425038338	-0.18241195380688	0.016910210251808	0.8156179189682
0.18721275031567	-0.1718487739563	0.017990827560425	0.82809495925903
0.18747439980507	-0.16501653194427	0.018356546759605	0.8272876739502
0.18731173872948	-0.15701059997082	0.018563777208328	0.82150763273239
0.18648734688759	-0.14744107425213	0.018044054508209	0.73448312282562
0.18607151508331	-0.13772514462471	0.017262443900108	0.80887496471405
0.18575839698315	-0.12963730096817	0.016389042139053	0.79842674732208
0.18523299694061	-0.12179121375084	0.015650510787964	0.78319454193115
0.18532846868038	-0.11424273252487	0.01399202644825	0.76123136281967
0.18527376651764	-0.10827106237411	0.012815035879612	0.74635857343674
0.18489114940166	-0.1043004617095	0.012419551610947	0.65817219018936
0.18472802639008	-0.099083751440048	0.010610036551952	0.7178001999855
0.18495811522007	-0.095406912267208	0.008943647146225	0.70735305547714
0.18491026759148	-0.091275788843632	0.0076614618301392	0.69507765769958
0.18462841212749	-0.087589927017689	0.0071005374193192	0.67753207683563
0.18436181545258	-0.084264352917671	0.0060003995895386	0.59503549337387
0.18425898253918	-0.081808097660542	0.0036899596452713	0.65675604343414
0.18457326292992	-0.079070352017879	0.0026153177022934	0.64009934663773
0.18478009104729	-0.07667513936758	0.0013835802674294	0.6132196187973
0.1850710362196	-0.075729630887508	0.0010833144187927	0.60054516792297
0.18518090248108	-0.075539097189903	0.0010846331715584	0.60054534673691
0.18527257442474	-0.075457595288754	0.0010865926742554	0.54002797603607
0.18536755442619	-0.075431607663631	0.0010882094502449	0.60474288463593
0.18544766306877	-0.075418621301651	0.0010886490345001	0.60382336378098
0.18549117445946	-0.075427696108818	0.0010891705751419	0.6032110452652
0.1855411529541	-0.075438469648361	0.0010863319039345	0.6029971241951
0.18559400737286	-0.075444899499416	0.0010883212089539	0.60285186767578
0.18565142154694	-0.075454041361809	0.0010893419384956	0.60260266065598
0.18571445345879	-0.075467430055141	0.0010887756943703	0.60263794660568
0.18577364087105	-0.075479313731194	0.0010863691568375	0.60253006219864
0.18584075570107	-0.075493842363358	0.0010872036218643	0.60243803262711
0.18590635061264	-0.075508683919907	0.0010872483253479	0.60246282815933
0.18597337603569	-0.075525775551796	0.0010879039764404	0.60235768556595
0.18603292107582	-0.07553842663765	0.0010871589183807	0.60245978832245
0.18609324097633	-0.075550258159637	0.0010873153805733	0.60241568088531
0.1861520409584	-0.075562462210655	0.0010863915085793	0.60244876146317
0.18621532618999	-0.075576171278954	0.0010891109704971	0.60245621204376
0.18608430027962	-0.076229311525822	0.001079224050045	0.60021406412125
0.18630927801132	-0.076363444328308	0.0010762959718704	0.59587788581848
0.1863951832056	-0.076953254640102	0.0010665208101273	0.53408700227737
0.18675178289413	-0.07808144390583	0.001027412712574	0.0032568946480751
0.18727689981461	-0.07716254144907	0.0010054036974907	-0.0029238348361105
0.18769587576389	-0.075865171849728	0.00099748373031616	-0.0034083083737642
0.1872770190239	-0.076989747583866	0.00096199661493301	-0.0032753883861005
0.18727417290211	-0.076412223279476	0.00093770772218704	-0.0032459287904203
0.18733012676239	-0.075457327067852	0.00092889368534088	-0.0032700193114579
0.18703719973564	-0.077365294098854	0.00089719891548157	-0.0035362220369279
0.18766039609909	-0.077712722122669	0.0008685365319252	-0.0051683629862964
0.18819677829742	-0.077061973512173	0.00085718184709549	-0.003151127602905
0.18861247599125	-0.075640052556992	0.0008556991815567	-0.0034367542248219
0.18879108130932	-0.075878769159317	0.00086063891649246	-0.0037275566719472
0.18909691274166	-0.074794173240662	0.00084741413593292	-0.0037300034891814
0.18905313313007	-0.074298337101936	0.00086460262537003	-0.0037545408122241
0.18892981112003	-0.073218390345573	0.00085252523422241	-0.00375532428734
0.18915995955467	-0.073446527123451	0.00087025761604309	-0.0038059714715928
0.18937711417675	-0.072951555252075	0.00085601210594177	-0.0037275305949152
0.18965414166451	-0.073132514953613	0.00085882097482681	-0.0033041022252291
0.18976205587387	-0.071897648274899	0.00084417313337326	-0.0040543852373958
0.19008418917656	-0.071453750133514	0.00087042152881622	-0.0038672673981637
0.19037415087223	-0.070618912577629	0.00087032467126846	-0.0037267911247909
0.19064265489578	-0.069875575602055	0.00086154043674469	-0.0033551857341081
0.19081896543503	-0.070375218987465	0.0008721798658371	0.76793873310089
0.19075801968575	-0.070628181099892	0.00085032731294632	0.92611962556839
0.1905675381422	-0.070986390113831	0.00087100267410278	0.80230218172073
0.19044132530689	-0.071253791451454	0.00087361037731171	0.78929150104523
0.19037352502346	-0.071405068039894	0.00086330622434616	0.78741896152496
0.19036509096622	-0.07147678732872	0.00087207555770874	0.78656536340714
0.19039067625999	-0.071528986096382	0.00086504220962524	0.78621357679367
0.19041630625725	-0.071560062468052	0.00084146112203598	0.78605955839157
0.19042643904686	-0.071570456027985	0.00082299113273621	0.78592121601105
0.19045303761959	-0.071575045585632	0.00082291662693024	0.78585350513458
0.1904921233654	-0.071585431694984	0.00083059817552567	0.78587180376053
0.19051967561245	-0.071602366864681	0.00084119290113449	0.78578424453735
0.19053630530834	-0.07161707431078	0.00083034485578537	0.78578191995621
0.19056321680546	-0.071630015969276	0.00083641707897186	0.78571504354477
0.19059020280838	-0.071643978357315	0.00082305073738098	0.78577297925949
0.19062283635139	-0.071658000349998	0.00083628296852112	0.78572750091553
0.19064392149448	-0.071676388382912	0.0008283257484436	0.78567785024643
0.19067928195	-0.071690857410431	0.00082284212112427	0.78563123941422
0.19071663916111	-0.071707457304001	0.00082268565893173	0.78572714328766
0.19075426459312	-0.071719408035278	0.00083047896623611	0.7857494354248
0.19079753756523	-0.071751825511456	0.00085886567831039	0.78576993942261
0.19003367424011	-0.070851564407349	0.00085886567831039	0.71148103475571
0.18984535336494	-0.068974763154984	0.0037974193692207	0.79442375898361
0.18943628668785	-0.06556386500597	0.0061713978648186	0.80199182033539
0.18908639252186	-0.061330549418926	0.008096918463707	0.81126290559769
0.18909339606762	-0.058448813855648	0.008843682706356	0.81597739458084
0.18898303806782	-0.05367661640048	0.011195346713066	0.82540428638458
0.18885336816311	-0.048829670995474	0.013018108904362	0.74754697084427
0.18850871920586	-0.045093134045601	0.013824626803398	0.82712203264236
0.18838375806808	-0.041224487125874	0.014921933412552	0.82788336277008
0.18800108134747	-0.036400578916073	0.016108304262161	0.8256419301033
0.18775683641434	-0.030906453728676	0.016959607601166	0.82059794664383
0.18770480155945	-0.02544354274869	0.017778351902962	0.81601917743683
0.18760816752911	-0.022983578965068	0.018073603510857	0.81403797864914
0.18732975423336	-0.0093170441687107	0.018590644001961	0.72966742515564
0.18667660653591	-0.0007079616189003	0.018687829375267	0.78325468301773
0.18679597973824	0.0082721896469593	0.017902016639709	0.77812379598618
0.18659906089306	0.012839119881392	0.017664566636086	0.77236109972
0.18656335771084	0.018215369433165	0.017034359276295	0.76231288909912
0.1861617565155	0.027096230536699	0.015291795134544	0.75125753879547
0.18567903339863	0.034328788518906	0.01368559896946	0.72980862855911
0.1854547560215	0.040473978966475	0.012012705206871	0.6489804983139
0.18539164960384	0.046092659235001	0.010203756392002	0.7029395699501
0.1851585060358	0.049493413418531	0.0096116811037064	0.68122524023056
0.18515819311142	0.052755262702703	0.0081218257546425	0.67931139469147
0.18481302261353	0.057120501995087	0.0064076706767082	0.67183089256287
0.18494842946529	0.060595124959946	0.0041121393442154	0.63927292823792
0.18534578382969	0.063431851565838	0.0027475580573082	0.63270038366318
0.18535824120045	0.06453050673008	0.0022372305393219	0.62406986951828
0.18529343605042	0.064928963780403	0.0021319016814232	0.62002813816071
0.18521848320961	0.065127223730087	0.0020853206515312	0.61721533536911
0.18517133593559	0.065257087349892	0.0020781755447388	0.61548018455505
0.18513005971909	0.065379224717617	0.0020697861909866	0.61423510313034
0.18509942293167	0.065485969185829	0.0020710825920105	0.6136029958725
0.18505895137787	0.065594993531704	0.0020853653550148	0.61288893222809
0.18500924110413	0.065706230700016	0.0020783171057701	0.61269962787628
0.18494740128517	0.065827518701553	0.0020805522799492	0.6123571395874
0.18487964570522	0.065962076187134	0.002092570066452	0.60948848724365
0.18481548130512	0.066100515425205	0.0020955950021744	0.60909205675125
0.18476271629333	0.066230982542038	0.0020922720432281	0.60918772220612
0.1847311258316	0.066350109875202	0.0020973235368729	0.60913413763046
0.18469285964966	0.066468074917793	0.0020955055952072	0.60921591520309
0.18463517725468	0.066610343754292	0.0020893886685371	0.60921001434326
0.18500396609306	0.066606067121029	0.001084640622139	0.60776352882385
0.1849282681942	0.066230319440365	0.0010708421468735	0.54483968019485
0.18541100621223	0.066017724573612	0.001067616045475	0.58544313907623
0.18577751517296	0.065572403371334	0.0010579451918602	0.48935884237289
0.18615505099297	0.065634906291962	0.001048170030117	0.44164162874222
0.18644097447395	0.065932855010033	0.0010444223880768	0.41647887229919
0.18650242686272	0.064986258745193	0.0010204389691353	0.43061167001724
0.18636220693588	0.06466343998909	0.00099746137857437	0.41882053017616
0.18642765283585	0.06458492577076	0.00098061561584473	0.41121807694435
0.1865207105875	0.064501956105232	0.00096656382083893	-0.0041541731916368
0.18666025996208	0.065036900341511	0.00095740705728531	-0.0029307599179447
0.18677364289761	0.065760642290115	0.00095424056053162	-0.0035268857609481
0.18677604198456	0.066498465836048	0.00095339864492416	-0.0032652667723596
0.18659324944019	0.065639711916447	0.00093713402748108	-0.0036370027810335
0.1863367408514	0.065495751798153	0.00092136859893799	-0.0035824261140078
0.18603447079659	0.064646616578102	0.00089918076992035	-0.0039308555424213
0.18623013794422	0.065052650868893	0.00088217854499817	-0.0037402645684779
0.18644668161869	0.066341616213322	0.00087434053421021	-0.0035445629619062
0.1862138658762	0.066095724701881	0.00086474418640137	-0.003692242782563
0.18594297766685	0.066419415175915	0.00086256116628647	-0.003701847512275
0.18564282357693	0.066711634397507	0.0008566752076149	-0.0038500274531543
0.18598228693008	0.067400686442852	0.00086256861686707	-0.0037492408882827
0.18632914125919	0.068617783486843	0.00086341798305511	-0.0037150892894715
0.18629211187363	0.067776247859001	0.00086704641580582	-0.0038279728032649
0.18617926537991	0.068134725093842	0.00086332857608795	-0.0035909744910896
0.18636411428452	0.069072857499123	0.0008605495095253	-0.0037649623118341
0.18663395941257	0.069324433803558	0.00086632370948792	-0.003766207722947
0.18674868345261	0.069159239530563	0.00086900591850281	-0.0036145192570984
0.18680436909199	0.069811426103115	0.00086954981088638	-0.003537938464433
0.18693313002586	0.069740407168865	0.00087164342403412	-0.0036783493123949
0.1871146261692	0.069923058152199	0.00087077915668488	-0.003704224480316
0.18721626698971	0.070641845464706	0.00082966685295105	-0.0035262536257505
0.18743391335011	0.071004062891006	0.00085993856191635	-0.003556976094842
0.18763399124146	0.071362152695656	0.00087127834558487	-0.0035430216230452
0.18779338896275	0.071704961359501	0.00086879730224609	-0.0034277713857591
0.18789593875408	0.071603193879128	0.00087429583072662	-0.003689844859764
0.18783167004585	0.071610927581787	0.0008694976568222	-0.0035866126418114
0.18786525726318	0.071454092860222	0.00087115168571472	0.57689255475998
0.18794034421444	0.071269854903221	0.00086797773838043	0.73969560861588
0.18793974816799	0.071162067353725	0.00087239593267441	0.71865022182465
0.18787433207035	0.071040377020836	0.00087272375822067	0.64933180809021
0.18779906630516	0.070979446172714	0.00085734575986862	0.64656800031662
0.18771198391914	0.070978775620461	0.00082318484783173	0.64571857452393
0.18765118718147	0.071018606424332	0.00082287192344666	0.64522778987885
0.18759025633335	0.071077078580856	0.00082328170537949	0.64494925737381
0.1875374019146	0.071147248148918	0.00082992762327194	0.64483845233917
0.18748840689659	0.071222878992558	0.00083911418914795	0.64473444223404
0.18743480741978	0.071304559707642	0.00082964450120926	0.64466214179993
0.1873766630888	0.071386739611626	0.00082339346408844	0.64466941356659
0.18731607496738	0.071473650634289	0.0008254200220108	0.64481472969055
0.18726475536823	0.071558147668839	0.0008375272154808	0.64471709728241
0.1872086673975	0.071642480790615	0.00083211064338684	0.64474165439606
0.18661479651928	0.072795160114765	0.0016867518424988	0.63806957006454
0.18640272319317	0.074014067649841	0.0021045431494713	0.66287440061569
0.18617589771748	0.076323419809341	0.003791481256485	0.67758536338806
0.186124548316	0.078254826366901	0.0043752044439316	0.68859964609146
0.18614014983177	0.082699507474899	0.0073572620749474	0.7092080116272
0.18624266982079	0.086807169020176	0.0084486231207848	0.73022997379303
0.18631529808044	0.092221513390541	0.011113777756691	0.67451983690262
0.18612587451935	0.097177155315876	0.012861326336861	0.76439338922501
0.1860376894474	0.1009663194418	0.0140146240592	0.77565944194794
0.18595315515995	0.10476213693619	0.015096381306648	0.78562527894974
0.18584656715393	0.1083237528801	0.015933863818645	0.79506093263626
0.18580429255962	0.11033599823713	0.016330800950527	0.79994374513626
0.18577340245247	0.11129007488489	0.016479976475239	0.80361574888229
0.18573653697968	0.11159894615412	0.016526006162167	0.804722905159
0.18608209490776	0.11742782592773	0.017573937773705	0.73863488435745
0.18573650717735	0.12455932050943	0.018429651856422	0.83140325546265
0.18561710417271	0.12986886501312	0.018555328249931	0.82729035615921
0.18603429198265	0.13222000002861	0.018555998802185	0.8248535990715
0.18588350713253	0.1339868158102	0.018763050436974	0.82366389036179
0.18561899662018	0.14236479997635	0.018718540668488	0.8228103518486
0.18559668958187	0.15038508176804	0.017829388380051	0.7340053319931
0.18566310405731	0.15886968374252	0.016724690794945	0.80213689804077
0.18557098507881	0.16449670493603	0.016332238912582	0.7871481180191
0.18590411543846	0.16962867975235	0.014904402196407	0.7759684920311
0.18618911504745	0.17350919544697	0.01378133893013	0.76735556125641
0.1860456764698	0.17627707123756	0.013495594263077	0.76003587245941
0.18592961132526	0.17920200526714	0.013448111712933	0.74962913990021
0.1860585808754	0.18339437246323	0.011772587895393	0.66473853588104
0.1861886382103	0.18734556436539	0.010394081473351	0.72578394412994
0.18605215847492	0.19172908365726	0.0090603902935982	0.70346516370773
0.18613395094872	0.19506481289864	0.0074596628546715	0.68761879205704
0.18643487989902	0.19903630018234	0.0051237344741821	0.67441886663437
0.18692754209042	0.20229616761208	0.0033406615257263	0.64990675449371
0.18742856383324	0.20461842417717	0.0020533502101898	0.56319582462311
0.18757846951485	0.20543301105499	0.0017588809132576	0.62664783000946
0.18737637996674	0.20714028179646	0.0018845424056053	1.5906236171722
0.18715693056583	0.20869235694408	0.0016602799296379	0.61456787586212
0.18708656728268	0.20936025679111	0.0015833824872971	0.60583233833313
0.18733498454094	0.2097902148962	0.00091439485549927	0.60119295120239
0.18753096461296	0.20986860990524	0.00091654807329178	0.60137021541595
0.1876512914896	0.20994526147842	0.00091692805290222	0.60106557607651
0.18773783743382	0.21002912521362	0.00091757625341415	0.6005744934082
0.18779435753822	0.21011973917484	0.00091736763715744	0.60017287731171
0.18784120678902	0.21021294593811	0.00091797113418579	0.60015082359314
0.18787857890129	0.21030876040459	0.00091785192489624	0.60007655620575
0.18790021538734	0.21038797497749	0.00091739743947983	0.60004168748856
0.18792374432087	0.21047063171864	0.00091726332902908	0.60021430253983
0.18797025084496	0.21056047081947	0.00091767311096191	0.60029697418213
0.1881355047226	0.21069215238094	0.00091920793056488	0.60128259658813
0.18843078613281	0.21035796403885	0.000913105905056	0.37550973892212
0.18865109980106	0.21026359498501	0.00090250372886658	-0.00070076389238238
0.18880346417427	0.21072469651699	0.00089750438928604	-0.0031414031982422
0.18884548544884	0.21032391488552	0.00088298320770264	-0.003395666833967
0.18900312483311	0.21067890524864	0.00086996704339981	-0.0040333000943065
0.18926455080509	0.21172700822353	0.00086628645658493	-0.0031870671082288
0.18932862579823	0.2125032544136	0.00086257606744766	-0.0032227863557637
0.18927435576916	0.2121864259243	0.00085819512605667	-0.0041328170336783
0.18940070271492	0.21318128705025	0.00085610151290894	-0.0034907311201096
0.1894087344408	0.21342991292477	0.00085299462080002	-0.0036667850799859
0.18946032226086	0.21376229822636	0.00085867941379547	-0.0036932718940079
0.18942955136299	0.21429239213467	0.00086555629968643	-0.0037322374992073
0.18941727280617	0.21497249603271	0.00086583942174911	-0.0037158872000873
0.18939672410488	0.2159665375948	0.00086230039596558	-0.0037437968421727
0.18935504555702	0.21535156667233	0.00086677074432373	-0.0037397805135697
0.18952786922455	0.21610273420811	0.00085875391960144	-0.0038236360996962
0.18977430462837	0.21645066142082	0.00082961469888687	-0.0037036319263279
0.19002269208431	0.21766826510429	0.00084010511636734	-0.0034935064613819
0.19022238254547	0.21822530031204	0.00083288550376892	-0.0037956640589982
0.19051149487495	0.21833470463753	0.00085890293121338	-0.0035359375178814
0.19076204299927	0.21875427663326	0.0008719265460968	-0.0036699809134007
0.19097878038883	0.21923972666264	0.00086541473865509	-0.0035884412936866
0.19121280312538	0.22021701931953	0.00085747987031937	-0.0035501592792571
0.19142478704453	0.22079892456532	0.00086554139852524	-0.0036876320373267
0.19153086841106	0.2210439145565	0.00086969137191772	0.31740403175354
0.19153863191605	0.221276730299	0.00085034966468811	0.41059368848801
0.19153088331223	0.22144755721092	0.00087162107229233	0.42723998427391
0.19152608513832	0.22160138189793	0.00087413191795349	0.43181595206261
0.19152539968491	0.2217670083046	0.0008443295955658	0.43414396047592
0.19153286516666	0.22194415330887	0.00086440145969391	0.43631953001022
0.19154265522957	0.22212612628937	0.00087306648492813	0.4338084757328
0.19155633449554	0.22231188416481	0.00087393075227737	0.43470984697342
0.19155958294868	0.22249087691307	0.00087299942970276	0.43532052636147
0.19157426059246	0.22271211445332	0.0008699968457222	0.43549102544785
0.19160348176956	0.22293722629547	0.00087371468544006	0.39699953794479
0.19162328541279	0.22316142916679	0.00087203085422516	0.43812561035156
0.1916409432888	0.22338533401489	0.00087159126996994	0.43383613228798
0.19165427982807	0.22358664870262	0.00087155401706696	0.43328136205673
0.19166995584965	0.22401586174965	0.00085374712944031	0.47348555922508
0.19169986248016	0.2244601547718	0.00087062269449234	0.37682288885117
0.19071446359158	0.22478839755058	0.0014293491840363	0.93426638841629
0.1902732104063	0.22636096179485	0.0029638931155205	0.67185306549072
0.18990056216717	0.22884048521519	0.0048208385705948	0.6202198266983
0.18989162147045	0.23163475096226	0.0063443630933762	0.70746374130249
0.18956583738327	0.23904621601105	0.0097349733114243	0.73211568593979
0.18929655849934	0.24421975016594	0.011060357093811	0.74986064434052
0.1889126598835	0.24898447096348	0.012189812958241	0.76357311010361
0.18884025514126	0.2527793943882	0.013248890638351	0.77205020189285
0.1886423677206	0.25849425792694	0.014806345105171	0.70688319206238
0.18847966194153	0.26407516002655	0.01587537676096	0.79714697599411
0.18814197182655	0.27118590474129	0.017106369137764	0.80685806274414
0.18780203163624	0.27752688527107	0.017686262726784	0.81822597980499
0.18793496489525	0.28489536046982	0.018394947052002	0.82069855928421
0.18768708407879	0.28932002186775	0.0184386074543	0.8329108953476
0.18783381581306	0.29754993319511	0.018574461340904	0.7448456287384
0.18762840330601	0.30603203177452	0.018295273184776	0.89282339811325
0.18746131658554	0.3135404586792	0.017966270446777	0.81202477216721
0.18758796155453	0.31943953037262	0.017575412988663	0.80723017454147
0.18762205541134	0.32558074593544	0.017146989703178	0.80085402727127
0.18762370944023	0.33079940080643	0.016422845423222	0.78560817241669
0.18768306076527	0.33523994684219	0.015676088631153	0.78408843278885
0.18743401765823	0.34039950370789	0.014934070408344	0.69612324237823
0.18744246661663	0.34515237808228	0.013826556503773	0.76332712173462
0.18736550211906	0.35004505515099	0.012846827507019	0.75172859430313
0.18754717707634	0.35584276914597	0.010717898607254	0.73948764801025
0.18766167759895	0.35983619093895	0.009988471865654	0.72067809104919
0.18756650388241	0.36399859189987	0.0089528411626816	0.70753413438797
0.187693759799	0.36741751432419	0.0074955672025681	0.69679468870163
0.18783195316792	0.37174534797668	0.0051547661423683	0.68243426084518
0.18785594403744	0.37556713819504	0.0042813122272491	0.59316945075989
0.1882376819849	0.37934350967407	0.0025820359587669	0.63452458381653
0.18865384161472	0.38064137101173	0.0012630373239517	0.62165039777756
0.18895441293716	0.38078641891479	0.0010832399129868	0.61693543195724
0.18906064331532	0.38079571723938	0.0010836571455002	0.61515492200851
0.18905434012413	0.38100475072861	0.0010832324624062	0.61002480983734
0.18903306126595	0.38121935725212	0.0010830536484718	0.60376513004303
0.18900386989117	0.38134706020355	0.0010852441191673	0.60099869966507
0.18896201252937	0.38141486048698	0.0010871365666389	0.59943449497223
0.1889183819294	0.38142976164818	0.0010856315493584	0.59851783514023
0.18889473378658	0.38144063949585	0.0010878145694733	0.59808796644211
0.18887713551521	0.38147106766701	0.0010879188776016	0.59786909818649
0.18887081742287	0.3814942240715	0.0010876953601837	0.59767591953278
0.18886232376099	0.38150268793106	0.0010870471596718	0.59757387638092
0.18882903456688	0.38152271509171	0.001087598502636	0.59748077392578
0.18880352377892	0.38155922293663	0.0010875836014748	0.597416639328
0.1887821406126	0.38158044219017	0.0010887831449509	0.59738367795944
0.18875294923782	0.38160386681557	0.0010874420404434	0.59731525182724
0.18904840946198	0.38110363483429	0.0010775998234749	0.52751576900482
0.18931192159653	0.3811899125576	0.0010683685541153	0.44101446866989
0.18972443044186	0.38168096542358	0.0010661482810974	0.03352115675807
0.19023732841015	0.38236528635025	0.0010630488395691	-0.0034807571209967
0.19032466411591	0.3801771402359	0.0010119155049324	-0.0035184253938496
0.19023887813091	0.38055202364922	0.00098338723182678	-0.0030276766046882
0.19011047482491	0.380266726017	0.00096169114112854	-0.0035046003758907
0.19012339413166	0.38014194369316	0.00094298273324966	-0.0033793207257986
0.19012415409088	0.38062605261803	0.00093492865562439	-0.0032793171703815
0.19018572568893	0.38013425469398	0.00092155486345291	-0.0037026759237051
0.19019117951393	0.38003200292587	0.00090804696083069	-0.0034653868060559
0.19024354219437	0.38009625673294	0.00089751929044724	-0.0034621532540768
0.19033572077751	0.38068681955338	0.00089186429977417	-0.0036023377906531
0.19026193022728	0.38052541017532	0.00088179111480713	-0.0036216776352376
0.19016034901142	0.38059312105179	0.00087130069732666	-0.0036258760374039
0.19025371968746	0.38061738014221	0.00086616724729538	-0.003735639154911
0.19032579660416	0.38122782111168	0.00086291134357452	-0.0035670450888574
0.19043257832527	0.38104373216629	0.00086247175931931	-0.0037818974815309
0.19051516056061	0.38118848204613	0.00085859000682831	-0.0036902439314872
0.1905845105648	0.38140305876732	0.00085845589637756	-0.0037209340371192
0.19062587618828	0.38161858916283	0.00085446983575821	-0.0037226178683341
0.19072376191616	0.3817575275898	0.00086516886949539	-0.0037346207536757
0.19081051647663	0.38232263922691	0.00085502117872238	-0.0037531084381044
0.19089637696743	0.38260582089424	0.00086338073015213	-0.0037334025837481
0.1909653544426	0.3825495839119	0.00086655467748642	-0.0037416443228722
0.19104510545731	0.38267505168915	0.00086624175310135	-0.0036681580822915
0.19120554625988	0.38297176361084	0.00086755305528641	-0.0037766792811453
0.19132116436958	0.38347065448761	0.00082996487617493	-0.0038114725612104
0.19137038290501	0.38357675075531	0.00086349248886108	-0.003695982741192
0.19138823449612	0.38414132595062	0.00082831829786301	-0.0037884716875851
0.19153097271919	0.38452556729317	0.00083319842815399	-0.003679710207507
0.19174152612686	0.38455563783646	0.00086348503828049	-0.0036339603830129
0.19188839197159	0.38494557142258	0.00087089836597443	-0.0037529363762587
0.19193643331528	0.38542437553406	0.00086861103773117	-0.0038305991329253
0.1920263171196	0.38586542010307	0.000870481133461	-0.003578330622986
0.19206257164478	0.3866471350193	0.00082994997501373	-0.0038327898364514
0.19224959611893	0.38663145899773	0.00086668133735657	0.38830381631851
0.19237007200718	0.38676318526268	0.00087027251720428	0.64899629354477
0.19227920472622	0.38690572977066	0.00087176263332367	0.92458045482635
0.19212244451046	0.3868288397789	0.00087260454893112	0.84279328584671
0.19197995960712	0.38673916459084	0.0008690133690834	0.78749126195908
0.19188043475151	0.38672685623169	0.00083564221858978	0.78531348705292
0.19181598722935	0.38672682642937	0.0008227676153183	0.78460669517517
0.19178688526154	0.3867566883564	0.00082281976938248	0.78409975767136
0.19177235662937	0.38681176304817	0.00082243978977203	0.78375738859177
0.19175735116005	0.38686338067055	0.00082241743803024	0.78354293107986
0.19174283742905	0.38691332936287	0.00082221627235413	0.78340148925781
0.19172984361649	0.38696786761284	0.00082217901945114	0.78335613012314
0.19172237813473	0.38703253865242	0.00082734227180481	0.78324997425079
0.19171021878719	0.38709872961044	0.00082278996706009	0.78331518173218
0.19170431792736	0.38717079162598	0.00082278251647949	0.78317415714264
0.19169102609158	0.38723307847977	0.00082285702228546	0.78322905302048
0.19168378412724	0.38730278611183	0.00082269310951233	0.78327131271362
0.19167670607567	0.38736951351166	0.00082193315029144	0.78326642513275
0.19173930585384	0.38736236095428	0.00082441419363022	0.70647811889648
0.19053679704666	0.38783302903175	0.00090689957141876	0.78846675157547
0.19044137001038	0.38940873742104	0.0026460438966751	0.79377037286758
0.1899918615818	0.39241188764572	0.0043793991208076	0.80080366134644
0.18962505459785	0.39745628833771	0.0074621960520744	0.81283438205719
0.18960399925709	0.40036243200302	0.0085443034768105	0.81622850894928
0.18923673033714	0.40530717372894	0.01111414283514	0.74524223804474
0.18890498578548	0.40879973769188	0.012055777013302	0.83315849304199
0.18872439861298	0.4127134680748	0.01343647390604	0.83418571949005
0.18818648159504	0.41784244775772	0.014871269464493	0.82827520370483
0.18769420683384	0.42606556415558	0.016596212983131	0.82423746585846
0.18748091161251	0.43333652615547	0.01760196685791	0.81886786222458
0.18755109608173	0.43936961889267	0.018162250518799	0.81335067749023
0.18733704090118	0.44488134980202	0.018642544746399	0.80995208024979
0.18682210147381	0.45113325119019	0.018919572234154	0.80517208576202
0.18679887056351	0.45451721549034	0.018897518515587	0.80083620548248
0.18656754493713	0.4663000702858	0.018162399530411	0.71029251813889
0.18600489199162	0.47630125284195	0.01716810464859	0.76846534013748
0.18589454889297	0.4806854724884	0.016782812774181	0.75698029994965
0.18593873083591	0.48286613821983	0.01668306440115	0.74928992986679
0.18565300107002	0.49231961369514	0.014363467693329	0.73432004451752
0.18460908532143	0.5009423494339	0.012316979467869	0.70798641443253
0.1847550868988	0.50694900751114	0.010202169418335	0.68669319152832
0.18442110717297	0.51510256528854	0.0057871490716934	0.60543501377106
0.18397068977356	0.52027177810669	0.0038336515426636	0.63903081417084
0.1843595802784	0.5233548283577	0.0025336742401123	0.6245037317276
0.184645652771	0.52417743206024	0.0021673887968063	0.61730444431305
0.18470403552055	0.5244392156601	0.0020904168486595	0.61662125587463
0.18472228944302	0.52462458610535	0.002071350812912	0.61398774385452
0.184730514884	0.52478951215744	0.0020668879151344	0.61110770702362
0.18472784757614	0.52494883537292	0.0020679160952568	0.61039143800735
0.18471692502499	0.52510893344879	0.0020692124962807	0.61369454860687
0.18466228246689	0.52521818876266	0.0019747689366341	0.61369776725769
0.18466565012932	0.52542620897293	0.0020452886819839	0.6130964756012
0.18467034399509	0.5255828499794	0.0020630732178688	0.61280792951584
0.1846638917923	0.52573585510254	0.0020658373832703	0.61266791820526
0.18465413153172	0.5258891582489	0.0020661652088165	0.61256754398346
0.18464538455009	0.5260414481163	0.0020652562379837	0.61251926422119
0.18463754653931	0.52619248628616	0.0020651891827583	0.61249792575836
0.18432503938675	0.52666431665421	0.0021318718791008	0.5603791475296
0.18457654118538	0.52744853496552	0.0010846480727196	0.60722702741623
0.18455322086811	0.52677112817764	0.0010734498500824	0.5992956161499
0.18483071029186	0.52661365270615	0.0010664537549019	0.59068417549133
0.18511755764484	0.52669978141785	0.0010641515254974	0.58673286437988
0.18581941723824	0.52522730827332	0.0010231882333755	-0.00018776208162308
0.18634633719921	0.52545636892319	0.00099349766969681	-0.002875785343349
0.1864760518074	0.52612012624741	0.00098375231027603	-0.0033606942743063
0.18682952225208	0.52656424045563	0.00098151713609695	-0.0032438114285469
0.18666018545628	0.52519738674164	0.00095881521701813	-0.0037310370244086
0.18656331300735	0.52489966154099	0.00093626976013184	-0.0034667490981519
0.18662455677986	0.52491134405136	0.00091870874166489	-0.0037019208539277
0.18658009171486	0.52526676654816	0.00090634822845459	-0.003417628351599
0.18644608557224	0.52587902545929	0.00090115517377853	-0.0035356630105525
0.1862914711237	0.52671456336975	0.00089889764785767	-0.0036215460859239
0.18664295971394	0.5274366736412	0.00089569389820099	-0.00373211549595
0.18707957863808	0.52523624897003	0.00087293237447739	-0.004374542273581
0.18703037500381	0.52573746442795	0.00086139887571335	-0.0036191367544234
0.18691837787628	0.52622997760773	0.0008610263466835	-0.0037371348589659
0.18688116967678	0.52623206377029	0.000865638256073	-0.0037307478487492
0.18691256642342	0.52642011642456	0.00086499750614166	-0.0037485107313842
0.1869448274374	0.52659898996353	0.00086035579442978	-0.0036296304315329
0.18691809475422	0.52739542722702	0.00086558610200882	-0.0037941616028547
0.18697516620159	0.52728450298309	0.000869981944561	-0.0035832705907524
0.18703651428223	0.52751505374908	0.00086964666843414	-0.003696161787957
0.18711298704147	0.52840656042099	0.00084029138088226	-0.0037510215770453
0.18733854591846	0.52843064069748	0.0008673369884491	-0.0034798898268491
0.18744258582592	0.52922940254211	0.00082915276288986	-0.0037579208146781
0.18751585483551	0.53023540973663	0.00082744657993317	-0.00355019653216
0.18776893615723	0.53043925762177	0.000838503241539	-0.0035709254443645
0.18803064525127	0.53048384189606	0.00086831301450729	-0.0034476413857192
0.18819668889046	0.53083050251007	0.00087272375822067	-0.0036019333638251
0.18822222948074	0.53167104721069	0.00083421915769577	-0.0036681778728962
0.18842741847038	0.53181165456772	0.00086633861064911	-0.0035811220295727
0.1884750276804	0.53249382972717	0.00087042897939682	-0.003525561420247
0.18862235546112	0.53232645988464	0.00087389349937439	-0.0035412549041212
0.18858250975609	0.53228175640106	0.00087112933397293	-0.0035230456851423
0.18849159777164	0.53218793869019	0.00082477927207947	0.46141988039017
0.18837302923203	0.53210693597794	0.00082361698150635	0.77848809957504
0.18818046152592	0.53198212385178	0.00082843750715256	0.65327602624893
0.1880634278059	0.53188192844391	0.00082339346408844	0.64815723896027
0.18800546228886	0.53182768821716	0.00082316994667053	0.64589440822601
0.1879790276289	0.53180354833603	0.00083845853805542	0.64494097232819
0.18794985115528	0.53178906440735	0.00082375109195709	0.64448767900467
0.18794001638889	0.53177630901337	0.00082287937402725	0.64424479007721
0.18793465197086	0.53176617622375	0.000823013484478	0.64418148994446
0.18792663514614	0.53174990415573	0.00082297623157501	0.64411348104477
0.18791924417019	0.53173643350601	0.00082242488861084	0.64406263828278
0.18791987001896	0.53172844648361	0.00082240253686905	0.6440304517746
0.1879485398531	0.53173571825027	0.0008225217461586	0.64398467540741
0.18797320127487	0.5317485332489	0.00082266330718994	0.64398229122162
0.18799166381359	0.53175336122513	0.00082265585660934	0.6438552737236
0.18801099061966	0.53175055980682	0.0008227676153183	0.6439396739006
0.18802551925182	0.53174340724945	0.00082264840602875	0.64389085769653
0.18804280459881	0.53173065185547	0.000823013484478	0.64389157295227
0.18782585859299	0.53168213367462	0.00082143396139145	0.64634490013123
0.18753710389137	0.53193074464798	0.00084839761257172	0.58505100011826
0.18741577863693	0.53214675188065	0.00085593014955521	0.65338432788849
0.18736143410206	0.53221243619919	0.00086239725351334	0.6552814245224
0.18730141222477	0.53220689296722	0.00087045878171921	0.65479868650436
0.18700650334358	0.53383773565292	0.0013364404439926	0.65877616405487
0.18617886304855	0.54138785600662	0.0068365558981895	0.74649822711945
0.18533043563366	0.55151629447937	0.010528780519962	0.79747045040131
0.18497039377689	0.56067669391632	0.013189017772675	0.76225316524506
0.18465925753117	0.56557428836823	0.014113195240498	0.78275817632675
0.18418291211128	0.56954497098923	0.014577321708202	0.79907685518265
0.18388752639294	0.58100891113281	0.016809456050396	0.81480568647385
0.18325226008892	0.58935075998306	0.017817169427872	0.82307279109955
0.18279448151588	0.5971907377243	0.018344506621361	0.83179885149002
0.18247140944004	0.60412728786469	0.018594026565552	0.82725584506989
0.18185776472092	0.60841131210327	0.018776774406433	0.73991829156876
0.18146266043186	0.61564540863037	0.018479943275452	0.81901168823242
0.18140561878681	0.61998945474625	0.018359899520874	0.81208038330078
0.18106685578823	0.63094514608383	0.016925618052483	0.80246704816818
0.18057990074158	0.64171230792999	0.01525990664959	0.78377097845078
0.18030479550362	0.64730006456375	0.014546118676662	0.76928263902664
0.17998722195625	0.65578073263168	0.012293390929699	0.75308746099472
0.17966724932194	0.66403472423553	0.0096120685338974	0.65363776683807
0.17910926043987	0.66922980546951	0.008818507194519	0.70644456148148
0.17877319455147	0.67350339889526	0.0075302571058273	0.69245135784149
0.17870517075062	0.67768597602844	0.0061259046196938	0.67318612337112
0.17848093807697	0.68350237607956	0.0031308829784393	0.63984167575836
0.17881742119789	0.68645602464676	0.0015804246068001	0.61106461286545
0.17913085222244	0.68738770484924	0.0010444521903992	0.6001433134079
0.17930293083191	0.68735635280609	0.0010517612099648	0.59750092029572
0.17946234345436	0.68728971481323	0.0010579898953438	0.59725165367126
0.17961865663528	0.68719965219498	0.00104720890522	0.59685266017914
0.17975606024265	0.68710875511169	0.0010393485426903	0.59911286830902
0.17984391748905	0.68699145317078	0.0010396540164948	0.60093069076538
0.17992410063744	0.686887383461	0.0010479614138603	0.60105919837952
0.18000295758247	0.68677765130997	0.0010398030281067	0.6010330915451
0.18007911741734	0.68667131662369	0.0010596737265587	0.60109317302704
0.1801056265831	0.68653720617294	0.0010399743914604	0.60097968578339
0.18013605475426	0.68641275167465	0.0010399371385574	0.60086637735367
0.18017333745956	0.68630039691925	0.0010597556829453	0.60065114498138
0.18020442128181	0.6861743927002	0.0010481625795364	0.60052233934402
0.18023863434792	0.68606626987457	0.0010597705841064	0.60027939081192
0.18026886880398	0.68590319156647	0.0010398328304291	0.60035121440887
0.18030850589275	0.68578994274139	0.0010596513748169	0.59993994235992
0.18034103512764	0.68565189838409	0.0010398477315903	0.60007685422897
0.1804855465889	0.68541806936264	0.0010396465659142	0.59456622600555
0.18074959516525	0.68538701534271	0.0010276883840561	0.59166240692139
0.18101981282234	0.68453532457352	0.00099977105855942	0.031327906996012
0.18145763874054	0.68404275178909	0.00097627192735672	-0.0034091442357749
0.18188966810703	0.68433076143265	0.00095402449369431	-0.0031483857892454
0.18203747272491	0.68449747562408	0.00094515085220337	-0.0032542194239795
0.1825333237648	0.68491715192795	0.00093532353639603	-0.0035341561306268
0.18254055082798	0.68444865942001	0.00092302262783051	-0.003422265406698
0.18268872797489	0.68442261219025	0.00090599060058594	-0.0034677679650486
0.18285246193409	0.68506270647049	0.00090139359235764	-0.003368730423972
0.18282006680965	0.68469613790512	0.00089087337255478	-0.0037276323419064
0.18288363516331	0.68463915586472	0.00088392943143845	-0.0034693710040301
0.18311361968517	0.6849809885025	0.000880166888237	-0.003617440816015
0.1831613779068	0.6849485039711	0.00087522715330124	-0.0037335711531341
0.18319633603096	0.6849507689476	0.00086909532546997	-0.003563977079466
0.18312868475914	0.6846244931221	0.00086256861686707	-0.0036949035711586
0.18308103084564	0.68471962213516	0.00085707008838654	-0.0036950241774321
0.18304090201855	0.68478965759277	0.00086244195699692	-0.0037444203626364
0.1829589009285	0.68490362167358	0.00086665898561478	-0.0037109840195626
0.18294036388397	0.68549907207489	0.00086625665426254	-0.0037336372770369
0.18296428024769	0.6857071518898	0.00086676329374313	-0.0037148450501263
0.18303430080414	0.68543070554733	0.00086944550275803	-0.0037463624030352
0.18302781879902	0.68566018342972	0.00086873769760132	-0.003765920875594
0.18294613063335	0.68627172708511	0.00086743384599686	-0.0037025522906333
0.18295300006866	0.68613600730896	0.00087013095617294	-0.0036994207184762
0.18293878436089	0.68662446737289	0.000869520008564	-0.0038147047162056
0.18302026391029	0.68723231554031	0.00086937844753265	-0.0036464247386903
0.18313798308372	0.68688893318176	0.00087224692106247	-0.0037604894023389
0.18320687115192	0.68678361177444	0.0008733868598938	-0.0037323762662709
0.18324616551399	0.68703830242157	0.00087283551692963	-0.0036317459307611
0.18328070640564	0.68736344575882	0.00087227672338486	-0.0038774409331381
0.18335910141468	0.68796306848526	0.000871442258358	-0.0037887848448008
0.18359087407589	0.6876060962677	0.00087431818246841	-0.0033252730499953
0.18354471027851	0.68805664777756	0.00087181478738785	0.72457587718964
0.18353180587292	0.68799871206284	0.0008731409907341	0.82434511184692
0.18343532085419	0.68775808811188	0.00087261199951172	0.90356951951981
0.18333277106285	0.68753707408905	0.00087267160415649	0.79247480630875
0.18327505886555	0.68738996982574	0.00087244063615799	0.78923714160919
0.18324327468872	0.68730920553207	0.00087247043848038	0.78807526826859
0.18322728574276	0.68726676702499	0.00087197124958038	0.787757396698
0.18321447074413	0.68725508451462	0.00087173283100128	0.7874960899353
0.18321539461613	0.6872570514679	0.00087177753448486	0.78731727600098
0.1832083016634	0.68726760149002	0.00087197870016098	0.7873255610466
0.1831921339035	0.68730169534683	0.00087209790945053	0.7873472571373
0.18318572640419	0.68734061717987	0.00087208300828934	0.78741008043289
0.18318824470043	0.68738001585007	0.00087220966815948	0.78742051124573
0.18321813642979	0.68738526105881	0.00087188929319382	0.78736656904221
0.1832362562418	0.6873967051506	0.00087190419435501	0.78747367858887
0.18325605988503	0.68741285800934	0.00087177753448486	0.78745400905609
0.18328922986984	0.68737763166428	0.00087177008390427	0.78640472888947
0.18216896057129	0.68765211105347	0.00087465345859528	0.78846949338913
0.18210107088089	0.68917399644852	0.0026644468307495	0.79430800676346
0.1819057315588	0.69136303663254	0.0044354870915413	0.71447277069092
0.1814940571785	0.69529151916504	0.0077693536877632	0.79705423116684
0.18111738562584	0.70036953687668	0.0097217112779617	0.81624060869217
0.18089571595192	0.7042995095253	0.010506495833397	0.81466215848923
0.18088556826115	0.70636761188507	0.010893635451794	0.82202756404877
0.18045590817928	0.71418803930283	0.0146244764328	0.82574784755707
0.17991027235985	0.7256446480751	0.017054036259651	0.75382500886917
0.17981299757957	0.73935133218765	0.018148586153984	0.81035995483398
0.17990669608116	0.75200033187866	0.018302753567696	0.80043679475784
0.18030995130539	0.75762951374054	0.018313392996788	0.7890590429306
0.18008132278919	0.76112401485443	0.018698751926422	0.78283250331879
0.17996841669083	0.77445697784424	0.016749829053879	0.77363508939743
0.17954541742802	0.78186428546906	0.015977934002876	0.67461335659027
0.17933434247971	0.78791242837906	0.014955379068851	0.73767256736755
0.17865271866322	0.79605633020401	0.012792147696018	0.72106748819351
0.17840012907982	0.80176103115082	0.010491505265236	0.70459878444672
0.17855587601662	0.80668884515762	0.0085157006978989	0.69072568416595
0.17874336242676	0.81030136346817	0.007802926003933	0.67161673307419
0.17893278598785	0.81369560956955	0.0060883834958076	0.6541902422905
0.17885532975197	0.81587582826614	0.0056346282362938	0.64513963460922
0.17892009019852	0.81810820102692	0.0031127706170082	0.64289402961731
0.17903085052967	0.81915903091431	0.0024843364953995	0.64230859279633
0.17913247644901	0.82023543119431	0.002303272485733	0.56936037540436
0.17919737100601	0.82092761993408	0.0021601542830467	0.62128627300262
0.17923828959465	0.8212308883667	0.0021100118756294	0.61501359939575
0.17927588522434	0.82135677337646	0.0020891353487968	0.61211335659027
0.17931391298771	0.82143652439117	0.0020784139633179	0.61058461666107
0.17935428023338	0.82152414321899	0.002073161303997	0.61264842748642
0.17937560379505	0.82162725925446	0.0020670741796494	0.61220985651016
0.17939007282257	0.82173216342926	0.0020649954676628	0.61158990859985
0.17940193414688	0.82183867692947	0.0020637512207031	0.61119657754898
0.17941296100616	0.82194977998734	0.0020636320114136	0.61093056201935
0.17941972613335	0.82206451892853	0.0020637810230255	0.61074167490005
0.17942489683628	0.82218205928802	0.0020644888281822	0.61060208082199
0.17942905426025	0.82230490446091	0.0020648688077927	0.61049807071686
0.17943245172501	0.82243138551712	0.0020647719502449	0.61041456460953
0.17943629622459	0.82256186008453	0.0020642653107643	0.61037200689316
0.17944015562534	0.8226957321167	0.0020646899938583	0.61032545566559
0.17966738343239	0.82328540086746	0.001041367650032	0.55410289764404
0.18031921982765	0.82307761907578	0.0010289624333382	0.4867177605629
0.18067391216755	0.82287490367889	0.0010162964463234	0.19944255053997
0.18093621730804	0.82242476940155	0.0010011568665504	-0.0035901940427721
0.18119934201241	0.82264506816864	0.00098616629838943	-0.0030659723561257
0.18129135668278	0.82226419448853	0.00096897035837173	-0.0035842738579959
0.18144448101521	0.82214885950089	0.00095844268798828	-0.0031093519646674
0.1815759241581	0.82211446762085	0.00094268471002579	-0.0033355704508722
0.18167842924595	0.82214081287384	0.0009319856762886	-0.0032508946023881
0.1819289624691	0.82245719432831	0.00092729181051254	-0.0034751421771944
0.18215754628181	0.82293343544006	0.00092554092407227	-0.0032175790984184
0.18201553821564	0.82207071781158	0.00089965015649796	-0.0037115127779543
0.18232251703739	0.82284498214722	0.00088986754417419	-0.0033476569224149
0.18197731673717	0.8226712346077	0.00086823850870132	-0.0034088627435267
0.18205292522907	0.82378268241882	0.00086081027984619	-0.0037130699492991
0.18279559910297	0.82516723871231	0.00085882842540741	-0.0034682143013924
0.18349555134773	0.82645392417908	0.00085873901844025	-0.0034441493917257
0.18349801003933	0.82560032606125	0.00087078660726547	-0.0038986108265817
0.18350583314896	0.82630461454391	0.00086724013090134	-0.0035502675455064
0.18364018201828	0.82774430513382	0.00086639821529388	-0.0035566370934248
0.18383097648621	0.82772094011307	0.00087003409862518	-0.0037679702509195
0.18399339914322	0.8287501335144	0.00084097683429718	-0.0036782380193472
0.18423250317574	0.82907247543335	0.00086613744497299	-0.0036322404630482
0.18444609642029	0.82941752672195	0.00087227672338486	-0.0037429712247103
0.18456876277924	0.83018559217453	0.00087123364210129	-0.003705891314894
0.18478532135487	0.83028322458267	0.00087026506662369	-0.0038458867929876
0.18499512970448	0.83084118366241	0.00087197870016098	-0.0035458854399621
0.18523816764355	0.83114451169968	0.00087306648492813	0.47531586885452
0.18535447120667	0.83084630966187	0.00087384134531021	1.0020177364349
0.18527606129646	0.83059304952621	0.00087326765060425	0.90117466449738
0.18513970077038	0.83033806085587	0.00087366253137589	0.81775730848312
0.18505570292473	0.83023208379745	0.00087292492389679	0.81608885526657
0.18501840531826	0.83022266626358	0.00087308883666992	0.81553381681442
0.18501004576683	0.83026897907257	0.00087249279022217	0.81545275449753
0.18499767780304	0.83035200834274	0.00083882361650467	0.81542474031448
0.18501034379005	0.83045321702957	0.0008384957909584	0.81541633605957
0.18503104150295	0.83056908845901	0.00083843618631363	0.81545847654343
0.1850571334362	0.83069294691086	0.00083832442760468	0.81546437740326
0.18508613109589	0.83082073926926	0.00083829462528229	0.81546527147293
0.18511198461056	0.83095473051071	0.00083819031715393	0.8154182434082
0.18514212965965	0.83107078075409	0.00083833187818527	0.81546801328659
0.1851794719696	0.83118516206741	0.00083830952644348	0.81544953584671
0.18522362411022	0.8313022851944	0.00083830207586288	0.81541919708252
0.18526194989681	0.8314089179039	0.0008382573723793	0.81305170059204
0.1852947473526	0.8315172791481	0.00083818286657333	0.81257039308548
0.1845755726099	0.83229863643646	0.0023416504263878	0.80748450756073
0.18422594666481	0.83327490091324	0.0027938410639763	0.73550099134445
0.1840875595808	0.83468592166901	0.0029573068022728	0.81130295991898
0.18397584557533	0.83849990367889	0.0069644898176193	0.79877835512161
0.18361578881741	0.84170460700989	0.0085155293345451	0.80071991682053
0.18310607969761	0.84936785697937	0.012375332415104	0.86642777919769
0.18296885490417	0.85360026359558	0.013720870018005	0.77682530879974
0.1827262789011	0.85915857553482	0.015587493777275	0.77357709407806
0.18238466978073	0.86342871189117	0.01618679612875	1.7065145969391
0.18206317722797	0.87483233213425	0.017922967672348	0.90553486347198
0.1820974200964	0.88858932256699	0.018310055136681	0.73651164770126
0.18153603374958	0.89611560106277	0.018558129668236	0.73173421621323
0.18130990862846	0.9086480140686	0.016954660415649	0.71441572904587
0.18107271194458	0.91437363624573	0.016299799084663	0.69172638654709
0.18100494146347	0.91739535331726	0.016195595264435	0.6901421546936
0.18066629767418	0.92646992206573	0.013241559267044	0.61242496967316
0.18024241924286	0.93886345624924	0.0059998854994774	0.65403753519058
0.18013341724873	0.94547915458679	0.0032678917050362	0.61937898397446
0.18055115640163	0.94778615236282	0.00271075963974	0.60771363973618
0.18071436882019	0.9485427737236	0.0025924742221832	0.60620880126953
0.18076883256435	0.94890815019608	0.0025713220238686	0.60652810335159
0.18080423772335	0.94920355081558	0.002567782998085	0.6065337061882
0.18084701895714	0.94948554039001	0.0025666877627373	0.60644519329071
0.18089233338833	0.94976449012756	0.0025667771697044	0.60630053281784
0.18090263009071	0.95000356435776	0.0024853199720383	0.60618370771408
0.18096679449081	0.95032066106796	0.0025529712438583	0.60608577728271
0.18103462457657	0.95059323310852	0.002550482749939	0.60612940788269
0.18110582232475	0.95085728168488	0.0025580227375031	0.54554903507233
0.18115177750587	0.95113629102707	0.0025656223297119	0.60777586698532
0.18118804693222	0.95142006874084	0.0025663301348686	0.60680019855499
0.18122358620167	0.95170521736145	0.0025667697191238	0.60642611980438
0.18125988543034	0.95199555158615	0.0025700181722641	0.60618090629578
0.18139857053757	0.95232462882996	0.0017969533801079	0.60956585407257
0.18173067271709	0.9524889588356	0.0010318607091904	0.58114945888519
0.18195736408234	0.95147848129272	0.0010184198617935	0.49605345726013
0.18230602145195	0.95143389701843	0.0010163858532906	0.004617958329618
0.18246752023697	0.95185130834579	0.0010086596012115	-0.0030884365551174
0.18273995816708	0.95076763629913	0.00098954141139984	-0.0034764162264764
0.18299436569214	0.95046204328537	0.00096836686134338	-0.0034120485652238
0.18338091671467	0.95073783397675	0.00096071511507034	-0.0031460016034544
0.18340530991554	0.94965606927872	0.00093939155340195	-0.0038294948171824
0.18354769051075	0.94959592819214	0.00091759115457535	-0.003168708877638
0.18381007015705	0.95011252164841	0.00091348588466644	-0.0033028498291969
0.18381610512733	0.94984489679337	0.00090170651674271	-0.0037991828285158
0.18391859531403	0.94982659816742	0.00089037418365479	-0.003586848732084
0.18400004506111	0.94962573051453	0.00087960064411163	-0.0035578005481511
0.1839921027422	0.94978642463684	0.00087263435125351	-0.0035975980572402
0.18406796455383	0.95040082931519	0.00086832046508789	-0.0036419741809368
0.18404583632946	0.95046591758728	0.00086575001478195	-0.0036688323598355
0.18409688770771	0.95002031326294	0.00085955113172531	-0.0037307185120881
0.18412078917027	0.94997352361679	0.00085195899009705	-0.0036657291930169
0.18428152799606	0.95041054487228	0.00086170434951782	-0.0037165624089539
0.18444348871708	0.95051884651184	0.00086676329374313	-0.0037399344146252
0.18451875448227	0.95062893629074	0.00086616724729538	-0.0037187715061009
0.1845333725214	0.95028120279312	0.00086795538663864	-0.0037541936617345
0.18465252220631	0.95069700479507	0.00086627900600433	-0.003734965575859
0.18484383821487	0.95139634609222	0.00086601078510284	-0.0037344850134104
0.18504700064659	0.95100086927414	0.00086880475282669	-0.0038168497849256
0.18514624238014	0.95086276531219	0.00086808949708939	-0.0036284781526774
0.18517793715	0.95073622465134	0.0008678063750267	-0.0036758403293788
0.18536649644375	0.95133852958679	0.0008670836687088	-0.0038689938373864
0.18560498952866	0.95209324359894	0.00086688250303268	-0.0037938863970339
0.18604452908039	0.95148479938507	0.00087509304285049	-0.0034122657962143
0.18635368347168	0.9516693353653	0.00087479501962662	-0.0039269221015275
0.18644750118256	0.95241910219193	0.00087222456932068	-0.0036028898321092
0.18671634793282	0.95215100049973	0.00087645649909973	0.66919052600861
0.18669553101063	0.95244550704956	0.00087244063615799	0.95751458406448
0.18658901751041	0.9525311589241	0.00087207555770874	0.8718358874321
0.18636357784271	0.95236426591873	0.00087232887744904	0.78909236192703
0.18622013926506	0.95222681760788	0.0008724257349968	0.7850216627121
0.18614940345287	0.9521911740303	0.00087215006351471	0.78356528282166
0.18613198399544	0.95220774412155	0.0008358508348465	0.78355741500854
0.1861224770546	0.95224004983902	0.00083570927381516	0.78379845619202
0.18611393868923	0.95230221748352	0.0008356124162674	0.78378427028656
0.18612134456635	0.95236712694168	0.00083556771278381	0.78364312648773
0.18614004552364	0.95243120193481	0.00083566457033157	0.78365623950958
0.18616047501564	0.9524946808815	0.00083562731742859	0.783671438694
0.18619564175606	0.95255345106125	0.00083555281162262	0.78352344036102
0.18624070286751	0.95260828733444	0.00083565711975098	0.78380554914474
0.18628263473511	0.95266324281693	0.00083573907613754	0.78381884098053
0.18627208471298	0.95281857252121	0.00085350871086121	0.78415310382843
0.18639945983887	0.95288217067719	0.00087044388055801	0.78219604492188
0.18653713166714	0.95294219255447	0.00087250769138336	0.78420609235764
0.18560004234314	0.95617377758026	0.0064461603760719	0.70848709344864
0.18511702120304	0.96054339408875	0.0081746354699135	0.80497133731842
0.18508259952068	0.96656739711761	0.010868288576603	0.82146197557449
0.18517082929611	0.97007197141647	0.011933423578739	0.82937800884247
0.18500454723835	0.97345358133316	0.013335272669792	0.83164292573929
0.18500871956348	0.9751461148262	0.013844341039658	0.83029001951218
0.18504984676838	0.97570735216141	0.014024518430233	0.83029764890671
0.18493515253067	0.97870433330536	0.015013426542282	0.82780802249908
0.18496924638748	0.98570871353149	0.01706375181675	0.82521229982376
0.18515601754189	0.98891365528107	0.017739057540894	0.82371425628662
0.18553438782692	0.99005919694901	0.01791886985302	0.82338839769363
0.18634426593781	0.99236458539963	0.017977923154831	0.73373258113861
0.18590930104256	1.007061123848	0.018673166632652	0.79271250963211
0.18501470983028	1.0169831514359	0.018561363220215	0.77487325668335
0.18510083854198	1.0275988578796	0.016710326075554	0.75253927707672
0.18517743051052	1.0337107181549	0.015953689813614	0.7311949133873
0.1853750795126	1.0367783308029	0.015605255961418	0.72304505109787
0.1858721524477	1.046513915062	0.010515160858631	0.70584523677826
0.18567506968975	1.0526058673859	0.008186087012291	0.61011976003647
0.18577654659748	1.0563538074493	0.0075823441147804	0.65675777196884
0.18625600636005	1.0608512163162	0.0034144818782806	0.63239699602127
0.18659031391144	1.062961935997	0.0022754445672035	0.61766469478607
0.18673983216286	1.0635509490967	0.0019485652446747	0.61339056491852
