6,0.000,0.010,0.062,-0.348
6,0.100,0.009,0.046,-0.341
6,0.200,0.008,0.032,-0.333
6,0.300,0.008,0.018,-0.324
6,0.400,0.007,0.005,-0.314
6,0.500,0.006,-0.007,-0.304
6,0.600,0.006,-0.018,-0.292
6,0.700,0.005,-0.028,-0.280
6,0.800,0.004,-0.037,-0.267
6,0.900,0.004,-0.046,-0.254
6,1.000,0.003,-0.053,-0.239
6,1.100,0.003,-0.060,-0.224
6,1.200,0.002,-0.066,-0.208
6,1.300,0.002,-0.071,-0.191
6,1.400,0.001,-0.075,-0.173
6,1.500,0.001,-0.078,-0.155
6,1.600,0.001,-0.081,-0.136
6,1.700,0.000,-0.082,-0.116
6,1.800,-0.000,-0.083,-0.096
6,1.900,-0.000,-0.083,-0.074
6,2.000,-0.001,-0.083,-0.052
6,2.100,-0.001,-0.081,-0.029
6,2.200,-0.001,-0.079,-0.005
6,2.300,-0.002,-0.076,0.019
6,2.400,-0.002,-0.072,0.044
6,2.500,-0.002,-0.067,0.071
6,2.600,-0.003,-0.061,0.098
6,2.700,-0.003,-0.055,0.125
6,2.800,-0.003,-0.048,0.154
6,2.900,-0.003,-0.040,0.184
6,3.000,-0.003,-0.031,0.215
6,3.100,-0.004,-0.021,0.246
6,3.200,-0.004,-0.010,0.279
6,3.300,-0.004,0.001,0.313
6,3.400,-0.004,0.014,0.349
6,3.500,-0.005,0.027,0.385
6,3.600,-0.005,0.042,0.423
6,3.700,-0.005,0.058,0.463
6,3.800,-0.005,0.075,0.504
6,3.900,-0.005,0.094,0.547
6,4.000,-0.005,0.114,0.593
6,4.100,-0.005,0.085,0.560
6,4.200,-0.005,0.054,0.524
6,4.300,-0.005,0.022,0.484
6,4.400,-0.005,-0.011,0.440
6,4.500,-0.005,-0.045,0.394
6,4.600,-0.005,-0.079,0.346
6,4.700,-0.005,-0.113,0.295
6,4.800,-0.005,-0.147,0.244
6,4.900,-0.005,-0.181,0.191
6,5.000,-0.004,-0.213,0.138
6,5.100,-0.004,-0.245,0.085
6,5.200,-0.004,-0.275,0.032
6,5.300,-0.004,-0.303,-0.021
6,5.400,-0.003,-0.329,-0.072
6,5.500,-0.003,-0.353,-0.123
6,5.600,-0.003,-0.373,-0.172
6,5.700,-0.002,-0.391,-0.219
6,5.800,-0.002,-0.406,-0.263
6,5.900,-0.001,-0.417,-0.305
6,6.000,-0.001,-0.424,-0.345
6,6.100,-0.000,-0.427,-0.380
6,6.200,0.000,-0.425,-0.413
6,6.300,0.001,-0.419,-0.441
6,6.400,0.002,-0.409,-0.466
6,6.500,0.002,-0.394,-0.486
6,6.600,0.003,-0.375,-0.502
6,6.700,0.004,-0.352,-0.513
6,6.800,0.004,-0.326,-0.520
6,6.900,0.005,-0.296,-0.523
6,7.000,0.006,-0.264,-0.522
6,7.100,0.006,-0.231,-0.517
6,7.200,0.007,-0.196,-0.508
6,7.300,0.008,-0.161,-0.496
6,7.400,0.008,-0.125,-0.481
6,7.500,0.009,-0.090,-0.464
6,7.600,0.009,-0.057,-0.444
6,7.700,0.009,-0.024,-0.422
6,7.800,0.010,0.007,-0.399
6,7.900,0.010,0.035,-0.374
6,8.000,0.010,0.062,-0.348
6,0.100,0.009,0.046,-0.341
6,0.200,0.008,0.032,-0.333
6,0.300,0.008,0.018,-0.324
6,0.400,0.007,0.005,-0.314
6,0.500,0.006,-0.007,-0.304
6,0.600,0.006,-0.018,-0.292
6,0.700,0.005,-0.028,-0.280
6,0.800,0.004,-0.037,-0.267
6,0.900,0.004,-0.046,-0.254
6,1.000,0.003,-0.053,-0.239
6,1.100,0.003,-0.060,-0.224
6,1.200,0.002,-0.066,-0.208
6,1.300,0.002,-0.071,-0.191
6,1.400,0.001,-0.075,-0.173
6,1.500,0.001,-0.078,-0.155
6,1.600,0.001,-0.081,-0.136
6,1.700,0.000,-0.082,-0.116
6,1.800,-0.000,-0.083,-0.096
6,1.900,-0.000,-0.083,-0.074
6,2.000,-0.001,-0.083,-0.052
6,2.100,-0.001,-0.081,-0.029
6,2.200,-0.001,-0.079,-0.005
6,2.300,-0.002,-0.076,0.019
6,2.400,-0.002,-0.072,0.044
6,2.500,-0.002,-0.067,0.071
6,2.600,-0.003,-0.061,0.098
6,2.700,-0.003,-0.055,0.125
6,2.800,-0.003,-0.048,0.154
6,2.900,-0.003,-0.040,0.184
6,3.000,-0.003,-0.031,0.215
6,3.100,-0.004,-0.021,0.246
6,3.200,-0.004,-0.010,0.279
6,3.300,-0.004,0.001,0.313
6,3.400,-0.004,0.014,0.349
6,3.500,-0.005,0.027,0.385
6,3.600,-0.005,0.042,0.423
6,3.700,-0.005,0.058,0.463
6,3.800,-0.005,0.075,0.504
6,3.900,-0.005,0.094,0.547
6,4.000,-0.005,0.114,0.593
6,4.100,-0.005,0.085,0.560
6,4.200,-0.005,0.054,0.524
6,4.300,-0.005,0.022,0.484
6,4.400,-0.005,-0.011,0.440
6,4.500,-0.005,-0.045,0.394
6,4.600,-0.005,-0.079,0.346
6,4.700,-0.005,-0.113,0.295
6,4.800,-0.005,-0.147,0.244
6,4.900,-0.005,-0.181,0.191
6,5.000,-0.004,-0.213,0.138
6,5.100,-0.004,-0.245,0.085
6,5.200,-0.004,-0.275,0.032
6,5.300,-0.004,-0.303,-0.021
6,5.400,-0.003,-0.329,-0.072
6,5.500,-0.003,-0.353,-0.123
6,5.600,-0.003,-0.373,-0.172
6,5.700,-0.002,-0.391,-0.219
6,5.800,-0.002,-0.406,-0.263
6,5.900,-0.001,-0.417,-0.305
6,6.000,-0.001,-0.424,-0.345
6,6.100,-0.000,-0.427,-0.380
6,6.200,0.000,-0.425,-0.413
6,6.300,0.001,-0.419,-0.441
6,6.400,0.002,-0.409,-0.466
6,6.500,0.002,-0.394,-0.486
6,6.600,0.003,-0.375,-0.502
6,6.700,0.004,-0.352,-0.513
6,6.800,0.004,-0.326,-0.520
6,6.900,0.005,-0.296,-0.523
6,7.000,0.006,-0.264,-0.522
6,7.100,0.006,-0.231,-0.517
6,7.200,0.007,-0.196,-0.508
6,7.300,0.008,-0.161,-0.496
6,7.400,0.008,-0.125,-0.481
6,7.500,0.009,-0.090,-0.464
6,7.600,0.009,-0.057,-0.444
6,7.700,0.009,-0.024,-0.422
6,7.800,0.010,0.007,-0.399
6,7.900,0.010,0.035,-0.374
6,8.000,0.010,0.062,-0.348
6,0.100,0.009,0.046,-0.341
6,0.200,0.008,0.032,-0.333
6,0.300,0.008,0.018,-0.324
6,0.400,0.007,0.005,-0.314
6,0.500,0.006,-0.007,-0.304
6,0.600,0.006,-0.018,-0.292
6,0.700,0.005,-0.028,-0.280
6,0.800,0.004,-0.037,-0.267
6,0.900,0.004,-0.046,-0.254
6,1.000,0.003,-0.053,-0.239
6,1.100,0.003,-0.060,-0.224
6,1.200,0.002,-0.066,-0.208
6,1.300,0.002,-0.071,-0.191
6,1.400,0.001,-0.075,-0.173
6,1.500,0.001,-0.078,-0.155
6,1.600,0.001,-0.081,-0.136
6,1.700,0.000,-0.082,-0.116
6,1.800,-0.000,-0.083,-0.096
6,1.900,-0.000,-0.083,-0.074
6,2.000,-0.001,-0.083,-0.052
6,2.100,-0.001,-0.081,-0.029
6,2.200,-0.001,-0.079,-0.005
6,2.300,-0.002,-0.076,0.019
6,2.400,-0.002,-0.072,0.044
6,2.500,-0.002,-0.067,0.071
6,2.600,-0.003,-0.061,0.098
6,2.700,-0.003,-0.055,0.125
6,2.800,-0.003,-0.048,0.154
6,2.900,-0.003,-0.040,0.184
6,3.000,-0.003,-0.031,0.215
6,3.100,-0.004,-0.021,0.246
6,3.200,-0.004,-0.010,0.279
6,3.300,-0.004,0.001,0.313
6,3.400,-0.004,0.014,0.349
6,3.500,-0.005,0.027,0.385
6,3.600,-0.005,0.042,0.423
6,3.700,-0.005,0.058,0.463
6,3.800,-0.005,0.075,0.504
6,3.900,-0.005,0.094,0.547
6,4.000,-0.005,0.114,0.593
6,4.100,-0.005,0.085,0.560
6,4.200,-0.005,0.054,0.524
6,4.300,-0.005,0.022,0.484
6,4.400,-0.005,-0.011,0.440
6,4.500,-0.005,-0.045,0.394
6,4.600,-0.005,-0.079,0.346
6,4.700,-0.005,-0.113,0.295
6,4.800,-0.005,-0.147,0.244
6,4.900,-0.005,-0.181,0.191
6,5.000,-0.004,-0.213,0.138
6,5.100,-0.004,-0.245,0.085
6,5.200,-0.004,-0.275,0.032
6,5.300,-0.004,-0.303,-0.021
6,5.400,-0.003,-0.329,-0.072
6,5.500,-0.003,-0.353,-0.123
6,5.600,-0.003,-0.373,-0.172
6,5.700,-0.002,-0.391,-0.219
6,5.800,-0.002,-0.406,-0.263
6,5.900,-0.001,-0.417,-0.305
6,6.000,-0.001,-0.424,-0.345
6,6.100,-0.000,-0.427,-0.380
6,6.200,0.000,-0.425,-0.413
6,6.300,0.001,-0.419,-0.441
6,6.400,0.002,-0.409,-0.466
6,6.500,0.002,-0.394,-0.486
6,6.600,0.003,-0.375,-0.502
6,6.700,0.004,-0.352,-0.513
6,6.800,0.004,-0.326,-0.520
6,6.900,0.005,-0.296,-0.523
6,7.000,0.006,-0.264,-0.522
6,7.100,0.006,-0.231,-0.517
6,7.200,0.007,-0.196,-0.508
6,7.300,0.008,-0.161,-0.496
6,7.400,0.008,-0.125,-0.481
6,7.500,0.009,-0.090,-0.464
6,7.600,0.009,-0.057,-0.444
6,7.700,0.009,-0.024,-0.422
6,7.800,0.010,0.007,-0.399
6,7.900,0.010,0.035,-0.374
6,8.000,0.010,0.062,-0.348
6,0.100,0.009,0.046,-0.341
6,0.200,0.008,0.032,-0.333
6,0.300,0.008,0.018,-0.324
6,0.400,0.007,0.005,-0.314
6,0.500,0.006,-0.007,-0.304
6,0.600,0.006,-0.018,-0.292
6,0.700,0.005,-0.028,-0.280
6,0.800,0.004,-0.037,-0.267
6,0.900,0.004,-0.046,-0.254
6,1.000,0.003,-0.053,-0.239
6,1.100,0.003,-0.060,-0.224
6,1.200,0.002,-0.066,-0.208
6,1.300,0.002,-0.071,-0.191
6,1.400,0.001,-0.075,-0.173
6,1.500,0.001,-0.078,-0.155
6,1.600,0.001,-0.081,-0.136
6,1.700,0.000,-0.082,-0.116
6,1.800,-0.000,-0.083,-0.096
6,1.900,-0.000,-0.083,-0.074
6,2.000,-0.001,-0.083,-0.052
6,2.100,-0.001,-0.081,-0.029
6,2.200,-0.001,-0.079,-0.005
6,2.300,-0.002,-0.076,0.019
6,2.400,-0.002,-0.072,0.044
6,2.500,-0.002,-0.067,0.071
6,2.600,-0.003,-0.061,0.098
6,2.700,-0.003,-0.055,0.125
6,2.800,-0.003,-0.048,0.154
6,2.900,-0.003,-0.040,0.184
6,3.000,-0.003,-0.031,0.215
6,3.100,-0.004,-0.021,0.246
6,3.200,-0.004,-0.010,0.279
6,3.300,-0.004,0.001,0.313
6,3.400,-0.004,0.014,0.349
6,3.500,-0.005,0.027,0.385
6,3.600,-0.005,0.042,0.423
6,3.700,-0.005,0.058,0.463
6,3.800,-0.005,0.075,0.504
6,3.900,-0.005,0.094,0.547
6,4.000,-0.005,0.114,0.593
6,4.100,-0.005,0.085,0.560
6,4.200,-0.005,0.054,0.524
6,4.300,-0.005,0.022,0.484
6,4.400,-0.005,-0.011,0.440
6,4.500,-0.005,-0.045,0.394
6,4.600,-0.005,-0.079,0.346
6,4.700,-0.005,-0.113,0.295
6,4.800,-0.005,-0.147,0.244
6,4.900,-0.005,-0.181,0.191
6,5.000,-0.004,-0.213,0.138
6,5.100,-0.004,-0.245,0.085
6,5.200,-0.004,-0.275,0.032
6,5.300,-0.004,-0.303,-0.021
6,5.400,-0.003,-0.329,-0.072
6,5.500,-0.003,-0.353,-0.123
6,5.600,-0.003,-0.373,-0.172
6,5.700,-0.002,-0.391,-0.219
6,5.800,-0.002,-0.406,-0.263
6,5.900,-0.001,-0.417,-0.305
6,6.000,-0.001,-0.424,-0.345
6,6.100,-0.000,-0.427,-0.380
6,6.200,0.000,-0.425,-0.413
6,6.300,0.001,-0.419,-0.441
6,6.400,0.002,-0.409,-0.466
6,6.500,0.002,-0.394,-0.486
6,6.600,0.003,-0.375,-0.502
6,6.700,0.004,-0.352,-0.513
6,6.800,0.004,-0.326,-0.520
6,6.900,0.005,-0.296,-0.523
6,7.000,0.006,-0.264,-0.522
6,7.100,0.006,-0.231,-0.517
6,7.200,0.007,-0.196,-0.508
6,7.300,0.008,-0.161,-0.496
6,7.400,0.008,-0.125,-0.481
6,7.500,0.009,-0.090,-0.464
6,7.600,0.009,-0.057,-0.444
6,7.700,0.009,-0.024,-0.422
6,7.800,0.010,0.007,-0.399
6,7.900,0.010,0.035,-0.374
6,8.000,0.010,0.062,-0.348
6,0.100,0.009,0.046,-0.341
6,0.200,0.008,0.032,-0.333
6,0.300,0.008,0.018,-0.324
6,0.400,0.007,0.005,-0.314
6,0.500,0.006,-0.007,-0.304
6,0.600,0.006,-0.018,-0.292
6,0.700,0.005,-0.028,-0.280
6,0.800,0.004,-0.037,-0.267
6,0.900,0.004,-0.046,-0.254
6,1.000,0.003,-0.053,-0.239
6,1.100,0.003,-0.060,-0.224
6,1.200,0.002,-0.066,-0.208
6,1.300,0.002,-0.071,-0.191
6,1.400,0.001,-0.075,-0.173
6,1.500,0.001,-0.078,-0.155
6,1.600,0.001,-0.081,-0.136
6,1.700,0.000,-0.082,-0.116
6,1.800,-0.000,-0.083,-0.096
6,1.900,-0.000,-0.083,-0.074
6,2.000,-0.001,-0.083,-0.052
6,2.100,-0.001,-0.081,-0.029
6,2.200,-0.001,-0.079,-0.005
6,2.300,-0.002,-0.076,0.019
6,2.400,-0.002,-0.072,0.044
6,2.500,-0.002,-0.067,0.071
6,2.600,-0.003,-0.061,0.098
6,2.700,-0.003,-0.055,0.125
6,2.800,-0.003,-0.048,0.154
6,2.900,-0.003,-0.040,0.184
6,3.000,-0.003,-0.031,0.215
6,3.100,-0.004,-0.021,0.246
6,3.200,-0.004,-0.010,0.279
6,3.300,-0.004,0.001,0.313
6,3.400,-0.004,0.014,0.349
6,3.500,-0.005,0.027,0.385
6,3.600,-0.005,0.042,0.423
6,3.700,-0.005,0.058,0.463
6,3.800,-0.005,0.075,0.504
6,3.900,-0.005,0.094,0.547
6,4.000,-0.005,0.114,0.593
6,4.100,-0.005,0.085,0.560
6,4.200,-0.005,0.054,0.524
6,4.300,-0.005,0.022,0.484
6,4.400,-0.005,-0.011,0.440
6,4.500,-0.005,-0.045,0.394
6,4.600,-0.005,-0.079,0.346
6,4.700,-0.005,-0.113,0.295
6,4.800,-0.005,-0.147,0.244
6,4.900,-0.005,-0.181,0.191
6,5.000,-0.004,-0.213,0.138
6,5.100,-0.004,-0.245,0.085
6,5.200,-0.004,-0.275,0.032
6,5.300,-0.004,-0.303,-0.021
6,5.400,-0.003,-0.329,-0.072
6,5.500,-0.003,-0.353,-0.123
6,5.600,-0.003,-0.373,-0.172
6,5.700,-0.002,-0.391,-0.219
6,5.800,-0.002,-0.406,-0.263
6,5.900,-0.001,-0.417,-0.305
6,6.000,-0.001,-0.424,-0.345
6,6.100,-0.000,-0.427,-0.380
6,6.200,0.000,-0.425,-0.413
6,6.300,0.001,-0.419,-0.441
6,6.400,0.001,-0.412,-0.431
6,6.500,0.001,-0.400,-0.445
6,6.600,0.002,-0.386,-0.456
6,6.700,0.002,-0.368,-0.463
6,6.800,0.003,-0.347,-0.467
6,6.900,0.003,-0.325,-0.468
6,7.000,0.003,-0.300,-0.465
6,7.100,0.004,-0.273,-0.459
6,7.200,0.004,-0.245,-0.451
6,7.300,0.005,-0.215,-0.439
6,7.400,0.005,-0.186,-0.425
6,7.500,0.005,-0.156,-0.409
6,7.600,0.005,-0.126,-0.390
6,7.700,0.006,-0.096,-0.370
6,7.800,0.006,-0.068,-0.347
6,7.900,0.006,-0.040,-0.323
6,8.000,0.006,-0.013,-0.298
6,0.100,0.005,-0.023,-0.286
6,0.200,0.005,-0.033,-0.273
6,0.300,0.004,-0.042,-0.260
6,0.400,0.004,-0.050,-0.246
6,0.500,0.003,-0.057,-0.231
6,0.600,0.003,-0.063,-0.215
6,0.700,0.002,-0.069,-0.199
6,0.800,0.002,-0.073,-0.181
6,0.900,0.001,-0.077,-0.163
6,1.000,0.001,-0.080,-0.145
6,1.100,0.000,-0.082,-0.125
6,1.200,0.000,-0.083,-0.105
6,1.300,-0.000,-0.083,-0.084
6,1.400,-0.001,-0.083,-0.062
6,1.500,-0.001,-0.082,-0.039
6,1.600,-0.001,-0.080,-0.016
6,1.700,-0.002,-0.077,0.008
6,1.800,-0.002,-0.073,0.033
6,1.900,-0.002,-0.069,0.059
6,2.000,-0.002,-0.064,0.085
6,2.100,-0.003,-0.058,0.113
6,2.200,-0.003,-0.051,0.141
6,2.300,-0.003,-0.043,0.171
6,2.400,-0.003,-0.035,0.201
6,2.500,-0.004,-0.026,0.232
6,2.600,-0.004,-0.015,0.265
6,2.700,-0.004,-0.004,0.298
6,2.800,-0.004,0.008,0.333
6,2.900,-0.004,0.021,0.369
6,3.000,-0.005,0.036,0.406
6,3.100,-0.005,0.051,0.445
6,3.200,-0.005,0.067,0.486
6,3.300,-0.005,0.085,0.528
6,3.400,-0.005,0.105,0.572
6,3.500,-0.006,0.126,0.619
6,3.600,-0.006,0.148,0.668
6,3.700,-0.006,0.173,0.720
6,3.800,-0.006,0.200,0.776
6,3.900,-0.006,0.231,0.837
6,4.000,-0.006,0.265,0.903
6,4.100,-0.005,0.085,0.561
6,4.200,-0.005,0.055,0.527
6,4.300,-0.005,0.025,0.490
6,4.400,-0.005,-0.006,0.452
6,4.500,-0.005,-0.038,0.411
6,4.600,-0.005,-0.069,0.370
6,4.700,-0.005,-0.100,0.327
6,4.800,-0.005,-0.131,0.283
6,4.900,-0.005,-0.162,0.239
6,5.000,-0.005,-0.191,0.195
6,5.100,-0.005,-0.220,0.151
6,5.200,-0.004,-0.247,0.107
6,5.300,-0.004,-0.273,0.064
6,5.400,-0.004,-0.297,0.022
6,5.500,-0.004,-0.319,-0.020
6,5.600,-0.003,-0.339,-0.060
6,5.700,-0.004,-0.344,-0.059
6,5.800,-0.003,-0.364,-0.109
6,5.900,-0.003,-0.381,-0.157
6,6.000,-0.002,-0.394,-0.202
6,6.100,-0.002,-0.404,-0.243
6,6.200,-0.002,-0.410,-0.281
6,6.300,-0.001,-0.411,-0.316
6,6.400,-0.001,-0.408,-0.346
6,6.500,-0.000,-0.401,-0.372
6,6.600,0.000,-0.390,-0.394
6,6.700,0.001,-0.375,-0.412
6,6.800,0.002,-0.356,-0.425
6,6.900,0.002,-0.334,-0.434
6,7.000,0.003,-0.310,-0.438
6,7.100,0.003,-0.282,-0.438
6,7.200,0.004,-0.253,-0.435
6,7.300,0.004,-0.223,-0.428
6,7.400,0.005,-0.191,-0.417
6,7.500,0.005,-0.160,-0.403
6,7.600,0.005,-0.129,-0.387
6,7.700,0.005,-0.098,-0.368
6,7.800,0.006,-0.068,-0.346
6,7.900,0.006,-0.040,-0.323
6,8.000,0.006,-0.013,-0.298
6,0.100,0.005,-0.023,-0.286
6,0.200,0.005,-0.033,-0.273
6,0.300,0.004,-0.042,-0.260
6,0.400,0.004,-0.050,-0.246
6,0.500,0.003,-0.057,-0.231
6,0.600,0.003,-0.063,-0.215
6,0.700,0.002,-0.069,-0.199
6,0.800,0.002,-0.073,-0.181
6,0.900,0.001,-0.077,-0.163
6,1.000,0.001,-0.080,-0.145
6,1.100,0.000,-0.082,-0.125
6,1.200,0.000,-0.083,-0.105
6,1.300,-0.000,-0.083,-0.084
6,1.400,-0.001,-0.083,-0.062
6,1.500,-0.001,-0.082,-0.039
6,1.600,-0.001,-0.080,-0.016
6,1.700,-0.002,-0.077,0.008
6,1.800,-0.002,-0.073,0.033
6,1.900,-0.002,-0.069,0.059
6,2.000,-0.002,-0.064,0.085
6,2.100,-0.003,-0.058,0.113
6,2.200,-0.003,-0.051,0.141
6,2.300,-0.003,-0.043,0.171
6,2.400,-0.003,-0.035,0.201
6,2.500,-0.004,-0.026,0.232
6,2.600,-0.004,-0.015,0.265
6,2.700,-0.004,-0.004,0.298
6,2.800,-0.004,0.008,0.333
6,2.900,-0.004,0.021,0.369
6,3.000,-0.005,0.036,0.406
6,3.100,-0.005,0.051,0.445
6,3.200,-0.005,0.067,0.486
6,3.300,-0.005,0.085,0.528
6,3.400,-0.005,0.105,0.572
6,3.500,-0.006,0.126,0.619
6,3.600,-0.006,0.148,0.668
6,3.700,-0.006,0.173,0.720
6,3.800,-0.006,0.200,0.776
6,3.900,-0.006,0.231,0.837
6,4.000,-0.006,0.265,0.903
6,4.100,-0.006,0.229,0.860
6,4.200,-0.006,0.192,0.812
6,4.300,-0.006,0.153,0.760
6,4.400,-0.006,0.113,0.705
6,4.500,-0.006,0.072,0.648
6,4.600,-0.006,0.031,0.589
6,4.700,-0.006,-0.010,0.529
6,4.800,-0.006,-0.050,0.468
6,4.900,-0.006,-0.089,0.407
6,5.000,-0.005,-0.128,0.345
6,5.100,-0.005,-0.164,0.284
6,5.200,-0.005,-0.200,0.224
6,5.300,-0.005,-0.233,0.164
6,5.400,-0.004,-0.265,0.106
6,5.500,-0.004,-0.294,0.049
6,5.600,-0.004,-0.320,-0.006
6,5.700,-0.004,-0.344,-0.059
6,5.800,-0.003,-0.364,-0.109
6,5.900,-0.003,-0.381,-0.157
6,6.000,-0.002,-0.394,-0.202
6,6.100,-0.002,-0.404,-0.243
6,6.200,-0.002,-0.410,-0.281
6,6.300,-0.001,-0.411,-0.316
6,6.400,-0.001,-0.408,-0.346
6,6.500,-0.000,-0.401,-0.372
6,6.600,0.000,-0.390,-0.394
6,6.700,0.001,-0.375,-0.412
6,6.800,0.002,-0.356,-0.425
6,6.900,0.002,-0.334,-0.434
6,7.000,0.003,-0.310,-0.438
6,7.100,0.003,-0.282,-0.438
6,7.200,0.004,-0.253,-0.435
6,7.300,0.004,-0.223,-0.428
6,7.400,0.005,-0.191,-0.417
6,7.500,0.005,-0.160,-0.403
6,7.600,0.005,-0.129,-0.387
6,7.700,0.005,-0.098,-0.368
6,7.800,0.006,-0.068,-0.346
6,7.900,0.006,-0.040,-0.323
6,8.000,0.006,-0.013,-0.298
6,0.100,0.005,-0.023,-0.286
6,0.200,0.005,-0.033,-0.273
6,0.300,0.004,-0.042,-0.260
6,0.400,0.004,-0.050,-0.246
6,0.500,0.003,-0.057,-0.231
6,0.600,0.003,-0.063,-0.215
6,0.700,0.002,-0.069,-0.199
6,0.800,0.002,-0.073,-0.181
6,0.900,0.001,-0.077,-0.163
6,1.000,0.001,-0.080,-0.145
6,1.100,0.000,-0.082,-0.125
6,1.200,0.000,-0.083,-0.105
6,1.300,-0.000,-0.083,-0.084
6,1.400,-0.001,-0.083,-0.062
6,1.500,-0.001,-0.082,-0.039
6,1.600,-0.001,-0.080,-0.016
6,1.700,-0.002,-0.077,0.008
6,1.800,-0.002,-0.073,0.033
6,1.900,-0.002,-0.069,0.059
6,2.000,-0.002,-0.064,0.085
6,2.100,-0.003,-0.058,0.113
6,2.200,-0.003,-0.051,0.141
6,2.300,-0.003,-0.043,0.171
6,2.400,-0.003,-0.035,0.201
6,2.500,-0.004,-0.026,0.232
6,2.600,-0.004,-0.015,0.265
6,2.700,-0.004,-0.004,0.298
6,2.800,-0.004,0.008,0.333
6,2.900,-0.004,0.021,0.369
6,3.000,-0.005,0.036,0.406
6,3.100,-0.005,0.051,0.445
6,3.200,-0.005,0.067,0.486
6,3.300,-0.005,0.085,0.528
6,3.400,-0.005,0.105,0.572
6,3.500,-0.006,0.126,0.619
6,3.600,-0.006,0.148,0.668
6,3.700,-0.006,0.173,0.720
6,3.800,-0.006,0.200,0.776
6,3.900,-0.006,0.231,0.837
6,4.000,-0.006,0.265,0.903
6,4.100,-0.006,0.229,0.860
6,4.200,-0.006,0.192,0.812
6,4.300,-0.006,0.153,0.760
6,4.400,-0.006,0.113,0.705
6,4.500,-0.006,0.072,0.648
6,4.600,-0.006,0.031,0.589
6,4.700,-0.006,-0.010,0.529
6,4.800,-0.006,-0.050,0.468
6,4.900,-0.006,-0.089,0.407
6,5.000,-0.005,-0.128,0.345
6,5.100,-0.005,-0.164,0.284
6,5.200,-0.005,-0.200,0.224
6,5.300,-0.005,-0.233,0.164
6,5.400,-0.004,-0.265,0.106
6,5.500,-0.004,-0.294,0.049
6,5.600,-0.004,-0.320,-0.006
6,5.700,-0.004,-0.344,-0.059
6,5.800,-0.003,-0.364,-0.109
6,5.900,-0.003,-0.381,-0.157
6,6.000,-0.002,-0.394,-0.202
6,6.100,-0.002,-0.404,-0.243
6,6.200,-0.002,-0.410,-0.281
6,6.300,-0.001,-0.411,-0.316
6,6.400,-0.001,-0.408,-0.346
6,6.500,-0.000,-0.401,-0.372
6,6.600,0.000,-0.390,-0.394
6,6.700,0.001,-0.375,-0.412
6,6.800,0.002,-0.356,-0.425
6,6.900,0.002,-0.334,-0.434
6,7.000,0.003,-0.310,-0.438
6,7.100,0.003,-0.282,-0.438
6,7.200,0.004,-0.253,-0.435
6,7.300,0.004,-0.223,-0.428
6,7.400,0.005,-0.191,-0.417
6,7.500,0.005,-0.160,-0.403
6,7.600,0.005,-0.129,-0.387
6,7.700,0.005,-0.098,-0.368
6,7.800,0.006,-0.068,-0.346
6,7.900,0.006,-0.040,-0.323
6,8.000,0.006,-0.013,-0.298
6,0.100,0.005,-0.023,-0.286
6,0.200,0.005,-0.033,-0.273
6,0.300,0.004,-0.042,-0.260
6,0.400,0.004,-0.050,-0.246
6,0.500,0.003,-0.057,-0.231
6,0.600,0.003,-0.063,-0.215
6,0.700,0.002,-0.069,-0.199
6,0.800,0.002,-0.073,-0.181
6,0.900,0.001,-0.077,-0.163
6,1.000,0.001,-0.080,-0.145
6,1.100,0.000,-0.082,-0.125
6,1.200,0.000,-0.083,-0.105
6,1.300,-0.000,-0.083,-0.084
6,1.400,-0.001,-0.083,-0.062
6,1.500,-0.001,-0.082,-0.039
6,1.600,-0.001,-0.080,-0.016
6,1.700,-0.002,-0.077,0.008
6,1.800,-0.002,-0.073,0.033
6,1.900,-0.002,-0.069,0.059
6,2.000,-0.002,-0.064,0.085
6,2.100,-0.003,-0.058,0.113
6,2.200,-0.003,-0.051,0.141
6,2.300,-0.003,-0.043,0.171
6,2.400,-0.003,-0.035,0.201
6,2.500,-0.004,-0.026,0.232
6,2.600,-0.004,-0.015,0.265
6,2.700,-0.004,-0.004,0.298
6,2.800,-0.004,0.008,0.333
6,2.900,-0.004,0.021,0.369
6,3.000,-0.005,0.036,0.406
6,3.100,-0.005,0.051,0.445
6,3.200,-0.005,0.067,0.486
6,3.300,-0.005,0.085,0.528
6,3.400,-0.005,0.105,0.572
6,3.500,-0.006,0.126,0.619
6,3.600,-0.006,0.148,0.668
6,3.700,-0.006,0.173,0.720
6,3.800,-0.006,0.200,0.776
6,3.900,-0.006,0.231,0.837
6,4.000,-0.006,0.265,0.903
6,4.100,-0.006,0.229,0.860
6,4.200,-0.006,0.192,0.812
6,4.300,-0.006,0.153,0.760
6,4.400,-0.006,0.113,0.705
6,4.500,-0.006,0.072,0.648
6,4.600,-0.006,0.031,0.589
6,4.700,-0.006,-0.010,0.529
6,4.800,-0.006,-0.050,0.468
6,4.900,-0.006,-0.089,0.407
6,5.000,-0.005,-0.128,0.345
6,5.100,-0.005,-0.164,0.284
6,5.200,-0.005,-0.200,0.224
6,5.300,-0.005,-0.233,0.164
6,5.400,-0.004,-0.265,0.106
6,5.500,-0.004,-0.294,0.049
6,5.600,-0.004,-0.320,-0.006
6,5.700,-0.004,-0.344,-0.059
6,5.800,-0.003,-0.364,-0.109
6,5.900,-0.003,-0.381,-0.157
6,6.000,-0.002,-0.394,-0.202
6,6.100,-0.002,-0.404,-0.243
6,6.200,-0.002,-0.410,-0.281
6,6.300,-0.001,-0.411,-0.316
6,6.400,-0.001,-0.408,-0.346
6,6.500,-0.000,-0.401,-0.372
