4,0.000,0.372,-0.075,-0.175
4,0.100,0.350,-0.075,-0.174
4,0.200,0.328,-0.075,-0.173
4,0.300,0.306,-0.075,-0.172
4,0.400,0.284,-0.076,-0.170
4,0.500,0.262,-0.076,-0.167
4,0.600,0.240,-0.077,-0.165
4,0.700,0.219,-0.077,-0.162
4,0.800,0.197,-0.078,-0.158
4,0.900,0.176,-0.078,-0.154
4,1.000,0.155,-0.079,-0.150
4,1.100,0.134,-0.080,-0.145
4,1.200,0.114,-0.080,-0.139
4,1.300,0.093,-0.081,-0.134
4,1.400,0.073,-0.082,-0.128
4,1.500,0.053,-0.082,-0.121
4,1.600,0.034,-0.083,-0.114
4,1.700,0.015,-0.083,-0.106
4,1.800,-0.004,-0.083,-0.098
4,1.900,-0.023,-0.083,-0.090
4,2.000,-0.041,-0.083,-0.081
4,2.100,-0.059,-0.083,-0.072
4,2.200,-0.077,-0.083,-0.062
4,2.300,-0.094,-0.083,-0.051
4,2.400,-0.111,-0.082,-0.040
4,2.500,-0.128,-0.081,-0.029
4,2.600,-0.144,-0.080,-0.017
4,2.700,-0.160,-0.079,-0.004
4,2.800,-0.176,-0.077,0.009
4,2.900,-0.192,-0.075,0.023
4,3.000,-0.207,-0.073,0.037
4,3.100,-0.221,-0.070,0.052
4,3.200,-0.236,-0.067,0.068
4,3.300,-0.250,-0.064,0.084
4,3.400,-0.264,-0.061,0.100
4,3.500,-0.278,-0.057,0.118
4,3.600,-0.291,-0.052,0.136
4,3.700,-0.304,-0.048,0.154
4,3.800,-0.317,-0.043,0.174
4,3.900,-0.329,-0.037,0.194
4,0.000,-0.341,-0.031,0.214
4,0.100,-0.341,-0.057,0.188
4,0.200,-0.338,-0.084,0.159
4,0.300,-0.335,-0.111,0.129
4,0.400,-0.329,-0.138,0.098
4,0.500,-0.323,-0.165,0.065
4,0.600,-0.314,-0.192,0.032
4,0.700,-0.305,-0.219,-0.003
4,0.800,-0.293,-0.244,-0.037
4,0.900,-0.280,-0.269,-0.072
4,1.000,-0.266,-0.293,-0.106
4,1.100,-0.250,-0.315,-0.140
4,1.200,-0.232,-0.336,-0.173
4,1.300,-0.213,-0.355,-0.205
4,1.400,-0.193,-0.373,-0.236
4,1.500,-0.171,-0.388,-0.265
4,1.600,-0.147,-0.401,-0.292
4,1.700,-0.122,-0.411,-0.316
4,1.800,-0.096,-0.419,-0.339
4,1.900,-0.069,-0.424,-0.358
4,2.000,-0.041,-0.427,-0.375
4,2.100,-0.012,-0.427,-0.389
4,2.200,0.017,-0.425,-0.400
4,2.300,0.047,-0.420,-0.408
4,2.400,0.077,-0.412,-0.413
4,2.500,0.107,-0.402,-0.415
4,2.600,0.136,-0.390,-0.414
4,2.700,0.164,-0.375,-0.410
4,2.800,0.192,-0.359,-0.403
4,2.900,0.218,-0.341,-0.394
4,3.000,0.243,-0.321,-0.382
4,3.100,0.266,-0.300,-0.368
4,3.200,0.288,-0.278,-0.352
4,3.300,0.307,-0.255,-0.334
4,3.400,0.324,-0.230,-0.315
4,3.500,0.338,-0.205,-0.294
4,3.600,0.350,-0.180,-0.272
4,3.700,0.360,-0.154,-0.249
4,3.800,0.367,-0.128,-0.225
4,3.900,0.371,-0.101,-0.200
4,0.000,0.372,-0.075,-0.175
4,0.100,0.350,-0.075,-0.174
4,0.200,0.328,-0.075,-0.173
4,0.300,0.306,-0.075,-0.172
4,0.400,0.284,-0.076,-0.170
4,0.500,0.262,-0.076,-0.167
4,0.600,0.240,-0.077,-0.165
4,0.700,0.219,-0.077,-0.162
4,0.800,0.197,-0.078,-0.158
4,0.900,0.176,-0.078,-0.154
4,1.000,0.155,-0.079,-0.150
4,1.100,0.134,-0.080,-0.145
4,1.200,0.114,-0.080,-0.139
4,1.300,0.093,-0.081,-0.134
4,1.400,0.073,-0.082,-0.128
4,1.500,0.053,-0.082,-0.121
4,1.600,0.034,-0.083,-0.114
4,1.700,0.015,-0.083,-0.106
4,1.800,-0.004,-0.083,-0.098
4,1.900,-0.023,-0.083,-0.090
4,2.000,-0.041,-0.083,-0.081
4,0.000,0.372,-0.075,-0.175
4,0.100,0.350,-0.075,-0.174
4,0.200,0.328,-0.075,-0.173
4,0.300,0.306,-0.075,-0.172
4,0.400,0.284,-0.076,-0.170
4,0.500,0.262,-0.076,-0.167
4,0.600,0.240,-0.077,-0.165
4,0.700,0.219,-0.077,-0.162
4,0.800,0.197,-0.078,-0.158
4,0.900,0.176,-0.078,-0.154
4,1.000,0.155,-0.079,-0.150
4,1.100,0.134,-0.080,-0.145
4,1.200,0.114,-0.080,-0.139
4,1.300,0.093,-0.081,-0.134
4,1.400,0.073,-0.082,-0.128
4,1.500,0.053,-0.082,-0.121
4,1.600,0.034,-0.083,-0.114
4,1.700,0.015,-0.083,-0.106
4,1.800,-0.004,-0.083,-0.098
4,1.900,-0.023,-0.083,-0.090
4,2.000,-0.041,-0.083,-0.081
4,2.100,-0.059,-0.083,-0.072
4,2.200,-0.077,-0.083,-0.062
4,0.000,-0.341,-0.031,0.214
4,0.100,-0.341,-0.057,0.188
4,0.200,-0.338,-0.084,0.159
4,0.300,-0.335,-0.111,0.129
4,0.400,-0.329,-0.138,0.098
4,0.500,-0.323,-0.165,0.065
4,0.600,-0.314,-0.192,0.032
4,0.700,-0.305,-0.219,-0.003
4,0.800,-0.293,-0.244,-0.037
4,0.900,-0.280,-0.269,-0.072
4,1.000,-0.266,-0.293,-0.106
4,1.100,-0.250,-0.315,-0.140
4,1.200,-0.232,-0.336,-0.173
4,1.300,-0.213,-0.355,-0.205
4,1.400,-0.193,-0.373,-0.236
4,1.500,-0.171,-0.388,-0.265
4,1.600,-0.147,-0.401,-0.292
4,1.700,-0.122,-0.411,-0.316
4,1.800,-0.096,-0.419,-0.339
4,1.900,-0.069,-0.424,-0.358
4,2.000,-0.041,-0.427,-0.375
4,2.100,-0.012,-0.427,-0.389
4,2.200,0.017,-0.425,-0.400
4,0.000,-0.341,-0.031,0.214
4,0.100,-0.341,-0.057,0.188
4,0.200,-0.338,-0.084,0.159
4,0.300,-0.335,-0.111,0.129
4,0.400,-0.329,-0.138,0.098
4,0.500,-0.323,-0.165,0.065
4,0.600,-0.314,-0.192,0.032
4,0.700,-0.305,-0.219,-0.003
4,0.800,-0.293,-0.244,-0.037
4,0.900,-0.280,-0.269,-0.072
4,1.000,-0.266,-0.293,-0.106
4,1.100,-0.250,-0.315,-0.140
4,1.200,-0.232,-0.336,-0.173
4,1.300,-0.213,-0.355,-0.205
4,1.400,-0.193,-0.373,-0.236
4,1.500,-0.171,-0.388,-0.265
4,1.600,-0.147,-0.401,-0.292
4,1.700,-0.122,-0.411,-0.316
4,1.800,-0.096,-0.419,-0.339
4,1.900,-0.069,-0.424,-0.358
4,2.000,-0.041,-0.427,-0.375
4,2.100,-0.012,-0.427,-0.389
4,0.000,0.372,-0.075,-0.175
4,0.100,0.350,-0.075,-0.174
4,0.200,0.328,-0.075,-0.173
4,0.300,0.306,-0.075,-0.172
4,0.400,0.284,-0.076,-0.170
4,0.500,0.262,-0.076,-0.167
4,0.600,0.240,-0.077,-0.165
4,0.700,0.219,-0.077,-0.162
4,0.800,0.197,-0.078,-0.158
4,0.900,0.176,-0.078,-0.154
4,1.000,0.155,-0.079,-0.150
4,1.100,0.134,-0.080,-0.145
4,1.200,0.114,-0.080,-0.139
4,1.300,0.093,-0.081,-0.134
4,1.400,0.073,-0.082,-0.128
4,1.500,0.053,-0.082,-0.121
4,1.600,0.034,-0.083,-0.114
4,1.700,0.015,-0.083,-0.106
4,1.800,-0.004,-0.083,-0.098
4,1.900,-0.023,-0.083,-0.090
4,2.000,-0.041,-0.083,-0.081
4,2.100,-0.059,-0.083,-0.072
4,0.000,0.372,-0.075,-0.175
4,0.100,0.350,-0.075,-0.174
4,0.200,0.328,-0.075,-0.173
4,0.300,0.306,-0.075,-0.172
4,0.400,0.284,-0.076,-0.170
4,0.500,0.262,-0.076,-0.167
4,0.600,0.240,-0.077,-0.165
4,0.700,0.219,-0.077,-0.162
4,0.800,0.197,-0.078,-0.158
4,0.900,0.176,-0.078,-0.154
4,1.000,0.155,-0.079,-0.150
4,1.100,0.134,-0.080,-0.145
4,1.200,0.114,-0.080,-0.139
4,1.300,0.093,-0.081,-0.134
4,1.400,0.073,-0.082,-0.128
4,1.500,0.053,-0.082,-0.121
4,1.600,0.034,-0.083,-0.114
4,1.700,0.015,-0.083,-0.106
4,1.800,-0.004,-0.083,-0.098
4,1.900,-0.023,-0.083,-0.090
4,2.000,-0.041,-0.083,-0.081
4,2.100,-0.059,-0.083,-0.072
4,2.200,-0.077,-0.083,-0.062
4,2.300,-0.094,-0.083,-0.051
4,2.400,-0.111,-0.082,-0.040
4,2.500,-0.128,-0.081,-0.029
4,2.600,-0.144,-0.080,-0.017
4,2.700,-0.160,-0.079,-0.004
4,2.800,-0.176,-0.077,0.009
4,2.900,-0.192,-0.075,0.023
4,3.000,-0.207,-0.073,0.037
4,3.100,-0.221,-0.070,0.052
4,3.200,-0.236,-0.067,0.068
4,3.300,-0.250,-0.064,0.084
4,3.400,-0.264,-0.061,0.100
4,3.500,-0.278,-0.057,0.118
4,3.600,-0.291,-0.052,0.136
4,3.700,-0.304,-0.048,0.154
4,3.800,-0.317,-0.043,0.174
4,3.900,-0.329,-0.037,0.194
4,4.000,-0.341,-0.031,0.214
4,4.000,-0.341,-0.031,0.214
4,4.000,-0.341,-0.031,0.214
4,4.000,-0.341,-0.031,0.214
4,4.000,-0.341,-0.031,0.214
4,4.000,-0.341,-0.031,0.214
4,4.000,-0.341,-0.031,0.214
4,4.000,-0.341,-0.031,0.214
4,4.000,-0.341,-0.031,0.214
4,4.000,-0.341,-0.031,0.214
4,4.000,-0.341,-0.031,0.214
4,4.000,-0.341,-0.031,0.214
4,4.000,-0.341,-0.031,0.214
4,4.000,-0.341,-0.031,0.214
4,4.000,-0.341,-0.031,0.214
4,4.000,-0.341,-0.031,0.214
4,4.000,-0.341,-0.031,0.214
4,4.000,-0.341,-0.031,0.214
4,4.000,-0.341,-0.031,0.214
4,4.000,-0.341,-0.031,0.214
4,4.000,-0.341,-0.031,0.214
4,4.000,-0.341,-0.031,0.214
4,0.000,-0.341,-0.031,0.214
4,0.100,-0.341,-0.057,0.188
4,0.200,-0.338,-0.084,0.159
4,0.300,-0.335,-0.111,0.129
4,0.400,-0.329,-0.138,0.098
4,0.500,-0.323,-0.165,0.065
4,0.600,-0.314,-0.192,0.032
4,0.700,-0.305,-0.219,-0.003
4,0.800,-0.293,-0.244,-0.037
4,0.900,-0.280,-0.269,-0.072
4,1.000,-0.266,-0.293,-0.106
4,1.100,-0.250,-0.315,-0.140
4,1.200,-0.232,-0.336,-0.173
4,1.300,-0.213,-0.355,-0.205
4,1.400,-0.193,-0.373,-0.236
4,1.500,-0.171,-0.388,-0.265
4,1.600,-0.147,-0.401,-0.292
4,1.700,-0.122,-0.411,-0.316
4,1.800,-0.096,-0.419,-0.339
4,1.900,-0.069,-0.424,-0.358
4,2.000,-0.041,-0.427,-0.375
4,2.100,-0.012,-0.427,-0.389
4,2.200,0.017,-0.425,-0.400
4,2.300,0.047,-0.420,-0.408
4,2.400,0.077,-0.412,-0.413
4,2.500,0.107,-0.402,-0.415
4,2.600,0.136,-0.390,-0.414
4,2.700,0.164,-0.375,-0.410
4,2.800,0.192,-0.359,-0.403
4,2.900,0.218,-0.341,-0.394
4,3.000,0.243,-0.321,-0.382
4,3.100,0.266,-0.300,-0.368
4,3.200,0.288,-0.278,-0.352
4,3.300,0.307,-0.255,-0.334
4,3.400,0.324,-0.230,-0.315
4,3.500,0.338,-0.205,-0.294
4,3.600,0.350,-0.180,-0.272
4,3.700,0.360,-0.154,-0.249
4,3.800,0.367,-0.128,-0.225
4,3.900,0.371,-0.101,-0.200
4,4.000,0.372,-0.075,-0.175
4,4.000,0.372,-0.075,-0.175
4,4.000,0.372,-0.075,-0.175
4,4.000,0.372,-0.075,-0.175
4,4.000,0.372,-0.075,-0.175
4,4.000,0.372,-0.075,-0.175
4,4.000,0.372,-0.075,-0.175
4,4.000,0.372,-0.075,-0.175
4,4.000,0.372,-0.075,-0.175
4,4.000,0.372,-0.075,-0.175
4,4.000,0.372,-0.075,-0.175
4,4.000,0.372,-0.075,-0.175
4,4.000,0.372,-0.075,-0.175
4,4.000,0.372,-0.075,-0.175
4,4.000,0.372,-0.075,-0.175
4,4.000,0.372,-0.075,-0.175
4,4.000,0.372,-0.075,-0.175
4,4.000,0.372,-0.075,-0.175
4,4.000,0.372,-0.075,-0.175
4,4.000,0.372,-0.075,-0.175
4,4.000,0.372,-0.075,-0.175
4,4.000,0.372,-0.075,-0.175
4,0.000,0.372,-0.075,-0.175
4,0.100,0.343,-0.075,-0.174
4,0.200,0.315,-0.075,-0.172
4,0.300,0.287,-0.076,-0.170
4,0.400,0.259,-0.076,-0.167
4,0.500,0.231,-0.077,-0.163
4,0.600,0.203,-0.078,-0.159
4,0.700,0.176,-0.078,-0.154
4,0.800,0.149,-0.079,-0.148
4,0.900,0.122,-0.080,-0.142
4,1.000,0.096,-0.081,-0.135
4,1.100,0.070,-0.082,-0.127
4,1.200,0.045,-0.082,-0.118
4,1.300,0.020,-0.083,-0.109
4,1.400,-0.004,-0.083,-0.098
4,1.500,-0.028,-0.083,-0.087
4,1.600,-0.051,-0.083,-0.076
4,1.700,-0.074,-0.083,-0.063
4,1.800,-0.097,-0.082,-0.050
4,1.900,-0.118,-0.082,-0.035
4,2.000,-0.140,-0.080,-0.020
4,2.100,-0.160,-0.079,-0.004
4,2.200,-0.181,-0.076,0.013
4,2.300,-0.200,-0.074,0.031
4,2.400,-0.219,-0.071,0.050
4,2.500,-0.238,-0.067,0.070
4,2.600,-0.256,-0.063,0.091
4,2.700,-0.274,-0.058,0.113
4,2.800,-0.291,-0.052,0.136
4,2.900,-0.308,-0.046,0.160
4,3.000,-0.324,-0.039,0.185
4,3.100,-0.340,-0.032,0.211
4,3.100,-0.340,-0.032,0.211
4,3.100,-0.340,-0.032,0.211
4,3.100,-0.340,-0.032,0.211
4,3.100,-0.340,-0.032,0.211
4,3.100,-0.340,-0.032,0.211
4,3.100,-0.340,-0.032,0.211
4,3.100,-0.340,-0.032,0.211
4,3.100,-0.340,-0.032,0.211
4,3.100,-0.340,-0.032,0.211
4,3.100,-0.340,-0.032,0.211
4,3.100,-0.340,-0.032,0.211
4,3.100,-0.340,-0.032,0.211
4,3.100,-0.340,-0.032,0.211
4,3.100,-0.340,-0.032,0.211
4,3.100,-0.340,-0.032,0.211
4,3.100,-0.340,-0.032,0.211
4,3.100,-0.340,-0.032,0.211
4,3.100,-0.340,-0.032,0.211
4,3.100,-0.340,-0.032,0.211
4,0.000,-0.341,-0.031,0.214
4,0.100,-0.340,-0.065,0.180
4,0.200,-0.338,-0.099,0.144
4,0.300,-0.333,-0.133,0.107
4,0.400,-0.326,-0.167,0.068
4,0.500,-0.317,-0.201,0.028
4,0.600,-0.307,-0.233,-0.013
4,0.700,-0.295,-0.264,-0.053
4,0.800,-0.280,-0.293,-0.092
4,0.900,-0.264,-0.320,-0.131
4,1.000,-0.246,-0.345,-0.168
4,1.100,-0.227,-0.367,-0.203
4,1.200,-0.205,-0.385,-0.236
4,1.300,-0.183,-0.400,-0.266
4,1.400,-0.158,-0.412,-0.292
4,1.500,-0.133,-0.419,-0.315
4,1.600,-0.107,-0.422,-0.335
4,1.700,-0.080,-0.421,-0.350
4,1.800,-0.053,-0.416,-0.361
4,1.900,-0.025,-0.406,-0.367
4,2.000,0.002,-0.393,-0.369
4,2.100,0.028,-0.376,-0.367
4,2.200,0.053,-0.356,-0.361
4,2.300,0.077,-0.333,-0.351
4,2.400,0.099,-0.307,-0.336
4,2.500,0.119,-0.278,-0.319
4,2.600,0.136,-0.248,-0.298
4,2.700,0.151,-0.217,-0.274
4,2.800,0.162,-0.184,-0.248
4,2.900,0.171,-0.150,-0.220
4,3.000,0.176,-0.116,-0.190
4,3.100,0.178,-0.082,-0.158
4,3.100,0.178,-0.082,-0.158
4,3.100,0.178,-0.082,-0.158
4,3.100,0.178,-0.082,-0.158
4,3.100,0.178,-0.082,-0.158
4,3.100,0.178,-0.082,-0.158
4,3.100,0.178,-0.082,-0.158
4,3.100,0.178,-0.082,-0.158
4,3.100,0.178,-0.082,-0.158
4,3.100,0.178,-0.082,-0.158
4,3.100,0.178,-0.082,-0.158
4,3.100,0.178,-0.082,-0.158
4,3.100,0.178,-0.082,-0.158
4,3.100,0.178,-0.082,-0.158
4,3.100,0.178,-0.082,-0.158
4,3.100,0.178,-0.082,-0.158
4,3.100,0.178,-0.082,-0.158
4,3.100,0.178,-0.082,-0.158
4,3.100,0.178,-0.082,-0.158
4,3.100,0.178,-0.082,-0.158
4,3.100,0.178,-0.082,-0.158
4,3.100,0.178,-0.082,-0.158
4,3.100,0.178,-0.082,-0.158
4,0.000,0.178,-0.078,-0.154
4,0.100,0.162,-0.079,-0.151
4,0.200,0.146,-0.079,-0.148
4,0.300,0.130,-0.080,-0.144
4,0.400,0.114,-0.080,-0.139
4,0.500,0.098,-0.081,-0.135
4,0.600,0.082,-0.081,-0.130
4,0.700,0.067,-0.082,-0.125
4,0.800,0.051,-0.082,-0.120
4,0.900,0.036,-0.083,-0.115
4,1.000,0.021,-0.083,-0.109
4,1.100,0.006,-0.083,-0.103
4,1.200,-0.008,-0.083,-0.097
4,1.300,-0.023,-0.083,-0.090
4,1.400,-0.037,-0.083,-0.083
4,1.500,-0.051,-0.083,-0.076
4,1.600,-0.065,-0.083,-0.068
4,1.700,-0.079,-0.083,-0.060
4,1.800,-0.092,-0.083,-0.052
4,1.900,-0.106,-0.082,-0.044
4,2.000,-0.119,-0.082,-0.035
4,2.100,-0.132,-0.081,-0.026
4,2.200,-0.144,-0.080,-0.017
4,2.300,-0.157,-0.079,-0.007
4,2.400,-0.169,-0.078,0.003
4,2.500,-0.181,-0.076,0.014
4,2.600,-0.193,-0.075,0.024
4,2.700,-0.205,-0.073,0.036
4,2.800,-0.217,-0.071,0.047
4,2.900,-0.228,-0.069,0.059
4,3.000,-0.239,-0.067,0.071
4,3.100,-0.250,-0.064,0.084
4,3.200,-0.261,-0.062,0.097
4,3.300,-0.272,-0.059,0.110
4,3.400,-0.282,-0.055,0.124
4,3.500,-0.292,-0.052,0.138
4,3.600,-0.303,-0.048,0.152
4,3.700,-0.313,-0.044,0.167
4,3.800,-0.322,-0.040,0.182
4,3.900,-0.332,-0.036,0.198
4,4.000,-0.341,-0.031,0.214
4,4.000,-0.341,-0.031,0.214
4,4.000,-0.341,-0.031,0.214
4,4.000,-0.341,-0.031,0.214
4,4.000,-0.341,-0.031,0.214
4,4.000,-0.341,-0.031,0.214
4,4.000,-0.341,-0.031,0.214
4,4.000,-0.341,-0.031,0.214
4,4.000,-0.341,-0.031,0.214
4,4.000,-0.341,-0.031,0.214
4,4.000,-0.341,-0.031,0.214
4,4.000,-0.341,-0.031,0.214
4,4.000,-0.341,-0.031,0.214
4,4.000,-0.341,-0.031,0.214
4,4.000,-0.341,-0.031,0.214
4,4.000,-0.341,-0.031,0.214
4,4.000,-0.341,-0.031,0.214
4,4.000,-0.341,-0.031,0.214
4,4.000,-0.341,-0.031,0.214
4,4.000,-0.341,-0.031,0.214
4,4.000,-0.341,-0.031,0.214
4,4.000,-0.341,-0.031,0.214
4,4.000,-0.341,-0.031,0.214
4,4.000,-0.341,-0.031,0.214
4,0.000,-0.341,-0.031,0.214
4,0.100,-0.341,-0.057,0.188
4,0.200,-0.338,-0.084,0.159
4,0.300,-0.335,-0.111,0.129
4,0.400,-0.329,-0.138,0.098
4,0.500,-0.323,-0.165,0.065
4,0.600,-0.314,-0.192,0.032
4,0.700,-0.305,-0.219,-0.003
4,0.800,-0.293,-0.244,-0.037
4,0.900,-0.280,-0.269,-0.072
4,1.000,-0.266,-0.293,-0.106
4,1.100,-0.250,-0.315,-0.140
4,1.200,-0.232,-0.336,-0.173
4,1.300,-0.213,-0.355,-0.205
4,1.400,-0.193,-0.373,-0.236
4,1.500,-0.171,-0.388,-0.265
4,1.600,-0.147,-0.401,-0.292
4,1.700,-0.122,-0.411,-0.316
4,1.800,-0.096,-0.419,-0.339
4,1.900,-0.069,-0.424,-0.358
4,2.000,-0.041,-0.427,-0.375
4,2.100,-0.012,-0.427,-0.389
4,2.200,0.017,-0.425,-0.400
4,2.300,0.047,-0.420,-0.408
4,2.400,0.077,-0.412,-0.413
4,2.500,0.107,-0.402,-0.415
4,2.600,0.136,-0.390,-0.414
4,2.700,0.164,-0.375,-0.410
4,2.800,0.192,-0.359,-0.403
4,2.900,0.218,-0.341,-0.394
4,3.000,0.243,-0.321,-0.382
4,3.100,0.266,-0.300,-0.368
4,3.200,0.288,-0.278,-0.352
4,3.300,0.307,-0.255,-0.334
4,3.400,0.324,-0.230,-0.315
4,3.500,0.338,-0.205,-0.294
4,3.600,0.350,-0.180,-0.272
4,3.700,0.360,-0.154,-0.249
4,3.800,0.367,-0.128,-0.225
4,3.900,0.371,-0.101,-0.200
4,4.000,0.372,-0.075,-0.175
4,4.000,0.372,-0.075,-0.175
4,4.000,0.372,-0.075,-0.175
4,4.000,0.372,-0.075,-0.175
4,4.000,0.372,-0.075,-0.175
4,4.000,0.372,-0.075,-0.175
4,4.000,0.372,-0.075,-0.175
4,4.000,0.372,-0.075,-0.175
4,4.000,0.372,-0.075,-0.175
4,4.000,0.372,-0.075,-0.175
4,4.000,0.372,-0.075,-0.175
4,4.000,0.372,-0.075,-0.175
4,4.000,0.372,-0.075,-0.175
4,4.000,0.372,-0.075,-0.175
4,4.000,0.372,-0.075,-0.175
4,4.000,0.372,-0.075,-0.175
4,4.000,0.372,-0.075,-0.175
4,4.000,0.372,-0.075,-0.175
4,4.000,0.372,-0.075,-0.175
4,0.000,0.372,-0.075,-0.175
4,0.100,0.350,-0.075,-0.174
4,0.200,0.328,-0.075,-0.173
4,0.300,0.306,-0.075,-0.172
4,0.400,0.284,-0.076,-0.170
4,0.500,0.262,-0.076,-0.167
4,0.600,0.240,-0.077,-0.165
4,0.700,0.219,-0.077,-0.162
4,0.800,0.197,-0.078,-0.158
4,0.900,0.176,-0.078,-0.154
4,1.000,0.155,-0.079,-0.150
4,1.100,0.134,-0.080,-0.145
4,1.200,0.114,-0.080,-0.139
4,1.300,0.093,-0.081,-0.134
4,1.400,0.073,-0.082,-0.128
4,1.500,0.053,-0.082,-0.121
4,1.600,0.034,-0.083,-0.114
4,1.700,0.015,-0.083,-0.106
4,1.800,-0.004,-0.083,-0.098
4,1.900,-0.023,-0.083,-0.090
4,2.000,-0.041,-0.083,-0.081
4,2.100,-0.059,-0.083,-0.072
4,2.200,-0.077,-0.083,-0.062
4,2.300,-0.094,-0.083,-0.051
4,2.400,-0.111,-0.082,-0.040
4,2.500,-0.128,-0.081,-0.029
4,2.600,-0.144,-0.080,-0.017
4,2.700,-0.160,-0.079,-0.004
4,2.800,-0.176,-0.077,0.009
4,2.900,-0.192,-0.075,0.023
4,3.000,-0.207,-0.073,0.037
4,3.100,-0.221,-0.070,0.052
4,3.200,-0.236,-0.067,0.068
4,3.300,-0.250,-0.064,0.084
4,3.400,-0.264,-0.061,0.100
4,3.500,-0.278,-0.057,0.118
4,3.600,-0.291,-0.052,0.136
4,3.700,-0.304,-0.048,0.154
4,3.800,-0.317,-0.043,0.174
4,3.900,-0.329,-0.037,0.194
4,4.000,-0.341,-0.031,0.214
4,4.000,-0.341,-0.031,0.214
4,4.000,-0.341,-0.031,0.214
4,4.000,-0.341,-0.031,0.214
4,4.000,-0.341,-0.031,0.214
4,4.000,-0.341,-0.031,0.214
4,4.000,-0.341,-0.031,0.214
4,4.000,-0.341,-0.031,0.214
4,4.000,-0.341,-0.031,0.214
4,4.000,-0.341,-0.031,0.214
4,4.000,-0.341,-0.031,0.214
4,4.000,-0.341,-0.031,0.214
4,4.000,-0.341,-0.031,0.214
4,4.000,-0.341,-0.031,0.214
4,4.000,-0.341,-0.031,0.214
4,4.000,-0.341,-0.031,0.214
4,4.000,-0.341,-0.031,0.214
4,4.000,-0.341,-0.031,0.214
4,4.000,-0.341,-0.031,0.214
4,4.000,-0.341,-0.031,0.214
4,4.000,-0.341,-0.031,0.214
4,0.000,-0.341,-0.031,0.214
4,0.100,-0.341,-0.057,0.188
4,0.200,-0.338,-0.084,0.159
4,0.300,-0.335,-0.111,0.129
4,0.400,-0.329,-0.138,0.098
4,0.500,-0.323,-0.165,0.065
4,0.600,-0.314,-0.192,0.032
4,0.700,-0.305,-0.219,-0.003
4,0.800,-0.293,-0.244,-0.037
4,0.900,-0.280,-0.269,-0.072
4,1.000,-0.266,-0.293,-0.106
4,1.100,-0.250,-0.315,-0.140
4,1.200,-0.232,-0.336,-0.173
4,1.300,-0.213,-0.355,-0.205
4,1.400,-0.193,-0.373,-0.236
4,1.500,-0.171,-0.388,-0.265
4,1.600,-0.147,-0.401,-0.292
4,1.700,-0.122,-0.411,-0.316
4,1.800,-0.096,-0.419,-0.339
4,1.900,-0.069,-0.424,-0.358
4,2.000,-0.041,-0.427,-0.375
4,2.100,-0.012,-0.427,-0.389
4,2.200,0.017,-0.425,-0.400
4,2.300,0.047,-0.420,-0.408
4,2.400,0.077,-0.412,-0.413
4,2.500,0.107,-0.402,-0.415
4,2.600,0.136,-0.390,-0.414
4,2.700,0.164,-0.375,-0.410
4,2.800,0.192,-0.359,-0.403
4,2.900,0.218,-0.341,-0.394
4,3.000,0.243,-0.321,-0.382
4,3.100,0.266,-0.300,-0.368
4,3.200,0.288,-0.278,-0.352
4,3.300,0.307,-0.255,-0.334
4,3.400,0.324,-0.230,-0.315
4,3.500,0.338,-0.205,-0.294
4,3.600,0.350,-0.180,-0.272
4,3.700,0.360,-0.154,-0.249
4,3.800,0.367,-0.128,-0.225
4,3.900,0.371,-0.101,-0.200
4,4.000,0.372,-0.075,-0.175
4,4.000,0.372,-0.075,-0.175
4,4.000,0.372,-0.075,-0.175
4,4.000,0.372,-0.075,-0.175
4,4.000,0.372,-0.075,-0.175
4,4.000,0.372,-0.075,-0.175
4,4.000,0.372,-0.075,-0.175
4,4.000,0.372,-0.075,-0.175
4,4.000,0.372,-0.075,-0.175
4,4.000,0.372,-0.075,-0.175
4,4.000,0.372,-0.075,-0.175
4,4.000,0.372,-0.075,-0.175
4,4.000,0.372,-0.075,-0.175
4,4.000,0.372,-0.075,-0.175
4,4.000,0.372,-0.075,-0.175
4,4.000,0.372,-0.075,-0.175
4,4.000,0.372,-0.075,-0.175
4,4.000,0.372,-0.075,-0.175
4,4.000,0.372,-0.075,-0.175
4,4.000,0.372,-0.075,-0.175
4,4.000,0.372,-0.075,-0.175
4,4.000,0.372,-0.075,-0.175
4,4.000,0.372,-0.075,-0.175
4,4.000,0.372,-0.075,-0.175
4,0.000,0.372,-0.075,-0.175
4,0.100,0.350,-0.075,-0.174
4,0.200,0.328,-0.075,-0.173
4,0.300,0.306,-0.075,-0.172
4,0.400,0.284,-0.076,-0.170
4,0.500,0.262,-0.076,-0.167
4,0.600,0.240,-0.077,-0.165
4,0.700,0.219,-0.077,-0.162
4,0.800,0.197,-0.078,-0.158
4,0.900,0.176,-0.078,-0.154
4,1.000,0.155,-0.079,-0.150
4,1.100,0.134,-0.080,-0.145
4,1.200,0.114,-0.080,-0.139
4,1.300,0.093,-0.081,-0.134
4,1.400,0.073,-0.082,-0.128
4,1.500,0.053,-0.082,-0.121
4,1.600,0.034,-0.083,-0.114
4,1.700,0.015,-0.083,-0.106
4,1.800,-0.004,-0.083,-0.098
4,1.900,-0.023,-0.083,-0.090
4,2.000,-0.041,-0.083,-0.081
4,2.100,-0.059,-0.083,-0.072
4,2.200,-0.077,-0.083,-0.062
4,2.300,-0.094,-0.083,-0.051
4,2.400,-0.111,-0.082,-0.040
4,2.500,-0.128,-0.081,-0.029
4,2.600,-0.144,-0.080,-0.017
4,2.700,-0.160,-0.079,-0.004
4,2.800,-0.176,-0.077,0.009
4,2.900,-0.192,-0.075,0.023
4,3.000,-0.207,-0.073,0.037
4,3.100,-0.221,-0.070,0.052
4,3.200,-0.236,-0.067,0.068
4,3.300,-0.250,-0.064,0.084
4,3.400,-0.264,-0.061,0.100
4,3.500,-0.278,-0.057,0.118
4,3.600,-0.291,-0.052,0.136
4,3.700,-0.304,-0.048,0.154
4,3.800,-0.317,-0.043,0.174
4,3.900,-0.329,-0.037,0.194
4,4.000,-0.341,-0.031,0.214
4,4.000,-0.341,-0.031,0.214
4,4.000,-0.341,-0.031,0.214
4,4.000,-0.341,-0.031,0.214
4,4.000,-0.341,-0.031,0.214
4,4.000,-0.341,-0.031,0.214
4,4.000,-0.341,-0.031,0.214
4,4.000,-0.341,-0.031,0.214
4,4.000,-0.341,-0.031,0.214
4,4.000,-0.341,-0.031,0.214
4,4.000,-0.341,-0.031,0.214
4,4.000,-0.341,-0.031,0.214
4,4.000,-0.341,-0.031,0.214
4,4.000,-0.341,-0.031,0.214
4,4.000,-0.341,-0.031,0.214
4,4.000,-0.341,-0.031,0.214
4,4.000,-0.341,-0.031,0.214
4,4.000,-0.341,-0.031,0.214
4,4.000,-0.341,-0.031,0.214
4,4.000,-0.341,-0.031,0.214
4,0.000,-0.341,-0.031,0.214
4,0.100,-0.341,-0.057,0.188
4,0.200,-0.338,-0.084,0.159
4,0.300,-0.335,-0.111,0.129
4,0.400,-0.329,-0.138,0.098
4,0.500,-0.323,-0.165,0.065
4,0.600,-0.314,-0.192,0.032
4,0.700,-0.305,-0.219,-0.003
4,0.800,-0.293,-0.244,-0.037
4,0.900,-0.280,-0.269,-0.072
4,1.000,-0.266,-0.293,-0.106
4,1.100,-0.250,-0.315,-0.140
4,1.200,-0.232,-0.336,-0.173
4,1.300,-0.213,-0.355,-0.205
4,1.400,-0.193,-0.373,-0.236
4,1.500,-0.171,-0.388,-0.265
4,1.600,-0.147,-0.401,-0.292
4,1.700,-0.122,-0.411,-0.316
4,1.800,-0.096,-0.419,-0.339
4,1.900,-0.069,-0.424,-0.358
4,2.000,-0.041,-0.427,-0.375
4,2.100,-0.012,-0.427,-0.389
4,2.200,0.017,-0.425,-0.400
4,2.300,0.047,-0.420,-0.408
4,2.400,0.077,-0.412,-0.413
4,2.500,0.107,-0.402,-0.415
4,2.600,0.136,-0.390,-0.414
4,2.700,0.164,-0.375,-0.410
4,2.800,0.192,-0.359,-0.403
4,2.900,0.218,-0.341,-0.394
4,3.000,0.243,-0.321,-0.382
4,3.100,0.266,-0.300,-0.368
4,3.200,0.288,-0.278,-0.352
4,3.300,0.307,-0.255,-0.334
4,3.400,0.324,-0.230,-0.315
4,3.500,0.338,-0.205,-0.294
4,3.600,0.350,-0.180,-0.272
4,3.700,0.360,-0.154,-0.249
4,3.800,0.367,-0.128,-0.225
4,3.900,0.371,-0.101,-0.200
4,4.000,0.372,-0.075,-0.175
4,4.000,0.372,-0.075,-0.175
4,4.000,0.372,-0.075,-0.175
4,4.000,0.372,-0.075,-0.175
4,4.000,0.372,-0.075,-0.175
4,4.000,0.372,-0.075,-0.175
4,4.000,0.372,-0.075,-0.175
4,4.000,0.372,-0.075,-0.175
4,4.000,0.372,-0.075,-0.175
4,4.000,0.372,-0.075,-0.175
4,4.000,0.372,-0.075,-0.175
4,4.000,0.372,-0.075,-0.175
