0	0.018	0.032	0.018	0.041	0.022	0.228	0.000	0.000
1	-0.184	0.241	-0.114	0.280	-0.061	0.184	-0.131	0.145	
2	-0.012	0.343	0.068	0.339	0.063	0.229	-0.017	0.233	
3	0.025	0.327	-0.012	0.329	0.000	0.000	0.000	0.000	
4	0.000	0.330	0.050	0.330	0.050	0.300	0.000	0.300	
5	-0.008	0.327	0.000	0.000	0.000	0.000	0.000	0.000
4	-0.050	0.330	0.000	0.330	0.000	0.300	-0.050	0.300	
3	0.025	0.327	0.068	0.325	0.000	0.000	0.000	0.000	
4	0.000	0.330	0.050	0.330	0.050	0.300	0.000	0.300	
5	0.058	0.327	0.000	0.000	0.000	0.000	0.000	0.000
4	0.050	0.330	0.100	0.330	0.100	0.300	0.050	0.300	
4	0.000	0.330	0.050	0.330	0.050	0.300	0.000	0.300	
5	0.025	0.292	0.000	0.000	0.000	0.000	0.000	0.000

0	0.019	0.360	0.019	0.373	-0.191	0.199	0.000	0.000
1	-0.185	-0.176	-0.115	-0.136	-0.060	-0.231	-0.130	-0.271	
2	-0.230	0.318	-0.150	0.316	-0.152	0.206	-0.232	0.208	
3	-0.190	0.302	-0.230	0.303	0.000	0.000	0.000	0.000	
4	-0.200	0.330	-0.150	0.330	-0.150	0.300	-0.200	0.300	
5	-0.208	0.302	0.000	0.000	0.000	0.000	0.000	0.000
4	-0.250	0.330	-0.200	0.330	-0.200	0.300	-0.250	0.300	
3	-0.190	0.302	-0.150	0.301	0.000	0.000	0.000	0.000	
4	-0.200	0.330	-0.150	0.330	-0.150	0.300	-0.200	0.300	
4	-0.200	0.330	-0.150	0.330	-0.150	0.300	-0.200	0.300	
5	-0.190	0.292	0.000	0.000	0.000	0.000	0.000	0.000

0	0.023	0.548	0.023	0.565	0.225	0.381	0.000	0.000
1	0.176	0.033	0.246	0.072	0.299	-0.024	0.229	-0.063	
2	0.190	0.500	0.270	0.495	0.264	0.386	0.184	0.390	
3	0.229	0.487	0.269	0.485	0.000	0.000	0.000	0.000	
4	0.200	0.510	0.250	0.510	0.250	0.480	0.200	0.480	
5	0.258	0.487	0.000	0.000	0.000	0.000	0.000	0.000
4	0.250	0.510	0.300	0.510	0.300	0.480	0.250	0.480	
3	0.229	0.487	0.189	0.490	0.000	0.000	0.000	0.000	
4	0.200	0.510	0.250	0.510	0.250	0.480	0.200	0.480	
5	0.192	0.487	0.000	0.000	0.000	0.000	0.000	0.000
4	0.150	0.510	0.200	0.510	0.200	0.480	0.150	0.480	
4	0.200	0.510	0.250	0.510	0.250	0.480	0.200	0.480	
5	0.229	0.472	0.000	0.000	0.000	0.000	0.000	0.000

