1	0.719	-0.966	0.000
1	-0.004	0.104	0.000
1	-0.006	0.104	0.000
1	-0.006	0.104	0.000
1	-0.005	0.104	0.000
1	-0.003	0.103	0.000
1	-0.002	0.102	0.000
1	-0.001	0.101	0.000
1	0.000	0.101	0.000
1	0.001	0.100	0.000
1	0.003	0.099	0.000
1	0.004	0.099	0.000
1	0.005	0.097	0.000
1	0.006	0.097	0.000
1	0.007	0.096	0.000
1	0.010	0.095	0.000
1	0.011	0.094	0.000
1	0.012	0.093	0.000
1	0.013	0.093	0.000
1	0.015	0.092	0.000
1	0.016	0.091	0.000
1	0.017	0.091	0.000
1	0.018	0.090	0.000
1	0.019	0.089	0.000
1	0.021	0.089	0.000
1	0.022	0.087	0.000
1	0.023	0.086	0.000
1	0.024	0.086	0.000
1	0.025	0.085	0.000
1	0.026	0.085	0.000
1	0.027	0.084	0.000
1	0.028	0.084	0.000
1	0.028	0.083	0.000
1	0.029	0.083	0.000
1	0.030	0.082	0.000
1	0.030	0.082	0.000
1	0.030	0.082	0.000
1	0.031	0.081	0.000
1	0.031	0.081	0.000
1	0.032	0.081	0.000
1	0.034	0.080	0.000
1	0.034	0.080	0.000
1	0.035	0.079	0.000
1	0.035	0.079	0.000
1	0.036	0.079	0.000
1	0.036	0.078	0.000
1	0.037	0.078	0.000
1	0.037	0.078	0.000
1	0.037	0.078	0.000
1	0.037	0.078	0.003
1	0.037	0.077	0.004
1	0.038	0.077	0.004
0	0.034	0.079	0.008
0	0.034	0.079	0.008
0	0.029	0.082	0.012
0	0.029	0.082	0.012
0	0.022	0.086	0.015
0	0.022	0.086	0.015
0	0.014	0.091	0.017
0	0.005	0.096	0.019
0	0.005	0.096	0.019
0	-0.004	0.102	0.019
0	-0.005	0.102	0.019
0	-0.013	0.107	0.018
0	-0.022	0.112	0.016
0	-0.030	0.116	0.013
