0	0	0	-1.576923251152	0.30309394001961	0.0046222656965256	8.5830688476562e-06	0.089005306363106	-0.10827778279781
-0.0032131527550519	0.02750982157886	0.32411727309227	-1.5767247676849	0.33560904860497	0.0036300681531429	0.00041306018829346	0.12029922008514	-0.10544596612453
-0.0031101659405977	0.037101902067661	0.44342696666718	-1.5770293474197	0.34238773584366	0.0034158825874329	0.0002903938293457	0.13187228143215	-0.10104840993881
-0.0027981034945697	0.040446158498526	0.49626183509827	-1.5770757198334	0.34161990880966	0.0034921169281006	0.00056898593902588	0.13722462952137	-0.098288811743259
-0.0046327882446349	0.078882813453674	0.59875452518463	-1.5764734745026	0.34574574232101	0.0033856257796288	0.00093162059783936	0.14249895513058	-0.098101131618023
-0.0033197801094502	0.09228478372097	0.6389331817627	-1.5753682851791	0.34929367899895	0.0036107711493969	-2.0623207092285e-05	0.14492201805115	-0.097732067108154
-0.0031423629261553	0.096957832574844	0.6546049118042	-1.5739810466766	0.3501623570919	0.0036508627235889	-4.7683715820312e-07	0.14596727490425	-0.097218737006187
-0.0040528173558414	0.098587170243263	0.66142743825912	-1.5732278823853	0.35065597295761	0.0036671757698059	0.00049984455108643	0.14652886986732	-0.096906140446663
-0.0049585304223001	0.099155105650425	0.66511505842209	-1.5728230476379	0.35096684098244	0.0036759153008461	0.00089383125305176	0.14691179990768	-0.09667007625103
-0.0059973974712193	0.099353156983852	0.66587829589844	-1.572735786438	0.35127174854279	0.0036753304302692	0.001286506652832	0.14698402583599	-0.096656687557697
-0.0066697220318019	0.099422238767147	0.66520518064499	-1.57259953022	0.35177516937256	0.0036700330674648	0.001498818397522	0.14690227806568	-0.096726462244987
-0.006557741202414	0.099446408450603	0.66617548465729	-1.5723408460617	0.35230195522308	0.0036757104098797	0.0014283657073975	0.14703664183617	-0.096602141857147
-0.0064365449361503	0.099454835057259	0.66792106628418	-1.5722835063934	0.35255196690559	0.0036832541227341	0.0014023780822754	0.14725099503994	-0.096440151333809
-0.0068508014082909	0.099457882344723	0.66761445999146	-1.5724256038666	0.35275933146477	0.0036796517670155	0.0015746355056763	0.14720290899277	-0.096494428813457
-0.0065831537358463	0.099458619952202	0.6680828332901	-1.5723035335541	0.35311588644981	0.0036823302507401	0.0014495849609375	0.14726530015469	-0.096425756812096
-0.006393366958946	0.099458940327168	0.66929394006729	-1.572298169136	0.3532772064209	0.0036863051354885	0.0014005899429321	0.14741277694702	-0.096309445798397
-0.0068721948191524	0.099459260702133	0.66868138313293	-1.5723816156387	0.3534619808197	0.0036825984716415	0.0016105175018311	0.1473336070776	-0.096380695700645
-0.0066284476779401	0.099459037184715	0.66901862621307	-1.5722103118896	0.3538276553154	0.0036849975585938	0.0014896392822266	0.1473827958107	-0.096323534846306
-0.0070382808335125	0.099459290504456	0.66835623979568	-1.5721988677979	0.3541411459446	0.0036810114979744	0.0016744136810303	0.14730334281921	-0.09638724476099
-0.0067695192992687	0.099459335207939	0.66898798942566	-1.5720086097717	0.35456490516663	0.0036844834685326	0.0015506744384766	0.14739076793194	-0.09630261361599
-0.0071349530480802	0.099459335207939	0.6684347987175	-1.5719627141953	0.35492667555809	0.0036807432770729	0.0017218589782715	0.14732307195663	-0.09635267406702
-0.0075434776954353	0.099459417164326	0.66720926761627	-1.5717566013336	0.35558047890663	0.003673143684864	0.0018922090530396	0.14718629419804	-0.096433460712433
-0.0078062354587018	0.099459484219551	0.66653299331665	-1.5714777708054	0.35641032457352	0.0036704912781715	0.0019795894622803	0.14712609350681	-0.096470959484577
-0.0079231262207031	0.099459737539291	0.66629630327225	-1.57115650177	0.35726487636566	0.0036692880094051	0.0020256042480469	0.14710649847984	-0.096467934548855
-0.0076023619621992	0.099459618330002	0.6680680513382	-1.5709093809128	0.3579578101635	0.0036785081028938	0.0019046068191528	0.14733634889126	-0.096280924975872
-0.0082321874797344	0.099459618330002	0.66321349143982	-1.5715812444687	0.35772997140884	0.0036741681396961	0.0019166469573975	0.14659583568573	-0.097305238246918
-0.008270594291389	0.099459528923035	0.66016918420792	-1.5721868276596	0.35746312141418	0.0036665238440037	0.0018148422241211	0.1462050229311	-0.097639039158821
-0.0081335036084056	0.099459290504456	0.65627712011337	-1.5724766254425	0.35743448138237	0.0036566108465195	0.0016181468963623	0.14567506313324	-0.098156720399857
-0.0074837408028543	0.099459230899811	0.65732526779175	-1.5727471113205	0.35829177498817	0.0036688111722469	0.0012179613113403	0.1457631289959	-0.098245248198509
-0.0067376201041043	0.099459409713745	0.65852785110474	-1.5731126070023	0.35945555567741	0.0036614648997784	0.00091958045959473	0.14587315917015	-0.098198309540749
-0.0067245690152049	0.099459171295166	0.65525090694427	-1.5730993747711	0.35981827974319	0.0036522448062897	0.0010768175125122	0.14549349248409	-0.098272562026978
-0.0067141721956432	0.099459178745747	0.65456938743591	-1.5731054544449	0.36002126336098	0.0036520734429359	0.0011022090911865	0.14544889330864	-0.098280884325504
-0.0065570268779993	0.099459201097488	0.65393447875977	-1.5730298757553	0.36050128936768	0.0036503970623016	0.0010420083999634	0.14537052810192	-0.098329581320286
-0.0067840977571905	0.0994593501091	0.65376794338226	-1.5729358196259	0.36096566915512	0.0036515705287457	0.0011521577835083	0.14536629617214	-0.098339512944221
-0.0065977270714939	0.099459119141102	0.65527325868607	-1.5729560852051	0.36178424954414	0.003660324960947	0.00092196464538574	0.14552737772465	-0.098325498402119
-0.0059466194361448	0.099459275603294	0.66012561321259	-1.5731265544891	0.36323183774948	0.0036708191037178	0.00063300132751465	0.1460497379303	-0.098153993487358
-0.0059182462282479	0.099459193646908	0.65849184989929	-1.5731701850891	0.36369860172272	0.0036547780036926	0.00078272819519043	0.14579138159752	-0.098186455667019
-0.0058935261331499	0.099459245800972	0.65588116645813	-1.5730583667755	0.36417651176453	0.0036524198949337	0.00085628032684326	0.14552463591099	-0.098276495933533
-0.0058936509303749	0.099459245800972	0.65437459945679	-1.5732358694077	0.36470630764961	0.0036504380404949	0.00082504749298096	0.1453927308321	-0.098321437835693
-0.005725126247853	0.099459461867809	0.6559562087059	-1.5732891559601	0.36559495329857	0.0036666244268417	0.00073015689849854	0.1455774307251	-0.098284430801868
-0.0055945781059563	0.099459618330002	0.65855330228806	-1.5735139846802	0.36697119474411	0.0036663711071014	0.00046312808990479	0.14587457478046	-0.098205871880054
-0.0056778811849654	0.099459804594517	0.65998721122742	-1.5734127759933	0.36842793226242	0.0036628060042858	0.00068271160125732	0.14601014554501	-0.098130702972412
-0.0056842090561986	0.099459581077099	0.65976041555405	-1.5734357833862	0.36983421444893	0.0036667957901955	0.00081241130828857	0.14595907926559	-0.098162449896336
-0.005833612754941	0.099459439516068	0.65758180618286	-1.5736618041992	0.37051600217819	0.003656342625618	0.00081229209899902	0.14570932090282	-0.098210535943508
-0.0057458095252514	0.099459484219551	0.65770769119263	-1.5737447738647	0.37136310338974	0.003654059022665	0.00072276592254639	0.14573799073696	-0.09823253005743
-0.0062239025719464	0.099459320306778	0.65485787391663	-1.5735881328583	0.37170705199242	0.0036523379385471	0.00095069408416748	0.1454364657402	-0.098318345844746
-0.0061610513366759	0.099459290504456	0.65829408168793	-1.5735241174698	0.37281906604767	0.0036701112985611	0.00084733963012695	0.14583821594715	-0.098229162395
-0.0062103345990181	0.099459514021873	0.65509295463562	-1.5736752748489	0.37309223413467	0.0036519877612591	0.0009307861328125	0.14546050131321	-0.09831552952528
-0.0061739385128021	0.099459625780582	0.65428912639618	-1.5738425254822	0.37331476807594	0.0036511681973934	0.00092220306396484	0.14539448916912	-0.09833500534296
-0.0061570415273309	0.099459499120712	0.65397644042969	-1.573955655098	0.37331438064575	0.0036503374576569	0.00089991092681885	0.1453583240509	-0.098367817699909
-0.0061308648437262	0.099459603428841	0.65534895658493	-1.573578119278	0.37374246120453	0.003650113940239	0.00097250938415527	0.14558108150959	-0.098037764430046
-0.006106982473284	0.099459290504456	0.65729832649231	-1.5732433795929	0.37409934401512	0.0036561079323292	0.0010193586349487	0.14583839476109	-0.097827829420567
-0.0061275893822312	0.099459163844585	0.65868997573853	-1.5730795860291	0.37427368760109	0.0036592744290829	0.0010495185852051	0.14600579440594	-0.097714923322201
-0.0063467491418123	0.099459230899811	0.66174376010895	-1.5725810527802	0.3749914765358	0.003659263253212	0.0012855529785156	0.14643070101738	-0.097229890525341
-0.006626037415117	0.099459394812584	0.66233378648758	-1.5720601081848	0.37579679489136	0.0036575607955456	0.0014189481735229	0.14649473130703	-0.097185000777245
-0.006861356087029	0.099459193646908	0.66338020563126	-1.5718063116074	0.37636840343475	0.0036632344126701	0.0014985799789429	0.14664414525032	-0.097087301313877
-0.0066837025806308	0.099459461867809	0.66501134634018	-1.5716916322708	0.37664127349854	0.003668949007988	0.0014089345932007	0.14684209227562	-0.096944786608219
-0.0065408730879426	0.099459543824196	0.6649928689003	-1.5713399648666	0.37709414958954	0.0036656372249126	0.0013754367828369	0.14680637419224	-0.096957869827747
-0.0068255253136158	0.099459484219551	0.66389495134354	-1.57084441185	0.37782901525497	0.0036604814231396	0.0015174150466919	0.14666964113712	-0.09705114364624
-0.0071078832261264	0.099459417164326	0.66421121358871	-1.5706456899643	0.3783854842186	0.0036647617816925	0.001605749130249	0.14674463868141	-0.097012147307396
-0.0068778987042606	0.099459499120712	0.6656089425087	-1.5705709457397	0.37863439321518	0.0036700963973999	0.0014852285385132	0.14691843092442	-0.096887722611427
-0.0066737704910338	0.09945946931839	0.66539514064789	-1.5701746940613	0.37906002998352	0.0036657303571701	0.0014410018920898	0.14685527980328	-0.096908681094646
-0.0069576697424054	0.099459268152714	0.66527938842773	-1.5699656009674	0.37947428226471	0.0036676861345768	0.0015610456466675	0.1468660980463	-0.096912331879139
-0.0068260533735156	0.09945922344923	0.66500735282898	-1.5694814920425	0.37992423772812	0.0036641880869865	0.0015100240707397	0.14681762456894	-0.096929140388966
-0.0070650274865329	0.099459297955036	0.66514927148819	-1.5692454576492	0.38038045167923	0.0036667510867119	0.0016038417816162	0.1468581110239	-0.096912249922752
-0.0069214864633977	0.099459148943424	0.66496515274048	-1.5687527656555	0.38085308670998	0.0036638751626015	0.0015490055084229	0.14681905508041	-0.096922807395458
-0.007129808422178	0.099459186196327	0.66519141197205	-1.5685153007507	0.38132137060165	0.0036666765809059	0.0016301870346069	0.14686776697636	-0.096901372075081
-0.0069900383241475	0.09945947676897	0.66498708724976	-1.5680212974548	0.38181006908417	0.0036636330187321	0.0015765428543091	0.14682610332966	-0.096914537250996
-0.0072714644484222	0.099459193646908	0.6639244556427	-1.5674296617508	0.38255852460861	0.0036582686007023	0.001711368560791	0.14669945836067	-0.097001262009144
-0.0074240621179342	0.099459432065487	0.66465151309967	-1.567217707634	0.3831861615181	0.0036645866930485	0.0017414093017578	0.14681947231293	-0.096937507390976
-0.0072609507478774	0.099459432065487	0.66469919681549	-1.5668162107468	0.38381946086884	0.003662958741188	0.001673698425293	0.14680653810501	-0.09693244099617
-0.0072823669761419	0.099459201097488	0.66538608074188	-1.566660284996	0.38431864976883	0.0036674812436104	0.0016788244247437	0.14690226316452	-0.096878722310066
-0.0071769757196307	0.099459305405617	0.66509264707565	-1.5662840604782	0.38492035865784	0.0036640353500843	0.0016446113586426	0.1468490511179	-0.096902027726173
-0.0074268444441259	0.099459387362003	0.66416549682617	-1.5657970905304	0.38578304648399	0.0036591440439224	0.0017637014389038	0.14674131572247	-0.09697200357914
-0.0069451620802283	0.099459148943424	0.66141450405121	-1.5655182600021	0.38637727499008	0.0036648400127888	0.0012778043746948	0.14633448421955	-0.097565367817879
-0.006109771784395	0.099459163844585	0.66001433134079	-1.5653177499771	0.38736402988434	0.0036839693784714	0.0010579824447632	0.14603969454765	-0.098108120262623
-0.0060729859396815	0.09945934265852	0.65854108333588	-1.5651557445526	0.38790273666382	0.0036833398044109	0.00093472003936768	0.1458261013031	-0.098266236484051
-0.0058452850207686	0.099459260702133	0.65928065776825	-1.5652624368668	0.3889145553112	0.0036831423640251	0.00079679489135742	0.14589923620224	-0.098269440233707
-0.0060484656132758	0.099459581077099	0.65526705980301	-1.5650267601013	0.38914334774017	0.0036641955375671	0.00087845325469971	0.14543963968754	-0.098410665988922
-0.0060643963515759	0.099459558725357	0.65800523757935	-1.5651445388794	0.39035403728485	0.0036816410720348	0.00067126750946045	0.14578187465668	-0.098353363573551
-0.0058161085471511	0.09945947676897	0.66081690788269	-1.5648295879364	0.3918329179287	0.0036763995885849	0.00093090534210205	0.14604268968105	-0.098233833909035
-0.0056913061998785	0.099459305405617	0.65903449058533	-1.5649174451828	0.39246946573257	0.0036856010556221	0.00075960159301758	0.14584429562092	-0.098312556743622
-0.0057311272248626	0.09945946931839	0.65970188379288	-1.5650099515915	0.39341229200363	0.0036852099001408	0.00056111812591553	0.14594754576683	-0.098292618989944
-0.0057999985292554	0.099459603428841	0.65678709745407	-1.5647889375687	0.39374262094498	0.0036660805344582	0.00071883201599121	0.14557239413261	-0.098403558135033
-0.0060465652495623	0.099459417164326	0.66003739833832	-1.5646133422852	0.39498662948608	0.0036918073892593	0.0011264085769653	0.14601440727711	-0.098332434892654
-0.0058907326310873	0.099459454417229	0.65857028961182	-1.5646800994873	0.3954176902771	0.00367396697402	0.00091731548309326	0.14576491713524	-0.09838155657053
-0.0058732074685395	0.099459335207939	0.65911114215851	-1.5648367404938	0.39635479450226	0.0036829933524132	0.00086081027984619	0.14586170017719	-0.098366431891918
-0.0051770783029497	0.099459290504456	0.65854394435883	-1.5653895139694	0.39758971333504	0.0037217922508717	0.00013291835784912	0.14579707384109	-0.098281435668468
-0.0057469047605991	0.099459618330002	0.65729236602783	-1.5646036863327	0.39839479327202	0.0040727481245995	0.00080835819244385	0.14568208158016	-0.098084129393101
-0.0057934829965234	0.099459305405617	0.65684950351715	-1.5646387338638	0.39864894747734	0.0040500685572624	0.00085246562957764	0.14565448462963	-0.098108351230621
-0.0056791342794895	0.099459253251553	0.65658366680145	-1.564853310585	0.3993307352066	0.0040466599166393	0.00081264972686768	0.14562372863293	-0.098131105303764
-0.0057938066311181	0.099459379911423	0.65664613246918	-1.5645887851715	0.40006685256958	0.0041049495339394	0.00086450576782227	0.14564037322998	-0.098116338253021
-0.0057128109037876	0.099459402263165	0.65654945373535	-1.5647475719452	0.40093797445297	0.0040957927703857	0.00082683563232422	0.14562495052814	-0.098129488527775
-0.0058031203225255	0.099459439516068	0.65664720535278	-1.5645397901535	0.40168371796608	0.0041404888033867	0.00086629390716553	0.14564222097397	-0.098114907741547
-0.0057208659127355	0.099459454417229	0.65656089782715	-1.5646973848343	0.4025676548481	0.004132054746151	0.00082957744598389	0.14562758803368	-0.098126813769341
-0.0057292953133583	0.099459484219551	0.6565922498703	-1.5645954608917	0.40396198630333	0.0041928850114346	0.0008392333984375	0.14563399553299	-0.098118245601654
-0.0058078663423657	0.099459484219551	0.65669739246368	-1.5643975734711	0.40481567382812	0.0042216219007969	0.00086855888366699	0.14565056562424	-0.09810696542263
-0.0057512791827321	0.099459514021873	0.65658605098724	-1.5647193193436	0.40557807683945	0.0041570737957954	0.00083315372467041	0.14563834667206	-0.098102599382401
-0.0055844755843282	0.099459387362003	0.65663832426071	-1.565065741539	0.406398832798	0.0047013014554977	0.00076007843017578	0.14566659927368	-0.098001956939697
-0.0055703739635646	0.099459521472454	0.65678346157074	-1.5649532079697	0.40748053789139	0.0048707947134972	0.000762939453125	0.14569279551506	-0.097967907786369
-0.0056133503094316	0.099459484219551	0.65688121318817	-1.5647867918015	0.40804314613342	0.0049240067601204	0.00077760219573975	0.14570870995522	-0.097952663898468
-0.0056221801787615	0.099459193646908	0.65684098005295	-1.5646427869797	0.40867608785629	0.0050113834440708	0.00077724456787109	0.14570097625256	-0.097962036728859
-0.0056381239555776	0.099459312856197	0.65686446428299	-1.5645399093628	0.40909641981125	0.005012720823288	0.00078153610229492	0.14570528268814	-0.097958520054817
-0.0056289192289114	0.099459491670132	0.65683460235596	-1.5644302368164	0.40971571207047	0.0050816051661968	0.0007777214050293	0.14569996297359	-0.097962893545628
-0.0056217662058771	0.09945921599865	0.65683442354202	-1.5643023252487	0.41074284911156	0.0051182582974434	0.00077688694000244	0.14570084214211	-0.097961902618408
-0.0056370296515524	0.09945934265852	0.65689897537231	-1.5641815662384	0.41137951612473	0.0050678066909313	0.00078165531158447	0.14571091532707	-0.097953774034977
-0.0056381127797067	0.099459379911423	0.65685242414474	-1.5640634298325	0.41202974319458	0.005103774368763	0.00078260898590088	0.14570240676403	-0.097962453961372
-0.0056281266734004	0.099459186196327	0.65690189599991	-1.5638965368271	0.41251215338707	0.0050971023738384	0.00078058242797852	0.14571024477482	-0.097954839468002
-0.0056537040509284	0.099459283053875	0.65684735774994	-1.5637542009354	0.41316574811935	0.0051590874791145	0.00079262256622314	0.14570206403732	-0.097960658371449
-0.0056478632614017	0.099459119141102	0.65690803527832	-1.5637145042419	0.41373506188393	0.0051560252904892	0.00079023838043213	0.14571171998978	-0.097952984273434
-0.0056345788761973	0.099459327757359	0.65687251091003	-1.5636817216873	0.41446742415428	0.0052119344472885	0.00078535079956055	0.14570607244968	-0.097956098616123
-0.0056266160681844	0.09945946931839	0.65689086914062	-1.5636367797852	0.41560429334641	0.0052611604332924	0.00078439712524414	0.14571027457714	-0.097950860857964
-0.0056322193704545	0.099459253251553	0.65696400403976	-1.5635670423508	0.41632583737373	0.0052258223295212	0.00078690052032471	0.14571985602379	-0.097945295274258
-0.0056313122622669	0.09945922344923	0.65696150064468	-1.5634928941727	0.416499376297	0.0051999501883984	0.0007854700088501	0.14571797847748	-0.097948230803013
-0.0056278244592249	0.099459245800972	0.65689116716385	-1.5634745359421	0.41705399751663	0.0052551925182343	0.00078332424163818	0.14570923149586	-0.097952462732792
-0.0056218248791993	0.099459379911423	0.65695858001709	-1.5634254217148	0.4175243973732	0.0052432082593441	0.00078296661376953	0.14571878314018	-0.097945846617222
-0.0056112012825906	0.099459394812584	0.65690988302231	-1.5633718967438	0.41826489567757	0.0052564404904842	0.00077760219573975	0.14571203291416	-0.097950480878353
-0.0056104934774339	0.099459357559681	0.65697902441025	-1.5633126497269	0.41878509521484	0.0052323304116726	0.0007779598236084	0.14572176337242	-0.097944535315037
-0.0056148050352931	0.099459193646908	0.65696561336517	-1.5632417201996	0.41890993714333	0.0051996447145939	0.0007781982421875	0.14571842551231	-0.097949184477329
-0.0056112934835255	0.099459536373615	0.65689897537231	-1.5631710290909	0.41947704553604	0.0052482597529888	0.00077664852142334	0.14571000635624	-0.097952306270599
-0.0056082266382873	0.099459335207939	0.65697252750397	-1.5631028413773	0.41994607448578	0.005239836871624	0.00077641010284424	0.14572088420391	-0.097945004701614
-0.0056119589135051	0.099459156394005	0.65692007541656	-1.5630133152008	0.42068880796432	0.0052619613707066	0.0007777214050293	0.14571358263493	-0.097949028015137
-0.0056072105653584	0.099459186196327	0.6569476723671	-1.5629289150238	0.42182731628418	0.0052946917712688	0.00077676773071289	0.1457185447216	-0.097944423556328
-0.005669332575053	0.09945947676897	0.65645682811737	-1.562806725502	0.42220515012741	0.0045817866921425	0.00078201293945312	0.1456320732832	-0.098062783479691
-0.0057086613960564	0.099459372460842	0.65619158744812	-1.5627295970917	0.42233991622925	0.0042691752314568	0.00078880786895752	0.14559736847878	-0.098093196749687
-0.0057115321978927	0.099459268152714	0.65607452392578	-1.5626788139343	0.4230665564537	0.0041888244450092	0.00078666210174561	0.14558470249176	-0.098099865019321
-0.0057138339616358	0.099459029734135	0.65607976913452	-1.5626463890076	0.42355465888977	0.0041156336665154	0.000785231590271	0.14558683335781	-0.098099589347839
-0.0057137487456203	0.099459081888199	0.65603989362717	-1.5625885725021	0.42441195249557	0.0041086412966251	0.0007861852645874	0.14558134973049	-0.098103195428848
-0.0057137869298458	0.099459432065487	0.6560525894165	-1.5624725818634	0.42565649747849	0.0041025057435036	0.00078773498535156	0.14558392763138	-0.098099909722805
-0.00572608737275	0.099459327757359	0.65609472990036	-1.562371134758	0.42632764577866	0.0040572583675385	0.00079238414764404	0.14558953046799	-0.098097622394562
-0.0057277190499008	0.099459297955036	0.65608072280884	-1.5622972249985	0.4265216588974	0.0040501914918423	0.00079131126403809	0.14558675885201	-0.098099961876869
-0.0057253292761743	0.099459439516068	0.65606379508972	-1.5622320175171	0.42656308412552	0.0040588192641735	0.00079011917114258	0.14558401703835	-0.098101809620857
-0.0057179499417543	0.099459387362003	0.65602743625641	-1.5621453523636	0.42725718021393	0.0041016675531864	0.00078845024108887	0.14557975530624	-0.098103173077106
-0.0057228896766901	0.099459648132324	0.65607511997223	-1.562064409256	0.42776829004288	0.0040740966796875	0.00079107284545898	0.14558684825897	-0.098099231719971
-0.0057344385422766	0.09945922344923	0.65603280067444	-1.5619453191757	0.42863637208939	0.0041008740663528	0.00079715251922607	0.1455805003643	-0.098102115094662
-0.0057356590405107	0.099459305405617	0.65605705976486	-1.5618953704834	0.42993313074112	0.0041191354393959	0.00079751014709473	0.14558559656143	-0.098096676170826
-0.0057413331232965	0.099459283053875	0.65610021352768	-1.5618073940277	0.43063980340958	0.004078596830368	0.00080013275146484	0.14559066295624	-0.098094776272774
-0.0057360101491213	0.099459134042263	0.65606224536896	-1.561735868454	0.4315767288208	0.004105918109417	0.00079703330993652	0.14558526873589	-0.09809798002243
-0.0057375752367079	0.099459253251553	0.65609645843506	-1.5616563558578	0.43215084075928	0.0040746033191681	0.00079762935638428	0.1455896794796	-0.098096109926701
-0.0057392059825361	0.099459558725357	0.65608656406403	-1.5615954399109	0.4323513507843	0.0040669441223145	0.00079810619354248	0.14558780193329	-0.098098032176495
-0.0057197068817914	0.099459402263165	0.65604639053345	-1.5615410804749	0.43314999341965	0.0040993355214596	0.00078928470611572	0.14558252692223	-0.098101608455181
-0.0057263211347163	0.099459514021873	0.65609335899353	-1.5614821910858	0.43371033668518	0.0040684640407562	0.00079262256622314	0.14558961987495	-0.098097421228886
-0.0057207779027522	0.09945947676897	0.65606367588043	-1.5613998174667	0.4346290230751	0.0040856786072254	0.00079023838043213	0.14558547735214	-0.098099537193775
-0.0057205040939152	0.099459260702133	0.65608185529709	-1.5612816810608	0.43593889474869	0.0040899701416492	0.00079095363616943	0.14558893442154	-0.098095744848251
-0.0057305679656565	0.099459208548069	0.65618222951889	-1.5611799955368	0.43667244911194	0.0040723495185375	0.00079691410064697	0.14560389518738	-0.098082773387432
-0.0057262256741524	0.099459201097488	0.65613722801208	-1.5610834360123	0.43761628866196	0.0040847472846508	0.00079452991485596	0.14559656381607	-0.098088063299656
-0.0057238102890551	0.0994593501091	0.65613615512848	-1.5610018968582	0.43892598152161	0.0040783174335957	0.0007936954498291	0.14559668302536	-0.098089464008808
-0.0058666984550655	0.099459268152714	0.65652984380722	-1.5609718561172	0.44012385606766	0.0036508068442345	0.00084769725799561	0.14567813277245	-0.098029732704163
-0.0054246708750725	0.099459491670132	0.66220128536224	-1.5608615875244	0.44179630279541	0.0036641359329224	0.00086843967437744	0.14653784036636	-0.09700895100832
-0.0054774866439402	0.09945922344923	0.66510844230652	-1.5607914924622	0.44317483901978	0.0036716498434544	0.00097870826721191	0.14689764380455	-0.096721202135086
-0.0052617420442402	0.099459402263165	0.66737681627274	-1.5606926679611	0.44414409995079	0.0036782883107662	0.00094807147979736	0.14716944098473	-0.096481911838055
-0.0055913776159286	0.099459275603294	0.66841506958008	-1.560733795166	0.44495037198067	0.003681231290102	0.0011196136474609	0.14729154109955	-0.09641021490097
-0.0057789906859398	0.099459409713745	0.66867434978485	-1.5607769489288	0.44596409797668	0.0036813318729401	0.0011775493621826	0.14732593297958	-0.096388898789883
-0.0058303726837039	0.099459327757359	0.66885584592819	-1.5608050823212	0.44713532924652	0.0036814734339714	0.001184344291687	0.14735424518585	-0.096355676651001
-0.0053763249889016	0.099459424614906	0.66988116502762	-1.5607126951218	0.44807100296021	0.0036847703158855	0.0010277032852173	0.14747646450996	-0.096215113997459
-0.0057344785891473	0.099459581077099	0.67024517059326	-1.5608063936234	0.44881647825241	0.0036859549582005	0.0012162923812866	0.14752480387688	-0.096195809543133
-0.0053975316695869	0.099459573626518	0.67096167802811	-1.5607534646988	0.4495302438736	0.0036871954798698	0.0010776519775391	0.14760899543762	-0.096102505922318
-0.0057436721399426	0.099459439516068	0.67112791538239	-1.5608571767807	0.45019245147705	0.0036879405379295	0.0012458562850952	0.14763632416725	-0.096094451844692
-0.0057877004146576	0.099459201097488	0.67102557420731	-1.5609166622162	0.45119774341583	0.0036872141063213	0.0012339353561401	0.14763101935387	-0.096090450882912
-0.0056948498822749	0.099459551274776	0.67109179496765	-1.5609369277954	0.45238700509071	0.0036869198083878	0.0011904239654541	0.14764362573624	-0.096059262752533
-0.0052749221213162	0.099459409713745	0.67212837934494	-1.5608433485031	0.45328292250633	0.0036901161074638	0.0010571479797363	0.14776539802551	-0.095927640795708
