-0.16126841306686	-0.16632987558842	0.086044728755951	-0.20974385738373	-1.0559556484222	0.0043505355715752	0.021241307258606	0.11415591835976	-0.097549460828304
-0.16126833856106	-0.17404003441334	0.086195662617683	-0.21039605140686	-1.0562572479248	0.00011119246482849	0.021022915840149	0.11490014195442	-0.096648216247559
-0.18288752436638	-0.15056727826595	0.11395151913166	-0.20940260589123	-1.056205868721	0.00012136250734329	0.024009704589844	0.11511355638504	-0.097952455282211
-0.17713180184364	-0.14780162274837	0.10646396130323	-0.20888683199883	-1.0568740367889	0.0001155212521553	0.023381233215332	0.11419871449471	-0.098517335951328
-0.16831108927727	-0.14941327273846	0.095488682389259	-0.20882402360439	-1.0570328235626	0.00011270493268967	0.021962642669678	0.11339989304543	-0.098637379705906
-0.15903583168983	-0.15229691565037	0.084517039358616	-0.20888552069664	-1.0570678710938	0.00011137127876282	0.020662546157837	0.11270692944527	-0.098649062216282
-0.14958313107491	-0.15537291765213	0.07379799336195	-0.20898260176182	-1.0570952892303	0.00011025369167328	0.019433856010437	0.11204913258553	-0.098649710416794
-0.13998208940029	-0.15837582945824	0.06332478672266	-0.20911228656769	-1.0571224689484	0.00010952353477478	0.018216848373413	0.11140048503876	-0.098649092018604
-0.13023427128792	-0.16120482981205	0.053090006113052	-0.20924305915833	-1.0571490526199	0.00010895729064941	0.017002582550049	0.11074712872505	-0.09865128993988
-0.12033847719431	-0.16400085389614	0.043103612959385	-0.20938697457314	-1.0571639537811	0.00010866671800613	0.015791296958923	0.11010718345642	-0.098647318780422
-0.11029393225908	-0.16678276658058	0.033357441425323	-0.20955018699169	-1.0571709871292	0.0001087561249733	0.014603972434998	0.10947868227959	-0.098632246255875
-0.10009870678186	-0.16967467963696	0.023886181414127	-0.20976090431213	-1.0572447776794	0.00010944902896881	0.013514518737793	0.10888203978539	-0.098614752292633
-0.089751206338406	-0.17224788665771	0.014626084826887	-0.2099689245224	-1.0573483705521	0.00011013448238373	0.012371897697449	0.10826781392097	-0.098613239824772
-0.079251274466515	-0.16713188588619	0.0055123544298112	-0.20939752459526	-1.0579956769943	0.00011248141527176	0.011386394500732	0.10693767666817	-0.099485069513321
-0.068597100675106	-0.16159576177597	-0.002498421119526	-0.20896203815937	-1.0585638284683	0.00011342763900757	0.0099213123321533	0.10559433698654	-0.10014127939939
-0.057787947356701	-0.16382499039173	-0.012239150702953	-0.20900751650333	-1.0587338209152	0.0001145601272583	0.0086406469345093	0.10486149787903	-0.10013523697853
-0.046822935342789	-0.16601124405861	-0.020727450028062	-0.20909382402897	-1.0588527917862	0.00011599808931351	0.007443904876709	0.10423412919044	-0.1000999584794
-0.035701505839825	-0.16813990473747	-0.02887356467545	-0.20917142927647	-1.058974146843	0.00011740624904633	0.0062707662582397	0.10362938046455	-0.10006862878799
-0.024423316121101	-0.17008851468563	-0.036784537136555	-0.20923100411892	-1.0591045618057	0.0001191645860672	0.0050973892211914	0.10302051901817	-0.10004852712154
-0.012987683527172	-0.17179155349731	-0.044485229998827	-0.20923621952534	-1.0592555999756	0.00012131780385971	0.0039105415344238	0.10239538550377	-0.10003793239594
-0.0013941487995908	-0.17340463399887	-0.051971487700939	-0.20922812819481	-1.0594063997269	0.000123530626297	0.0027345418930054	0.10177132487297	-0.10002758353949
0.010357177816331	-0.17490711808205	-0.059245105832815	-0.2092150747776	-1.0595535039902	0.00012576580047607	0.0015573501586914	0.10114604234695	-0.10001897066832
0.022266222164035	-0.17629490792751	-0.066306799650192	-0.20919623970985	-1.0596963167191	0.00012823194265366	0.0003741979598999	0.10051825642586	-0.10001158714294
0.034332867711782	-0.17756716907024	-0.073158077895641	-0.20916931331158	-1.0598330497742	0.00013052672147751	-0.00081944465637207	0.099886506795883	-0.10000595450401
0.046556055545807	-0.17873455584049	-0.079798772931099	-0.2091324031353	-1.059959769249	0.00013287365436554	-0.0020232200622559	0.09925165772438	-0.10000087320805
0.058936059474945	-0.17978797852993	-0.08623243868351	-0.20908799767494	-1.060073018074	0.00013551861047745	-0.0032345056533813	0.098611176013947	-0.09999667853117
0.071471840143204	-0.18075777590275	-0.092457018792629	-0.20904630422592	-1.060177564621	0.0001380443572998	-0.0044403076171875	0.097970277070999	-0.099993221461773
0.084161564707756	-0.186144977808	-0.098443903028965	-0.20944605767727	-1.0601689815521	0.00013945996761322	-0.0055395364761353	0.097771346569061	-0.099512793123722
0.09700508415699	-0.18948251008987	-0.10416536778212	-0.2098640203476	-1.0601550340652	0.00014138966798782	-0.0067194700241089	0.097404330968857	-0.099311858415604
0.1100000590086	-0.19072695076466	-0.10973066836596	-0.21011011302471	-1.0601962804794	0.00014379620552063	-0.0079326629638672	0.096823692321777	-0.099285706877708
0.11139494925737	-0.1911119222641	-0.11029809713364	-0.21025905013084	-1.0599882602692	0.0001441091299057	-0.0081322193145752	0.096770405769348	-0.099236041307449
0.12329436093569	-0.19189277291298	-0.11515054106712	-0.21041734516621	-1.0602482557297	0.00014618784189224	-0.0090546607971191	0.096250653266907	-0.099264159798622
0.13645306229591	-0.19239857792854	-0.12031871080399	-0.21058797836304	-1.0603890419006	0.00014882534742355	-0.0103360414505	0.095588773488998	-0.099270559847355
0.13786612451077	-0.19257079064846	-0.12085328996181	-0.21073374152184	-1.0601180791855	0.00014932453632355	-0.010568022727966	0.095500886440277	-0.09921994805336
0.15002916753292	-0.19320525228977	-0.12534940242767	-0.21087585389614	-1.0604261159897	0.00015154480934143	-0.011486291885376	0.094979554414749	-0.099250592291355
0.1634738445282	-0.19360359013081	-0.13012030720711	-0.21104986965656	-1.0605739355087	0.00015400350093842	-0.012790679931641	0.094308704137802	-0.099251978099346
0.16491717100143	-0.19372832775116	-0.13060301542282	-0.21121276915073	-1.0602399110794	0.00015437602996826	-0.013016223907471	0.094216257333755	-0.099203139543533
0.1650727391243	-0.19396544992924	-0.13062039017677	-0.21132582426071	-1.060161113739	0.0001545175909996	-0.012884855270386	0.094270497560501	-0.099200680851936
0.1773527264595	-0.19436866044998	-0.13473525643349	-0.21145150065422	-1.0605754852295	0.00015650689601898	-0.013883352279663	0.093725353479385	-0.099243223667145
0.17867155373096	-0.19430884718895	-0.13517308235168	-0.21161517500877	-1.0602682828903	0.0001569390296936	-0.014196038246155	0.093595445156097	-0.099203050136566
0.19119860231876	-0.19479624927044	-0.1391310095787	-0.21175995469093	-1.0606262683868	0.00015903264284134	-0.015144228935242	0.093069195747375	-0.099226571619511
0.20504868030548	-0.19510340690613	-0.14330518245697	-0.21195504069328	-1.0607559680939	0.00016150623559952	-0.016470551490784	0.092389822006226	-0.099215850234032
0.20653559267521	-0.19517311453819	-0.14371056854725	-0.21213102340698	-1.0603603124619	0.00016195327043533	-0.016672849655151	0.092298537492752	-0.099175289273262
0.21931637823582	-0.19564537703991	-0.14730985462666	-0.21228758990765	-1.0606944561005	0.00016404688358307	-0.017580032348633	0.091794610023499	-0.099201932549477
0.22068881988525	-0.19563107192516	-0.14767307043076	-0.2124420851469	-1.0603716373444	0.00016441196203232	-0.017834305763245	0.091686099767685	-0.099177338182926
0.23356987535954	-0.1960134357214	-0.1510998904705	-0.21260862052441	-1.0606665611267	0.0001663863658905	-0.018789052963257	0.091161102056503	-0.099194318056107
0.23495288193226	-0.19599471986294	-0.15144012868404	-0.21275612711906	-1.0603595972061	0.00016669183969498	-0.019032955169678	0.091054946184158	-0.099173031747341
0.24794311821461	-0.19632734358311	-0.15469059348106	-0.21293203532696	-1.0605998039246	0.00016876310110092	-0.019999980926514	0.090524643659592	-0.09918474406004
0.24933825433254	-0.19622567296028	-0.15499614179134	-0.21303772926331	-1.0602765083313	0.00016916543245316	-0.020174860954285	0.090429574251175	-0.099178180098534
0.24948862195015	-0.1961508244276	-0.1550253033638	-0.21308945119381	-1.0601145029068	0.00016926974058151	-0.020098447799683	0.090444415807724	-0.09919136017561
0.26245102286339	-0.19206710159779	-0.1579867452383	-0.21291750669479	-1.0607100725174	0.00017353147268295	-0.020940542221069	0.089567542076111	-0.0997034907341
0.27689093351364	-0.18990431725979	-0.16124033927917	-0.21273508667946	-1.0611027479172	0.00017566978931427	-0.022200703620911	0.088659077882767	-0.099887743592262
0.27844113111496	-0.18938906490803	-0.16160646080971	-0.21266630291939	-1.0611164569855	0.00017600506544113	-0.022451639175415	0.088479846715927	-0.099898114800453
0.27860739827156	-0.18927274644375	-0.16164697706699	-0.2125950306654	-1.061128616333	0.00017600506544113	-0.022489905357361	0.08844655752182	-0.099896654486656
0.29176819324493	-0.18932169675827	-0.16434310376644	-0.21253095567226	-1.061212182045	0.00017796456813812	-0.023534417152405	0.087868183851242	-0.099897727370262
0.29318192601204	-0.18920496106148	-0.16462710499763	-0.2125435769558	-1.0610879659653	0.00017831474542618	-0.023704051971436	0.087771743535995	-0.099901758134365
0.3065682053566	-0.18941195309162	-0.16715478897095	-0.21248485147953	-1.0611537694931	0.00018005818128586	-0.024744272232056	0.087216734886169	-0.09989421069622
0.30800604820251	-0.18922933936119	-0.16745284199715	-0.21251371502876	-1.0610328912735	0.00018028914928436	-0.024927139282227	0.087103277444839	-0.09989994764328
0.32148140668869	-0.18930552899837	-0.1698067933321	-0.21248802542686	-1.0610972642899	0.00018196552991867	-0.02597439289093	0.086531043052673	-0.099895633757114
0.32292851805687	-0.18926683068275	-0.17004287242889	-0.21251365542412	-1.0609352588654	0.000182144343853	-0.026123523712158	0.086453288793564	-0.099900364875793
0.33648654818535	-0.18950338661671	-0.17221686244011	-0.21248999238014	-1.0610339641571	0.00018373131752014	-0.027169704437256	0.085905373096466	-0.099887780845165
0.35142067074776	-0.18945743143559	-0.17444498836994	-0.21255370974541	-1.0610657930374	0.00018532574176788	-0.028375625610352	0.085243731737137	-0.099888525903225
0.35302406549454	-0.18945063650608	-0.17465236783028	-0.21260198950768	-1.0609023571014	0.00018570572137833	-0.028542160987854	0.085162222385406	-0.099894240498543
0.36674511432648	-0.18972600996494	-0.17647430300713	-0.21258108317852	-1.0609894990921	0.00018680840730667	-0.02959418296814	0.084620743989944	-0.099877506494522
0.36821815371513	-0.18960532546043	-0.17666532099247	-0.21262902021408	-1.0608422756195	0.00018700957298279	-0.029749035835266	0.084527671337128	-0.099886804819107
0.38199031352997	-0.18981431424618	-0.17831988632679	-0.21262653172016	-1.0609329938889	0.00018817186355591	-0.030799388885498	0.083979219198227	-0.099871799349785
0.39714068174362	-0.18966560065746	-0.17997242510319	-0.21270547807217	-1.0609649419785	0.00018961727619171	-0.032013058662415	0.08330762386322	-0.099881947040558
0.4124927520752	-0.18960455060005	-0.18142549693584	-0.21277594566345	-1.0609713792801	0.00019074231386185	-0.033239722251892	0.082643926143646	-0.099890224635601
