0.042	-0.170	-0.026	3.708	-0.004	0.102	-0.100
0.031	-0.171	-0.034	3.833	-0.003	0.102	-0.100
0.019	-0.173	-0.042	3.958	-0.002	0.101	-0.100
0.008	-0.175	-0.050	4.083	-0.001	0.100	-0.100
-0.004	-0.176	-0.057	4.208	0.000	0.100	-0.100
-0.016	-0.177	-0.064	4.333	0.002	0.099	-0.100
-0.028	-0.178	-0.071	4.458	0.003	0.098	-0.100
-0.040	-0.180	-0.078	4.583	0.004	0.098	-0.100
-0.052	-0.181	-0.084	4.708	0.005	0.097	-0.100
-0.065	-0.182	-0.091	4.833	0.006	0.096	-0.100
-0.077	-0.182	-0.097	4.958	0.007	0.096	-0.100
-0.090	-0.183	-0.103	5.083	0.009	0.095	-0.100
-0.103	-0.184	-0.109	5.208	0.010	0.094	-0.100
-0.116	-0.185	-0.114	5.333	0.011	0.094	-0.100
-0.129	-0.185	-0.119	5.458	0.012	0.093	-0.100
-0.143	-0.186	-0.124	5.583	0.013	0.092	-0.100
-0.156	-0.186	-0.129	5.708	0.014	0.092	-0.100
-0.170	-0.187	-0.134	5.833	0.016	0.091	-0.100
-0.183	-0.187	-0.138	5.958	0.017	0.090	-0.100
-0.197	-0.187	-0.143	6.083	0.018	0.090	-0.100
-0.211	-0.188	-0.147	6.208	0.019	0.089	-0.100
-0.226	-0.188	-0.151	6.333	0.020	0.088	-0.100
-0.240	-0.188	-0.154	6.458	0.021	0.088	-0.100
-0.254	-0.188	-0.158	6.583	0.023	0.087	-0.100
-0.269	-0.189	-0.161	6.708	0.024	0.086	-0.100
-0.284	-0.189	-0.164	6.833	0.025	0.086	-0.100
-0.298	-0.189	-0.167	6.958	0.026	0.085	-0.100
-0.313	-0.189	-0.170	7.083	0.027	0.084	-0.100
-0.328	-0.189	-0.173	7.208	0.028	0.084	-0.100
-0.343	-0.189	-0.175	7.333	0.030	0.083	-0.100
-0.358	-0.189	-0.177	7.458	0.031	0.082	-0.100
-0.373	-0.189	-0.179	7.583	0.032	0.082	-0.100
-0.389	-0.189	-0.181	7.708	0.033	0.081	-0.100
-0.404	-0.189	-0.182	7.833	0.034	0.080	-0.100
-0.419	-0.189	-0.184	7.958	0.035	0.080	-0.100
-0.435	-0.189	-0.185	8.083	0.037	0.079	-0.100
-0.450	-0.189	-0.186	8.208	0.038	0.078	-0.100
-0.466	-0.189	-0.187	8.333	0.039	0.078	-0.100
-0.452	-0.270	-0.256	0.075	0.038	0.078	-0.095
-0.410	-0.347	-0.318	0.150	0.035	0.080	-0.091
-0.343	-0.416	-0.366	0.225	0.030	0.083	-0.087
-0.258	-0.472	-0.393	0.300	0.023	0.087	-0.084
-0.162	-0.508	-0.395	0.375	0.015	0.091	-0.082
-0.063	-0.521	-0.367	0.450	0.006	0.096	-0.080
0.030	-0.509	-0.311	0.525	-0.003	0.102	-0.080
0.112	-0.471	-0.229	0.600	-0.012	0.107	-0.081
0.180	-0.412	-0.129	0.675	-0.020	0.112	-0.083
0.233	-0.337	-0.017	0.750	-0.028	0.116	-0.086
0.272	-0.253	0.097	0.825	-0.033	0.119	-0.090
0.296	-0.166	0.204	0.900	-0.037	0.121	-0.094
0.307	-0.082	0.297	0.975	-0.039	0.122	-0.098
0.301	-0.062	0.308	0.125	-0.038	0.122	-0.100
0.294	-0.068	0.292	0.250	-0.037	0.121	-0.100
0.286	-0.074	0.277	0.375	-0.035	0.120	-0.100
0.279	-0.080	0.262	0.500	-0.034	0.120	-0.100
0.271	-0.086	0.248	0.625	-0.033	0.119	-0.100
0.264	-0.091	0.233	0.750	-0.032	0.118	-0.100
0.256	-0.096	0.219	0.875	-0.031	0.118	-0.100
0.248	-0.101	0.206	1.000	-0.030	0.117	-0.100
0.240	-0.106	0.192	1.125	-0.028	0.116	-0.100
0.231	-0.110	0.179	1.250	-0.027	0.116	-0.100
0.223	-0.115	0.167	1.375	-0.026	0.115	-0.100
0.215	-0.119	0.154	1.500	-0.025	0.114	-0.100
0.206	-0.123	0.142	1.625	-0.024	0.114	-0.100
0.197	-0.127	0.130	1.750	-0.023	0.113	-0.100
0.188	-0.131	0.118	1.875	-0.021	0.112	-0.100
0.179	-0.135	0.107	2.000	-0.020	0.112	-0.100
0.170	-0.138	0.095	2.125	-0.019	0.111	-0.100
0.161	-0.141	0.084	2.250	-0.018	0.110	-0.100
0.152	-0.144	0.074	2.375	-0.017	0.110	-0.100
0.142	-0.147	0.063	2.500	-0.016	0.109	-0.100
0.132	-0.150	0.053	2.625	-0.014	0.108	-0.100
0.122	-0.153	0.043	2.750	-0.013	0.108	-0.100
0.112	-0.156	0.033	2.875	-0.012	0.107	-0.100
0.102	-0.158	0.024	3.000	-0.011	0.106	-0.100
0.092	-0.160	0.014	3.125	-0.010	0.106	-0.100
0.082	-0.163	0.005	3.250	-0.009	0.105	-0.100
0.071	-0.165	-0.004	3.375	-0.007	0.104	-0.100
0.060	-0.167	-0.012	3.500	-0.006	0.104	-0.100
0.049	-0.169	-0.021	3.625	-0.005	0.103	-0.100
0.038	-0.170	-0.029	3.750	-0.004	0.102	-0.100
0.027	-0.172	-0.037	3.875	-0.003	0.102	-0.100
0.015	-0.174	-0.045	4.000	-0.002	0.101	-0.100
0.004	-0.175	-0.052	4.125	-0.000	0.100	-0.100
-0.008	-0.176	-0.059	4.250	0.001	0.100	-0.100
-0.020	-0.178	-0.067	4.375	0.002	0.099	-0.100
-0.032	-0.179	-0.073	4.500	0.003	0.098	-0.100
-0.044	-0.180	-0.080	4.625	0.004	0.098	-0.100
-0.056	-0.181	-0.087	4.750	0.005	0.097	-0.100
-0.069	-0.182	-0.093	4.875	0.007	0.096	-0.100
-0.081	-0.183	-0.099	5.000	0.008	0.095	-0.100
-0.094	-0.183	-0.105	5.125	0.009	0.095	-0.100
-0.107	-0.184	-0.110	5.250	0.010	0.094	-0.100
-0.120	-0.185	-0.116	5.375	0.011	0.093	-0.100
-0.134	-0.185	-0.121	5.500	0.012	0.093	-0.100
-0.147	-0.186	-0.126	5.625	0.014	0.092	-0.100
-0.161	-0.186	-0.131	5.750	0.015	0.091	-0.100
-0.174	-0.187	-0.136	5.875	0.016	0.091	-0.100
-0.188	-0.187	-0.140	6.000	0.017	0.090	-0.100
-0.202	-0.188	-0.144	6.125	0.018	0.089	-0.100
-0.216	-0.188	-0.148	6.250	0.019	0.089	-0.100
-0.230	-0.188	-0.152	6.375	0.021	0.088	-0.100
-0.245	-0.188	-0.156	6.500	0.022	0.087	-0.100
-0.259	-0.189	-0.159	6.625	0.023	0.087	-0.100
-0.274	-0.189	-0.162	6.750	0.024	0.086	-0.100
-0.288	-0.189	-0.165	6.875	0.025	0.085	-0.100
-0.303	-0.189	-0.168	7.000	0.027	0.085	-0.100
-0.318	-0.189	-0.171	7.125	0.028	0.084	-0.100
-0.333	-0.189	-0.173	7.250	0.029	0.083	-0.100
-0.348	-0.189	-0.176	7.375	0.030	0.083	-0.100
-0.363	-0.189	-0.178	7.500	0.031	0.082	-0.100
-0.379	-0.189	-0.180	7.625	0.032	0.081	-0.100
-0.394	-0.189	-0.181	7.750	0.034	0.081	-0.100
-0.409	-0.189	-0.183	7.875	0.035	0.080	-0.100
-0.425	-0.189	-0.184	8.000	0.036	0.079	-0.100
-0.440	-0.189	-0.185	8.125	0.037	0.079	-0.100
-0.456	-0.189	-0.186	8.250	0.038	0.078	-0.100
-0.464	-0.216	-0.210	0.025	0.039	0.078	-0.098
-0.441	-0.296	-0.278	0.100	0.037	0.079	-0.094
-0.390	-0.371	-0.336	0.175	0.033	0.081	-0.090
-0.317	-0.436	-0.377	0.250	0.028	0.084	-0.086
-0.227	-0.486	-0.397	0.325	0.020	0.088	-0.083
-0.129	-0.515	-0.389	0.400	0.012	0.093	-0.081
-0.031	-0.520	-0.352	0.475	0.003	0.098	-0.080
0.059	-0.499	-0.286	0.550	-0.006	0.104	-0.080
0.136	-0.453	-0.197	0.625	-0.015	0.109	-0.082
0.200	-0.389	-0.092	0.700	-0.023	0.113	-0.084
0.248	-0.310	0.021	0.775	-0.030	0.117	-0.087
0.282	-0.224	0.134	0.850	-0.035	0.120	-0.091
0.301	-0.137	0.237	0.925	-0.038	0.122	-0.095
0.308	-0.056	0.323	1.000	-0.039	0.122	-0.100
0.301	-0.062	0.308	0.125	-0.038	0.122	-0.100
0.294	-0.068	0.292	0.250	-0.037	0.121	-0.100
0.286	-0.074	0.277	0.375	-0.035	0.120	-0.100
0.279	-0.080	0.262	0.500	-0.034	0.120	-0.100
0.271	-0.086	0.248	0.625	-0.033	0.119	-0.100
0.264	-0.091	0.233	0.750	-0.032	0.118	-0.100
0.256	-0.096	0.219	0.875	-0.031	0.118	-0.100
0.248	-0.101	0.206	1.000	-0.030	0.117	-0.100
0.240	-0.106	0.192	1.125	-0.028	0.116	-0.100
0.231	-0.110	0.179	1.250	-0.027	0.116	-0.100
0.223	-0.115	0.167	1.375	-0.026	0.115	-0.100
0.215	-0.119	0.154	1.500	-0.025	0.114	-0.100
0.206	-0.123	0.142	1.625	-0.024	0.114	-0.100
0.197	-0.127	0.130	1.750	-0.023	0.113	-0.100
0.188	-0.131	0.118	1.875	-0.021	0.112	-0.100
0.179	-0.135	0.107	2.000	-0.020	0.112	-0.100
0.170	-0.138	0.095	2.125	-0.019	0.111	-0.100
0.161	-0.141	0.084	2.250	-0.018	0.110	-0.100
0.152	-0.144	0.074	2.375	-0.017	0.110	-0.100
0.142	-0.147	0.063	2.500	-0.016	0.109	-0.100
0.132	-0.150	0.053	2.625	-0.014	0.108	-0.100
0.122	-0.153	0.043	2.750	-0.013	0.108	-0.100
0.112	-0.156	0.033	2.875	-0.012	0.107	-0.100
0.102	-0.158	0.024	3.000	-0.011	0.106	-0.100
0.092	-0.160	0.014	3.125	-0.010	0.106	-0.100
0.082	-0.163	0.005	3.250	-0.009	0.105	-0.100
0.082	-0.163	0.005	3.250	-0.009	0.105	-0.100
0.071	-0.165	-0.004	3.375	-0.007	0.104	-0.100
0.060	-0.167	-0.012	3.500	-0.006	0.104	-0.100
0.049	-0.169	-0.021	3.625	-0.005	0.103	-0.100
0.038	-0.170	-0.029	3.750	-0.004	0.102	-0.100
0.027	-0.172	-0.037	3.875	-0.003	0.102	-0.100
0.015	-0.174	-0.045	4.000	-0.002	0.101	-0.100
0.004	-0.175	-0.052	4.125	-0.000	0.100	-0.100
-0.008	-0.176	-0.059	4.250	0.001	0.100	-0.100
-0.020	-0.178	-0.067	4.375	0.002	0.099	-0.100
-0.032	-0.179	-0.073	4.500	0.003	0.098	-0.100
-0.044	-0.180	-0.080	4.625	0.004	0.098	-0.100
-0.056	-0.181	-0.087	4.750	0.005	0.097	-0.100
-0.069	-0.182	-0.093	4.875	0.007	0.096	-0.100
-0.081	-0.183	-0.099	5.000	0.008	0.095	-0.100
-0.094	-0.183	-0.105	5.125	0.009	0.095	-0.100
-0.107	-0.184	-0.110	5.250	0.010	0.094	-0.100
-0.120	-0.185	-0.116	5.375	0.011	0.093	-0.100
-0.134	-0.185	-0.121	5.500	0.012	0.093	-0.100
-0.147	-0.186	-0.126	5.625	0.014	0.092	-0.100
-0.161	-0.186	-0.131	5.750	0.015	0.091	-0.100
-0.174	-0.187	-0.136	5.875	0.016	0.091	-0.100
-0.188	-0.187	-0.140	6.000	0.017	0.090	-0.100
-0.202	-0.188	-0.144	6.125	0.018	0.089	-0.100
-0.216	-0.188	-0.148	6.250	0.019	0.089	-0.100
-0.230	-0.188	-0.152	6.375	0.021	0.088	-0.100
-0.245	-0.188	-0.156	6.500	0.022	0.087	-0.100
-0.259	-0.189	-0.159	6.625	0.023	0.087	-0.100
-0.274	-0.189	-0.162	6.750	0.024	0.086	-0.100
-0.288	-0.189	-0.165	6.875	0.025	0.085	-0.100
-0.303	-0.189	-0.168	7.000	0.027	0.085	-0.100
-0.318	-0.189	-0.171	7.125	0.028	0.084	-0.100
-0.333	-0.189	-0.173	7.250	0.029	0.083	-0.100
-0.348	-0.189	-0.176	7.375	0.030	0.083	-0.100
-0.363	-0.189	-0.178	7.500	0.031	0.082	-0.100
-0.379	-0.189	-0.180	7.625	0.032	0.081	-0.100
-0.394	-0.189	-0.181	7.750	0.034	0.081	-0.100
-0.409	-0.189	-0.183	7.875	0.035	0.080	-0.100
-0.425	-0.189	-0.184	8.000	0.036	0.079	-0.100
-0.440	-0.189	-0.185	8.125	0.037	0.079	-0.100
-0.456	-0.189	-0.186	8.250	0.038	0.078	-0.100
-0.471	-0.189	-0.187	8.375	0.039	0.077	-0.100
-0.487	-0.189	-0.187	8.500	0.041	0.077	-0.100
-0.469	-0.279	-0.265	0.083	0.039	0.077	-0.095
-0.416	-0.363	-0.332	0.167	0.035	0.080	-0.090
-0.334	-0.437	-0.380	0.250	0.029	0.083	-0.086
-0.230	-0.491	-0.401	0.333	0.021	0.088	-0.083
-0.118	-0.520	-0.388	0.417	0.011	0.094	-0.081
-0.008	-0.517	-0.338	0.500	0.001	0.100	-0.080
0.090	-0.483	-0.254	0.583	-0.010	0.105	-0.081
0.170	-0.421	-0.144	0.667	-0.019	0.111	-0.083
0.232	-0.338	-0.020	0.750	-0.027	0.116	-0.086
0.275	-0.244	0.108	0.833	-0.034	0.119	-0.090
0.300	-0.147	0.226	0.917	-0.038	0.122	-0.095
0.308	-0.056	0.323	1.000	-0.039	0.122	-0.100
0.308	-0.056	0.323	1.000	-0.039	0.122	-0.100
0.308	-0.056	0.323	1.000	-0.039	0.122	-0.100
0.308	-0.056	0.323	1.000	-0.039	0.122	-0.100
0.301	-0.062	0.308	0.125	-0.038	0.122	-0.100
0.294	-0.068	0.292	0.250	-0.037	0.121	-0.100
0.286	-0.074	0.277	0.375	-0.035	0.120	-0.100
0.279	-0.080	0.262	0.500	-0.034	0.120	-0.100
0.271	-0.086	0.248	0.625	-0.033	0.119	-0.100
0.264	-0.091	0.233	0.750	-0.032	0.118	-0.100
0.256	-0.096	0.219	0.875	-0.031	0.118	-0.100
0.248	-0.101	0.206	1.000	-0.030	0.117	-0.100
0.240	-0.106	0.192	1.125	-0.028	0.116	-0.100
0.231	-0.110	0.179	1.250	-0.027	0.116	-0.100
0.223	-0.115	0.167	1.375	-0.026	0.115	-0.100
0.215	-0.119	0.154	1.500	-0.025	0.114	-0.100
0.206	-0.123	0.142	1.625	-0.024	0.114	-0.100
0.197	-0.127	0.130	1.750	-0.023	0.113	-0.100
0.188	-0.131	0.118	1.875	-0.021	0.112	-0.100
0.179	-0.135	0.107	2.000	-0.020	0.112	-0.100
0.170	-0.138	0.095	2.125	-0.019	0.111	-0.100
0.161	-0.141	0.084	2.250	-0.018	0.110	-0.100
0.152	-0.144	0.074	2.375	-0.017	0.110	-0.100
0.142	-0.147	0.063	2.500	-0.016	0.109	-0.100
0.132	-0.150	0.053	2.625	-0.014	0.108	-0.100
0.122	-0.153	0.043	2.750	-0.013	0.108	-0.100
0.112	-0.156	0.033	2.875	-0.012	0.107	-0.100
0.102	-0.158	0.024	3.000	-0.011	0.106	-0.100
0.092	-0.160	0.014	3.125	-0.010	0.106	-0.100
0.082	-0.163	0.005	3.250	-0.009	0.105	-0.100
0.071	-0.165	-0.004	3.375	-0.007	0.104	-0.100
0.060	-0.167	-0.012	3.500	-0.006	0.104	-0.100
0.049	-0.169	-0.021	3.625	-0.005	0.103	-0.100
0.038	-0.170	-0.029	3.750	-0.004	0.102	-0.100
0.027	-0.172	-0.037	3.875	-0.003	0.102	-0.100
0.015	-0.174	-0.045	4.000	-0.002	0.101	-0.100
0.004	-0.175	-0.052	4.125	-0.000	0.100	-0.100
-0.008	-0.176	-0.059	4.250	0.001	0.100	-0.100
-0.020	-0.178	-0.067	4.375	0.002	0.099	-0.100
-0.032	-0.179	-0.073	4.500	0.003	0.098	-0.100
-0.044	-0.180	-0.080	4.625	0.004	0.098	-0.100
-0.056	-0.181	-0.087	4.750	0.005	0.097	-0.100
-0.069	-0.182	-0.093	4.875	0.007	0.096	-0.100
-0.081	-0.183	-0.099	5.000	0.008	0.095	-0.100
-0.094	-0.183	-0.105	5.125	0.009	0.095	-0.100
-0.107	-0.184	-0.110	5.250	0.010	0.094	-0.100
-0.120	-0.185	-0.116	5.375	0.011	0.093	-0.100
-0.134	-0.185	-0.121	5.500	0.012	0.093	-0.100
-0.147	-0.186	-0.126	5.625	0.014	0.092	-0.100
-0.161	-0.186	-0.131	5.750	0.015	0.091	-0.100
-0.174	-0.187	-0.136	5.875	0.016	0.091	-0.100
-0.188	-0.187	-0.140	6.000	0.017	0.090	-0.100
-0.202	-0.188	-0.144	6.125	0.018	0.089	-0.100
-0.216	-0.188	-0.148	6.250	0.019	0.089	-0.100
-0.230	-0.188	-0.152	6.375	0.021	0.088	-0.100
-0.245	-0.188	-0.156	6.500	0.022	0.087	-0.100
-0.259	-0.189	-0.159	6.625	0.023	0.087	-0.100
-0.274	-0.189	-0.162	6.750	0.024	0.086	-0.100
-0.288	-0.189	-0.165	6.875	0.025	0.085	-0.100
-0.303	-0.189	-0.168	7.000	0.027	0.085	-0.100
-0.318	-0.189	-0.171	7.125	0.028	0.084	-0.100
-0.333	-0.189	-0.173	7.250	0.029	0.083	-0.100
-0.348	-0.189	-0.176	7.375	0.030	0.083	-0.100
-0.363	-0.189	-0.178	7.500	0.031	0.082	-0.100
-0.379	-0.189	-0.180	7.625	0.032	0.081	-0.100
-0.394	-0.189	-0.181	7.750	0.034	0.081	-0.100
-0.409	-0.189	-0.183	7.875	0.035	0.080	-0.100
-0.425	-0.189	-0.184	8.000	0.036	0.079	-0.100
-0.440	-0.189	-0.185	8.125	0.037	0.079	-0.100
-0.456	-0.189	-0.186	8.250	0.038	0.078	-0.100
-0.471	-0.189	-0.187	8.375	0.039	0.077	-0.100
-0.456	-0.272	-0.258	0.077	0.038	0.078	-0.095
-0.412	-0.351	-0.321	0.154	0.035	0.080	-0.091
-0.342	-0.421	-0.369	0.231	0.030	0.083	-0.087
-0.252	-0.477	-0.395	0.308	0.022	0.087	-0.084
-0.152	-0.512	-0.394	0.385	0.014	0.092	-0.081
-0.051	-0.521	-0.362	0.462	0.005	0.097	-0.080
0.044	-0.504	-0.299	0.538	-0.005	0.103	-0.080
0.126	-0.461	-0.211	0.615	-0.014	0.108	-0.081
0.193	-0.396	-0.105	0.692	-0.022	0.113	-0.084
0.244	-0.317	0.012	0.769	-0.029	0.117	-0.087
0.280	-0.229	0.128	0.846	-0.034	0.120	-0.091
0.301	-0.140	0.235	0.923	-0.038	0.122	-0.095
0.308	-0.056	0.323	1.000	-0.039	0.122	-0.100
0.308	-0.056	0.323	1.000	-0.039	0.122	-0.100
0.308	-0.056	0.323	1.000	-0.039	0.122	-0.100
0.308	-0.056	0.323	1.000	-0.039	0.122	-0.100
0.301	-0.062	0.308	0.125	-0.038	0.122	-0.100
0.294	-0.068	0.292	0.250	-0.037	0.121	-0.100
0.286	-0.074	0.277	0.375	-0.035	0.120	-0.100
0.279	-0.080	0.262	0.500	-0.034	0.120	-0.100
0.271	-0.086	0.248	0.625	-0.033	0.119	-0.100
0.264	-0.091	0.233	0.750	-0.032	0.118	-0.100
0.256	-0.096	0.219	0.875	-0.031	0.118	-0.100
0.248	-0.101	0.206	1.000	-0.030	0.117	-0.100
0.240	-0.106	0.192	1.125	-0.028	0.116	-0.100
0.231	-0.110	0.179	1.250	-0.027	0.116	-0.100
0.223	-0.115	0.167	1.375	-0.026	0.115	-0.100
0.215	-0.119	0.154	1.500	-0.025	0.114	-0.100
0.206	-0.123	0.142	1.625	-0.024	0.114	-0.100
0.197	-0.127	0.130	1.750	-0.023	0.113	-0.100
0.188	-0.131	0.118	1.875	-0.021	0.112	-0.100
0.179	-0.135	0.107	2.000	-0.020	0.112	-0.100
0.170	-0.138	0.095	2.125	-0.019	0.111	-0.100
0.161	-0.141	0.084	2.250	-0.018	0.110	-0.100
0.152	-0.144	0.074	2.375	-0.017	0.110	-0.100
0.142	-0.147	0.063	2.500	-0.016	0.109	-0.100
0.132	-0.150	0.053	2.625	-0.014	0.108	-0.100
0.122	-0.153	0.043	2.750	-0.013	0.108	-0.100
0.112	-0.156	0.033	2.875	-0.012	0.107	-0.100
0.102	-0.158	0.024	3.000	-0.011	0.106	-0.100
0.092	-0.160	0.014	3.125	-0.010	0.106	-0.100
0.082	-0.163	0.005	3.250	-0.009	0.105	-0.100
0.071	-0.165	-0.004	3.375	-0.007	0.104	-0.100
0.060	-0.167	-0.012	3.500	-0.006	0.104	-0.100
0.049	-0.169	-0.021	3.625	-0.005	0.103	-0.100
0.038	-0.170	-0.029	3.750	-0.004	0.102	-0.100
0.027	-0.172	-0.037	3.875	-0.003	0.102	-0.100
0.015	-0.174	-0.045	4.000	-0.002	0.101	-0.100
0.004	-0.175	-0.052	4.125	-0.000	0.100	-0.100
-0.008	-0.176	-0.059	4.250	0.001	0.100	-0.100
-0.020	-0.178	-0.067	4.375	0.002	0.099	-0.100
-0.032	-0.179	-0.073	4.500	0.003	0.098	-0.100
-0.044	-0.180	-0.080	4.625	0.004	0.098	-0.100
-0.056	-0.181	-0.087	4.750	0.005	0.097	-0.100
-0.069	-0.182	-0.093	4.875	0.007	0.096	-0.100
-0.081	-0.183	-0.099	5.000	0.008	0.095	-0.100
-0.094	-0.183	-0.105	5.125	0.009	0.095	-0.100
-0.107	-0.184	-0.110	5.250	0.010	0.094	-0.100
-0.120	-0.185	-0.116	5.375	0.011	0.093	-0.100
-0.134	-0.185	-0.121	5.500	0.012	0.093	-0.100
-0.147	-0.186	-0.126	5.625	0.014	0.092	-0.100
-0.161	-0.186	-0.131	5.750	0.015	0.091	-0.100
-0.174	-0.187	-0.136	5.875	0.016	0.091	-0.100
-0.188	-0.187	-0.140	6.000	0.017	0.090	-0.100
-0.202	-0.188	-0.144	6.125	0.018	0.089	-0.100
-0.216	-0.188	-0.148	6.250	0.019	0.089	-0.100
-0.230	-0.188	-0.152	6.375	0.021	0.088	-0.100
-0.245	-0.188	-0.156	6.500	0.022	0.087	-0.100
-0.259	-0.189	-0.159	6.625	0.023	0.087	-0.100
-0.274	-0.189	-0.162	6.750	0.024	0.086	-0.100
-0.288	-0.189	-0.165	6.875	0.025	0.085	-0.100
-0.303	-0.189	-0.168	7.000	0.027	0.085	-0.100
-0.318	-0.189	-0.171	7.125	0.028	0.084	-0.100
-0.333	-0.189	-0.173	7.250	0.029	0.083	-0.100
-0.348	-0.189	-0.176	7.375	0.030	0.083	-0.100
-0.363	-0.189	-0.178	7.500	0.031	0.082	-0.100
-0.379	-0.189	-0.180	7.625	0.032	0.081	-0.100
-0.394	-0.189	-0.181	7.750	0.034	0.081	-0.100
-0.409	-0.189	-0.183	7.875	0.035	0.080	-0.100
-0.425	-0.189	-0.184	8.000	0.036	0.079	-0.100
-0.440	-0.189	-0.185	8.125	0.037	0.079	-0.100
-0.456	-0.189	-0.186	8.250	0.038	0.078	-0.100
-0.471	-0.189	-0.187	8.375	0.039	0.077	-0.100
-0.487	-0.189	-0.187	8.500	0.041	0.077	-0.100
-0.469	-0.279	-0.265	0.083	0.039	0.077	-0.095
-0.416	-0.363	-0.332	0.167	0.035	0.080	-0.090
-0.334	-0.437	-0.380	0.250	0.029	0.083	-0.086
-0.230	-0.491	-0.401	0.333	0.021	0.088	-0.083
-0.118	-0.520	-0.388	0.417	0.011	0.094	-0.081
-0.008	-0.517	-0.338	0.500	0.001	0.100	-0.080
0.090	-0.483	-0.254	0.583	-0.010	0.105	-0.081
0.170	-0.421	-0.144	0.667	-0.019	0.111	-0.083
0.232	-0.338	-0.020	0.750	-0.027	0.116	-0.086
0.275	-0.244	0.108	0.833	-0.034	0.119	-0.090
0.300	-0.147	0.226	0.917	-0.038	0.122	-0.095
0.308	-0.056	0.323	1.000	-0.039	0.122	-0.100
0.308	-0.056	0.323	1.000	-0.039	0.122	-0.100
0.308	-0.056	0.323	1.000	-0.039	0.122	-0.100
0.308	-0.056	0.323	1.000	-0.039	0.122	-0.100
0.301	-0.062	0.308	0.125	-0.038	0.122	-0.100
0.294	-0.068	0.292	0.250	-0.037	0.121	-0.100
0.286	-0.074	0.277	0.375	-0.035	0.120	-0.100
0.279	-0.080	0.262	0.500	-0.034	0.120	-0.100
0.271	-0.086	0.248	0.625	-0.033	0.119	-0.100
0.264	-0.091	0.233	0.750	-0.032	0.118	-0.100
0.256	-0.096	0.219	0.875	-0.031	0.118	-0.100
0.248	-0.101	0.206	1.000	-0.030	0.117	-0.100
0.240	-0.106	0.192	1.125	-0.028	0.116	-0.100
0.231	-0.110	0.179	1.250	-0.027	0.116	-0.100
0.223	-0.115	0.167	1.375	-0.026	0.115	-0.100
0.215	-0.119	0.154	1.500	-0.025	0.114	-0.100
0.206	-0.123	0.142	1.625	-0.024	0.114	-0.100
0.197	-0.127	0.130	1.750	-0.023	0.113	-0.100
0.188	-0.131	0.118	1.875	-0.021	0.112	-0.100
0.179	-0.135	0.107	2.000	-0.020	0.112	-0.100
0.170	-0.138	0.095	2.125	-0.019	0.111	-0.100
0.161	-0.141	0.084	2.250	-0.018	0.110	-0.100
0.152	-0.144	0.074	2.375	-0.017	0.110	-0.100
0.142	-0.147	0.063	2.500	-0.016	0.109	-0.100
0.132	-0.150	0.053	2.625	-0.014	0.108	-0.100
0.122	-0.153	0.043	2.750	-0.013	0.108	-0.100
0.112	-0.156	0.033	2.875	-0.012	0.107	-0.100
0.102	-0.158	0.024	3.000	-0.011	0.106	-0.100
0.092	-0.160	0.014	3.125	-0.010	0.106	-0.100
0.082	-0.163	0.005	3.250	-0.009	0.105	-0.100
0.071	-0.165	-0.004	3.375	-0.007	0.104	-0.100
0.060	-0.167	-0.012	3.500	-0.006	0.104	-0.100
0.049	-0.169	-0.021	3.625	-0.005	0.103	-0.100
0.038	-0.170	-0.029	3.750	-0.004	0.102	-0.100
0.027	-0.172	-0.037	3.875	-0.003	0.102	-0.100
0.015	-0.174	-0.045	4.000	-0.002	0.101	-0.100
0.004	-0.175	-0.052	4.125	-0.000	0.100	-0.100
-0.008	-0.176	-0.059	4.250	0.001	0.100	-0.100
-0.020	-0.178	-0.067	4.375	0.002	0.099	-0.100
-0.032	-0.179	-0.073	4.500	0.003	0.098	-0.100
-0.044	-0.180	-0.080	4.625	0.004	0.098	-0.100
-0.056	-0.181	-0.087	4.750	0.005	0.097	-0.100
-0.069	-0.182	-0.093	4.875	0.007	0.096	-0.100
-0.081	-0.183	-0.099	5.000	0.008	0.095	-0.100
-0.094	-0.183	-0.105	5.125	0.009	0.095	-0.100
-0.107	-0.184	-0.110	5.250	0.010	0.094	-0.100
-0.120	-0.185	-0.116	5.375	0.011	0.093	-0.100
-0.134	-0.185	-0.121	5.500	0.012	0.093	-0.100
-0.147	-0.186	-0.126	5.625	0.014	0.092	-0.100
-0.161	-0.186	-0.131	5.750	0.015	0.091	-0.100
-0.174	-0.187	-0.136	5.875	0.016	0.091	-0.100
-0.188	-0.187	-0.140	6.000	0.017	0.090	-0.100
-0.202	-0.188	-0.144	6.125	0.018	0.089	-0.100
-0.216	-0.188	-0.148	6.250	0.019	0.089	-0.100
-0.230	-0.188	-0.152	6.375	0.021	0.088	-0.100
-0.245	-0.188	-0.156	6.500	0.022	0.087	-0.100
-0.259	-0.189	-0.159	6.625	0.023	0.087	-0.100
-0.274	-0.189	-0.162	6.750	0.024	0.086	-0.100
-0.288	-0.189	-0.165	6.875	0.025	0.085	-0.100
-0.303	-0.189	-0.168	7.000	0.027	0.085	-0.100
-0.318	-0.189	-0.171	7.125	0.028	0.084	-0.100
-0.333	-0.189	-0.173	7.250	0.029	0.083	-0.100
-0.348	-0.189	-0.176	7.375	0.030	0.083	-0.100
-0.363	-0.189	-0.178	7.500	0.031	0.082	-0.100
-0.379	-0.189	-0.180	7.625	0.032	0.081	-0.100
-0.394	-0.189	-0.181	7.750	0.034	0.081	-0.100
-0.409	-0.189	-0.183	7.875	0.035	0.080	-0.100
-0.425	-0.189	-0.184	8.000	0.036	0.079	-0.100
-0.440	-0.189	-0.185	8.125	0.037	0.079	-0.100
-0.456	-0.189	-0.186	8.250	0.038	0.078	-0.100
-0.471	-0.189	-0.187	8.375	0.039	0.077	-0.100
-0.487	-0.189	-0.187	8.500	0.041	0.077	-0.100
-0.469	-0.279	-0.265	0.083	0.039	0.077	-0.095
-0.416	-0.363	-0.332	0.167	0.035	0.080	-0.090
-0.334	-0.437	-0.380	0.250	0.029	0.083	-0.086
-0.230	-0.491	-0.401	0.333	0.021	0.088	-0.083
-0.118	-0.520	-0.388	0.417	0.011	0.094	-0.081
-0.008	-0.517	-0.338	0.500	0.001	0.100	-0.080
0.090	-0.483	-0.254	0.583	-0.010	0.105	-0.081
0.170	-0.421	-0.144	0.667	-0.019	0.111	-0.083
0.232	-0.338	-0.020	0.750	-0.027	0.116	-0.086
0.275	-0.244	0.108	0.833	-0.034	0.119	-0.090
0.300	-0.147	0.226	0.917	-0.038	0.122	-0.095
0.308	-0.056	0.323	1.000	-0.039	0.122	-0.100
0.308	-0.056	0.323	1.000	-0.039	0.122	-0.100
0.308	-0.056	0.323	1.000	-0.039	0.122	-0.100
0.308	-0.056	0.323	1.000	-0.039	0.122	-0.100
0.301	-0.062	0.308	0.125	-0.038	0.122	-0.100
0.294	-0.068	0.292	0.250	-0.037	0.121	-0.100
0.286	-0.074	0.277	0.375	-0.035	0.120	-0.100
0.279	-0.080	0.262	0.500	-0.034	0.120	-0.100
0.271	-0.086	0.248	0.625	-0.033	0.119	-0.100
0.264	-0.091	0.233	0.750	-0.032	0.118	-0.100
0.256	-0.096	0.219	0.875	-0.031	0.118	-0.100
0.248	-0.101	0.206	1.000	-0.030	0.117	-0.100
0.240	-0.106	0.192	1.125	-0.028	0.116	-0.100
0.231	-0.110	0.179	1.250	-0.027	0.116	-0.100
0.223	-0.115	0.167	1.375	-0.026	0.115	-0.100
0.215	-0.119	0.154	1.500	-0.025	0.114	-0.100
0.206	-0.123	0.142	1.625	-0.024	0.114	-0.100
0.197	-0.127	0.130	1.750	-0.023	0.113	-0.100
0.188	-0.131	0.118	1.875	-0.021	0.112	-0.100
0.179	-0.135	0.107	2.000	-0.020	0.112	-0.100
0.170	-0.138	0.095	2.125	-0.019	0.111	-0.100
0.161	-0.141	0.084	2.250	-0.018	0.110	-0.100
0.152	-0.144	0.074	2.375	-0.017	0.110	-0.100
0.142	-0.147	0.063	2.500	-0.016	0.109	-0.100
0.132	-0.150	0.053	2.625	-0.014	0.108	-0.100
0.122	-0.153	0.043	2.750	-0.013	0.108	-0.100
0.112	-0.156	0.033	2.875	-0.012	0.107	-0.100
0.102	-0.158	0.024	3.000	-0.011	0.106	-0.100
0.092	-0.160	0.014	3.125	-0.010	0.106	-0.100
0.082	-0.163	0.005	3.250	-0.009	0.105	-0.100
0.071	-0.165	-0.004	3.375	-0.007	0.104	-0.100
0.060	-0.167	-0.012	3.500	-0.006	0.104	-0.100
0.049	-0.169	-0.021	3.625	-0.005	0.103	-0.100
0.038	-0.170	-0.029	3.750	-0.004	0.102	-0.100
0.027	-0.172	-0.037	3.875	-0.003	0.102	-0.100
0.015	-0.174	-0.045	4.000	-0.002	0.101	-0.100
0.004	-0.175	-0.052	4.125	-0.000	0.100	-0.100
-0.008	-0.176	-0.059	4.250	0.001	0.100	-0.100
-0.020	-0.178	-0.067	4.375	0.002	0.099	-0.100
-0.032	-0.179	-0.073	4.500	0.003	0.098	-0.100
-0.044	-0.180	-0.080	4.625	0.004	0.098	-0.100
-0.056	-0.181	-0.087	4.750	0.005	0.097	-0.100
-0.069	-0.182	-0.093	4.875	0.007	0.096	-0.100
-0.081	-0.183	-0.099	5.000	0.008	0.095	-0.100
-0.094	-0.183	-0.105	5.125	0.009	0.095	-0.100
-0.107	-0.184	-0.110	5.250	0.010	0.094	-0.100
-0.120	-0.185	-0.116	5.375	0.011	0.093	-0.100
-0.134	-0.185	-0.121	5.500	0.012	0.093	-0.100
-0.147	-0.186	-0.126	5.625	0.014	0.092	-0.100
-0.161	-0.186	-0.131	5.750	0.015	0.091	-0.100
-0.174	-0.187	-0.136	5.875	0.016	0.091	-0.100
-0.188	-0.187	-0.140	6.000	0.017	0.090	-0.100
-0.202	-0.188	-0.144	6.125	0.018	0.089	-0.100
-0.216	-0.188	-0.148	6.250	0.019	0.089	-0.100
-0.230	-0.188	-0.152	6.375	0.021	0.088	-0.100
-0.245	-0.188	-0.156	6.500	0.022	0.087	-0.100
-0.259	-0.189	-0.159	6.625	0.023	0.087	-0.100
-0.274	-0.189	-0.162	6.750	0.024	0.086	-0.100
-0.288	-0.189	-0.165	6.875	0.025	0.085	-0.100
-0.303	-0.189	-0.168	7.000	0.027	0.085	-0.100
-0.318	-0.189	-0.171	7.125	0.028	0.084	-0.100
-0.333	-0.189	-0.173	7.250	0.029	0.083	-0.100
-0.348	-0.189	-0.176	7.375	0.030	0.083	-0.100
-0.363	-0.189	-0.178	7.500	0.031	0.082	-0.100
-0.379	-0.189	-0.180	7.625	0.032	0.081	-0.100
-0.394	-0.189	-0.181	7.750	0.034	0.081	-0.100
-0.409	-0.189	-0.183	7.875	0.035	0.080	-0.100
-0.425	-0.189	-0.184	8.000	0.036	0.079	-0.100
-0.440	-0.189	-0.185	8.125	0.037	0.079	-0.100
-0.456	-0.189	-0.186	8.250	0.038	0.078	-0.100
-0.471	-0.189	-0.187	8.375	0.039	0.077	-0.100
-0.456	-0.272	-0.258	0.077	0.038	0.078	-0.095
-0.412	-0.351	-0.321	0.154	0.035	0.080	-0.091
-0.342	-0.421	-0.369	0.231	0.030	0.083	-0.087
-0.252	-0.477	-0.395	0.308	0.022	0.087	-0.084
-0.152	-0.512	-0.394	0.385	0.014	0.092	-0.081
-0.051	-0.521	-0.362	0.462	0.005	0.097	-0.080
0.044	-0.504	-0.299	0.538	-0.005	0.103	-0.080
0.126	-0.461	-0.211	0.615	-0.014	0.108	-0.081
0.193	-0.396	-0.105	0.692	-0.022	0.113	-0.084
0.244	-0.317	0.012	0.769	-0.029	0.117	-0.087
0.280	-0.229	0.128	0.846	-0.034	0.120	-0.091
0.301	-0.140	0.235	0.923	-0.038	0.122	-0.095
0.308	-0.056	0.323	1.000	-0.039	0.122	-0.100
0.308	-0.056	0.323	1.000	-0.039	0.122	-0.100
0.308	-0.056	0.323	1.000	-0.039	0.122	-0.100
0.301	-0.062	0.308	0.125	-0.038	0.122	-0.100
0.294	-0.068	0.292	0.250	-0.037	0.121	-0.100
0.286	-0.074	0.277	0.375	-0.035	0.120	-0.100
0.279	-0.080	0.262	0.500	-0.034	0.120	-0.100
0.271	-0.086	0.248	0.625	-0.033	0.119	-0.100
0.264	-0.091	0.233	0.750	-0.032	0.118	-0.100
0.256	-0.096	0.219	0.875	-0.031	0.118	-0.100
0.248	-0.101	0.206	1.000	-0.030	0.117	-0.100
0.240	-0.106	0.192	1.125	-0.028	0.116	-0.100
0.231	-0.110	0.179	1.250	-0.027	0.116	-0.100
0.223	-0.115	0.167	1.375	-0.026	0.115	-0.100
0.215	-0.119	0.154	1.500	-0.025	0.114	-0.100
0.206	-0.123	0.142	1.625	-0.024	0.114	-0.100
0.197	-0.127	0.130	1.750	-0.023	0.113	-0.100
0.188	-0.131	0.118	1.875	-0.021	0.112	-0.100
0.179	-0.135	0.107	2.000	-0.020	0.112	-0.100
0.170	-0.138	0.095	2.125	-0.019	0.111	-0.100
0.161	-0.141	0.084	2.250	-0.018	0.110	-0.100
0.152	-0.144	0.074	2.375	-0.017	0.110	-0.100
0.142	-0.147	0.063	2.500	-0.016	0.109	-0.100
0.132	-0.150	0.053	2.625	-0.014	0.108	-0.100
0.122	-0.153	0.043	2.750	-0.013	0.108	-0.100
0.112	-0.156	0.033	2.875	-0.012	0.107	-0.100
0.102	-0.158	0.024	3.000	-0.011	0.106	-0.100
0.092	-0.160	0.014	3.125	-0.010	0.106	-0.100
0.082	-0.163	0.005	3.250	-0.009	0.105	-0.100
0.071	-0.165	-0.004	3.375	-0.007	0.104	-0.100
0.060	-0.167	-0.012	3.500	-0.006	0.104	-0.100
0.049	-0.169	-0.021	3.625	-0.005	0.103	-0.100
0.038	-0.170	-0.029	3.750	-0.004	0.102	-0.100
0.027	-0.172	-0.037	3.875	-0.003	0.102	-0.100
0.015	-0.174	-0.045	4.000	-0.002	0.101	-0.100
0.004	-0.175	-0.052	4.125	-0.000	0.100	-0.100
-0.008	-0.176	-0.059	4.250	0.001	0.100	-0.100
-0.020	-0.178	-0.067	4.375	0.002	0.099	-0.100
-0.032	-0.179	-0.073	4.500	0.003	0.098	-0.100
-0.044	-0.180	-0.080	4.625	0.004	0.098	-0.100
-0.056	-0.181	-0.087	4.750	0.005	0.097	-0.100
-0.069	-0.182	-0.093	4.875	0.007	0.096	-0.100
-0.081	-0.183	-0.099	5.000	0.008	0.095	-0.100
-0.094	-0.183	-0.105	5.125	0.009	0.095	-0.100
-0.107	-0.184	-0.110	5.250	0.010	0.094	-0.100
-0.120	-0.185	-0.116	5.375	0.011	0.093	-0.100
-0.134	-0.185	-0.121	5.500	0.012	0.093	-0.100
-0.147	-0.186	-0.126	5.625	0.014	0.092	-0.100
-0.161	-0.186	-0.131	5.750	0.015	0.091	-0.100
-0.174	-0.187	-0.136	5.875	0.016	0.091	-0.100
-0.188	-0.187	-0.140	6.000	0.017	0.090	-0.100
-0.202	-0.188	-0.144	6.125	0.018	0.089	-0.100
-0.216	-0.188	-0.148	6.250	0.019	0.089	-0.100
-0.230	-0.188	-0.152	6.375	0.021	0.088	-0.100
-0.245	-0.188	-0.156	6.500	0.022	0.087	-0.100
-0.259	-0.189	-0.159	6.625	0.023	0.087	-0.100
-0.274	-0.189	-0.162	6.750	0.024	0.086	-0.100
-0.288	-0.189	-0.165	6.875	0.025	0.085	-0.100
-0.303	-0.189	-0.168	7.000	0.027	0.085	-0.100
-0.318	-0.189	-0.171	7.125	0.028	0.084	-0.100
-0.333	-0.189	-0.173	7.250	0.029	0.083	-0.100
-0.348	-0.189	-0.176	7.375	0.030	0.083	-0.100
-0.363	-0.189	-0.178	7.500	0.031	0.082	-0.100
-0.379	-0.189	-0.180	7.625	0.032	0.081	-0.100
-0.394	-0.189	-0.181	7.750	0.034	0.081	-0.100
-0.409	-0.189	-0.183	7.875	0.035	0.080	-0.100
-0.425	-0.189	-0.184	8.000	0.036	0.079	-0.100
-0.440	-0.189	-0.185	8.125	0.037	0.079	-0.100
-0.456	-0.189	-0.186	8.250	0.038	0.078	-0.100
-0.471	-0.189	-0.187	8.375	0.039	0.077	-0.100
-0.456	-0.272	-0.258	0.077	0.038	0.078	-0.095
-0.412	-0.351	-0.321	0.154	0.035	0.080	-0.091
-0.342	-0.421	-0.369	0.231	0.030	0.083	-0.087
-0.252	-0.477	-0.395	0.308	0.022	0.087	-0.084
-0.152	-0.512	-0.394	0.385	0.014	0.092	-0.081
-0.051	-0.521	-0.362	0.462	0.005	0.097	-0.080
0.044	-0.504	-0.299	0.538	-0.005	0.103	-0.080
0.126	-0.461	-0.211	0.615	-0.014	0.108	-0.081
0.193	-0.396	-0.105	0.692	-0.022	0.113	-0.084
0.244	-0.317	0.012	0.769	-0.029	0.117	-0.087
0.280	-0.229	0.128	0.846	-0.034	0.120	-0.091
0.301	-0.140	0.235	0.923	-0.038	0.122	-0.095
0.308	-0.056	0.323	1.000	-0.039	0.122	-0.100
0.308	-0.056	0.323	1.000	-0.039	0.122	-0.100
0.308	-0.056	0.323	1.000	-0.039	0.122	-0.100
0.301	-0.062	0.308	0.125	-0.038	0.122	-0.100
0.294	-0.068	0.292	0.250	-0.037	0.121	-0.100
0.286	-0.074	0.277	0.375	-0.035	0.120	-0.100
0.279	-0.080	0.262	0.500	-0.034	0.120	-0.100
0.271	-0.086	0.248	0.625	-0.033	0.119	-0.100
0.264	-0.091	0.233	0.750	-0.032	0.118	-0.100
0.256	-0.096	0.219	0.875	-0.031	0.118	-0.100
0.248	-0.101	0.206	1.000	-0.030	0.117	-0.100
0.240	-0.106	0.192	1.125	-0.028	0.116	-0.100
0.231	-0.110	0.179	1.250	-0.027	0.116	-0.100
0.223	-0.115	0.167	1.375	-0.026	0.115	-0.100
0.215	-0.119	0.154	1.500	-0.025	0.114	-0.100
0.206	-0.123	0.142	1.625	-0.024	0.114	-0.100
0.197	-0.127	0.130	1.750	-0.023	0.113	-0.100
0.188	-0.131	0.118	1.875	-0.021	0.112	-0.100
0.179	-0.135	0.107	2.000	-0.020	0.112	-0.100
0.170	-0.138	0.095	2.125	-0.019	0.111	-0.100
0.161	-0.141	0.084	2.250	-0.018	0.110	-0.100
0.152	-0.144	0.074	2.375	-0.017	0.110	-0.100
0.142	-0.147	0.063	2.500	-0.016	0.109	-0.100
0.132	-0.150	0.053	2.625	-0.014	0.108	-0.100
0.122	-0.153	0.043	2.750	-0.013	0.108	-0.100
0.112	-0.156	0.033	2.875	-0.012	0.107	-0.100
0.102	-0.158	0.024	3.000	-0.011	0.106	-0.100
0.092	-0.160	0.014	3.125	-0.010	0.106	-0.100
0.082	-0.163	0.005	3.250	-0.009	0.105	-0.100
0.071	-0.165	-0.004	3.375	-0.007	0.104	-0.100
0.060	-0.167	-0.012	3.500	-0.006	0.104	-0.100
0.049	-0.169	-0.021	3.625	-0.005	0.103	-0.100
0.038	-0.170	-0.029	3.750	-0.004	0.102	-0.100
0.027	-0.172	-0.037	3.875	-0.003	0.102	-0.100
0.015	-0.174	-0.045	4.000	-0.002	0.101	-0.100
0.004	-0.175	-0.052	4.125	-0.000	0.100	-0.100
-0.008	-0.176	-0.059	4.250	0.001	0.100	-0.100
-0.020	-0.178	-0.067	4.375	0.002	0.099	-0.100
-0.032	-0.179	-0.073	4.500	0.003	0.098	-0.100
-0.044	-0.180	-0.080	4.625	0.004	0.098	-0.100
-0.056	-0.181	-0.087	4.750	0.005	0.097	-0.100
-0.069	-0.182	-0.093	4.875	0.007	0.096	-0.100
-0.081	-0.183	-0.099	5.000	0.008	0.095	-0.100
-0.094	-0.183	-0.105	5.125	0.009	0.095	-0.100
-0.107	-0.184	-0.110	5.250	0.010	0.094	-0.100
-0.120	-0.185	-0.116	5.375	0.011	0.093	-0.100
-0.134	-0.185	-0.121	5.500	0.012	0.093	-0.100
-0.147	-0.186	-0.126	5.625	0.014	0.092	-0.100
-0.161	-0.186	-0.131	5.750	0.015	0.091	-0.100
-0.174	-0.187	-0.136	5.875	0.016	0.091	-0.100
-0.188	-0.187	-0.140	6.000	0.017	0.090	-0.100
-0.202	-0.188	-0.144	6.125	0.018	0.089	-0.100
-0.216	-0.188	-0.148	6.250	0.019	0.089	-0.100
-0.230	-0.188	-0.152	6.375	0.021	0.088	-0.100
-0.245	-0.188	-0.156	6.500	0.022	0.087	-0.100
-0.259	-0.189	-0.159	6.625	0.023	0.087	-0.100
-0.274	-0.189	-0.162	6.750	0.024	0.086	-0.100
-0.288	-0.189	-0.165	6.875	0.025	0.085	-0.100
-0.303	-0.189	-0.168	7.000	0.027	0.085	-0.100
-0.318	-0.189	-0.171	7.125	0.028	0.084	-0.100
-0.333	-0.189	-0.173	7.250	0.029	0.083	-0.100
-0.348	-0.189	-0.176	7.375	0.030	0.083	-0.100
-0.363	-0.189	-0.178	7.500	0.031	0.082	-0.100
-0.379	-0.189	-0.180	7.625	0.032	0.081	-0.100
-0.394	-0.189	-0.181	7.750	0.034	0.081	-0.100
-0.409	-0.189	-0.183	7.875	0.035	0.080	-0.100
-0.425	-0.189	-0.184	8.000	0.036	0.079	-0.100
-0.440	-0.189	-0.185	8.125	0.037	0.079	-0.100
-0.456	-0.189	-0.186	8.250	0.038	0.078	-0.100
-0.471	-0.189	-0.187	8.375	0.039	0.077	-0.100
-0.487	-0.189	-0.187	8.500	0.041	0.077	-0.100
-0.469	-0.279	-0.265	0.083	0.039	0.077	-0.095
-0.416	-0.363	-0.332	0.167	0.035	0.080	-0.090
-0.334	-0.437	-0.380	0.250	0.029	0.083	-0.086
-0.230	-0.491	-0.401	0.333	0.021	0.088	-0.083
-0.118	-0.520	-0.388	0.417	0.011	0.094	-0.081
-0.008	-0.517	-0.338	0.500	0.001	0.100	-0.080
0.090	-0.483	-0.254	0.583	-0.010	0.105	-0.081
0.170	-0.421	-0.144	0.667	-0.019	0.111	-0.083
0.232	-0.338	-0.020	0.750	-0.027	0.116	-0.086
0.275	-0.244	0.108	0.833	-0.034	0.119	-0.090
0.300	-0.147	0.226	0.917	-0.038	0.122	-0.095
0.308	-0.056	0.323	1.000	-0.039	0.122	-0.100
0.308	-0.056	0.323	1.000	-0.039	0.122	-0.100
0.308	-0.056	0.323	1.000	-0.039	0.122	-0.100
0.301	-0.062	0.308	0.125	-0.038	0.122	-0.100
0.294	-0.068	0.292	0.250	-0.037	0.121	-0.100
0.286	-0.074	0.277	0.375	-0.035	0.120	-0.100
0.279	-0.080	0.262	0.500	-0.034	0.120	-0.100
0.271	-0.086	0.248	0.625	-0.033	0.119	-0.100
0.264	-0.091	0.233	0.750	-0.032	0.118	-0.100
0.256	-0.096	0.219	0.875	-0.031	0.118	-0.100
0.248	-0.101	0.206	1.000	-0.030	0.117	-0.100
0.240	-0.106	0.192	1.125	-0.028	0.116	-0.100
0.231	-0.110	0.179	1.250	-0.027	0.116	-0.100
0.223	-0.115	0.167	1.375	-0.026	0.115	-0.100
0.215	-0.119	0.154	1.500	-0.025	0.114	-0.100
0.206	-0.123	0.142	1.625	-0.024	0.114	-0.100
0.197	-0.127	0.130	1.750	-0.023	0.113	-0.100
0.188	-0.131	0.118	1.875	-0.021	0.112	-0.100
0.179	-0.135	0.107	2.000	-0.020	0.112	-0.100
0.170	-0.138	0.095	2.125	-0.019	0.111	-0.100
0.161	-0.141	0.084	2.250	-0.018	0.110	-0.100
0.152	-0.144	0.074	2.375	-0.017	0.110	-0.100
0.142	-0.147	0.063	2.500	-0.016	0.109	-0.100
0.132	-0.150	0.053	2.625	-0.014	0.108	-0.100
0.122	-0.153	0.043	2.750	-0.013	0.108	-0.100
0.112	-0.156	0.033	2.875	-0.012	0.107	-0.100
0.102	-0.158	0.024	3.000	-0.011	0.106	-0.100
0.092	-0.160	0.014	3.125	-0.010	0.106	-0.100
0.082	-0.163	0.005	3.250	-0.009	0.105	-0.100
0.071	-0.165	-0.004	3.375	-0.007	0.104	-0.100
0.060	-0.167	-0.012	3.500	-0.006	0.104	-0.100
0.049	-0.169	-0.021	3.625	-0.005	0.103	-0.100
0.038	-0.170	-0.029	3.750	-0.004	0.102	-0.100
0.027	-0.172	-0.037	3.875	-0.003	0.102	-0.100
0.015	-0.174	-0.045	4.000	-0.002	0.101	-0.100
0.004	-0.175	-0.052	4.125	-0.000	0.100	-0.100
-0.008	-0.176	-0.059	4.250	0.001	0.100	-0.100
-0.020	-0.178	-0.067	4.375	0.002	0.099	-0.100
-0.032	-0.179	-0.073	4.500	0.003	0.098	-0.100
-0.044	-0.180	-0.080	4.625	0.004	0.098	-0.100
-0.056	-0.181	-0.087	4.750	0.005	0.097	-0.100
-0.069	-0.182	-0.093	4.875	0.007	0.096	-0.100
-0.081	-0.183	-0.099	5.000	0.008	0.095	-0.100
-0.094	-0.183	-0.105	5.125	0.009	0.095	-0.100
-0.107	-0.184	-0.110	5.250	0.010	0.094	-0.100
-0.120	-0.185	-0.116	5.375	0.011	0.093	-0.100
-0.134	-0.185	-0.121	5.500	0.012	0.093	-0.100
-0.147	-0.186	-0.126	5.625	0.014	0.092	-0.100
-0.161	-0.186	-0.131	5.750	0.015	0.091	-0.100
-0.174	-0.187	-0.136	5.875	0.016	0.091	-0.100
-0.188	-0.187	-0.140	6.000	0.017	0.090	-0.100
-0.202	-0.188	-0.144	6.125	0.018	0.089	-0.100
-0.216	-0.188	-0.148	6.250	0.019	0.089	-0.100
-0.230	-0.188	-0.152	6.375	0.021	0.088	-0.100
-0.245	-0.188	-0.156	6.500	0.022	0.087	-0.100
-0.259	-0.189	-0.159	6.625	0.023	0.087	-0.100
-0.274	-0.189	-0.162	6.750	0.024	0.086	-0.100
-0.288	-0.189	-0.165	6.875	0.025	0.085	-0.100
-0.303	-0.189	-0.168	7.000	0.027	0.085	-0.100
-0.318	-0.189	-0.171	7.125	0.028	0.084	-0.100
-0.333	-0.189	-0.173	7.250	0.029	0.083	-0.100
-0.348	-0.189	-0.176	7.375	0.030	0.083	-0.100
-0.363	-0.189	-0.178	7.500	0.031	0.082	-0.100
-0.379	-0.189	-0.180	7.625	0.032	0.081	-0.100
-0.394	-0.189	-0.181	7.750	0.034	0.081	-0.100
-0.409	-0.189	-0.183	7.875	0.035	0.080	-0.100
-0.425	-0.189	-0.184	8.000	0.036	0.079	-0.100
-0.440	-0.189	-0.185	8.125	0.037	0.079	-0.100
-0.456	-0.189	-0.186	8.250	0.038	0.078	-0.100
-0.471	-0.189	-0.187	8.375	0.039	0.077	-0.100
-0.487	-0.189	-0.187	8.500	0.041	0.077	-0.100
-0.469	-0.279	-0.265	0.083	0.039	0.077	-0.095
-0.416	-0.363	-0.332	0.167	0.035	0.080	-0.090
-0.334	-0.437	-0.380	0.250	0.029	0.083	-0.086
-0.230	-0.491	-0.401	0.333	0.021	0.088	-0.083
-0.118	-0.520	-0.388	0.417	0.011	0.094	-0.081
-0.008	-0.517	-0.338	0.500	0.001	0.100	-0.080
0.090	-0.483	-0.254	0.583	-0.010	0.105	-0.081
0.170	-0.421	-0.144	0.667	-0.019	0.111	-0.083
0.232	-0.338	-0.020	0.750	-0.027	0.116	-0.086
0.275	-0.244	0.108	0.833	-0.034	0.119	-0.090
0.300	-0.147	0.226	0.917	-0.038	0.122	-0.095
0.308	-0.056	0.323	1.000	-0.039	0.122	-0.100
0.308	-0.056	0.323	1.000	-0.039	0.122	-0.100
0.308	-0.056	0.323	1.000	-0.039	0.122	-0.100
0.308	-0.056	0.323	1.000	-0.039	0.122	-0.100
0.301	-0.062	0.308	0.125	-0.038	0.122	-0.100
0.294	-0.068	0.292	0.250	-0.037	0.121	-0.100
0.286	-0.074	0.277	0.375	-0.035	0.120	-0.100
0.279	-0.080	0.262	0.500	-0.034	0.120	-0.100
0.271	-0.086	0.248	0.625	-0.033	0.119	-0.100
0.264	-0.091	0.233	0.750	-0.032	0.118	-0.100
0.256	-0.096	0.219	0.875	-0.031	0.118	-0.100
0.248	-0.101	0.206	1.000	-0.030	0.117	-0.100
0.240	-0.106	0.192	1.125	-0.028	0.116	-0.100
0.231	-0.110	0.179	1.250	-0.027	0.116	-0.100
0.223	-0.115	0.167	1.375	-0.026	0.115	-0.100
0.215	-0.119	0.154	1.500	-0.025	0.114	-0.100
0.206	-0.123	0.142	1.625	-0.024	0.114	-0.100
0.197	-0.127	0.130	1.750	-0.023	0.113	-0.100
0.188	-0.131	0.118	1.875	-0.021	0.112	-0.100
0.179	-0.135	0.107	2.000	-0.020	0.112	-0.100
0.170	-0.138	0.095	2.125	-0.019	0.111	-0.100
0.161	-0.141	0.084	2.250	-0.018	0.110	-0.100
0.152	-0.144	0.074	2.375	-0.017	0.110	-0.100
0.142	-0.147	0.063	2.500	-0.016	0.109	-0.100
0.132	-0.150	0.053	2.625	-0.014	0.108	-0.100
0.122	-0.153	0.043	2.750	-0.013	0.108	-0.100
0.112	-0.156	0.033	2.875	-0.012	0.107	-0.100
0.102	-0.158	0.024	3.000	-0.011	0.106	-0.100
0.092	-0.160	0.014	3.125	-0.010	0.106	-0.100
0.082	-0.163	0.005	3.250	-0.009	0.105	-0.100
0.071	-0.165	-0.004	3.375	-0.007	0.104	-0.100
0.060	-0.167	-0.012	3.500	-0.006	0.104	-0.100
0.049	-0.169	-0.021	3.625	-0.005	0.103	-0.100
0.038	-0.170	-0.029	3.750	-0.004	0.102	-0.100
0.027	-0.172	-0.037	3.875	-0.003	0.102	-0.100
0.015	-0.174	-0.045	4.000	-0.002	0.101	-0.100
0.004	-0.175	-0.052	4.125	-0.000	0.100	-0.100
-0.008	-0.176	-0.059	4.250	0.001	0.100	-0.100
-0.020	-0.178	-0.067	4.375	0.002	0.099	-0.100
-0.032	-0.179	-0.073	4.500	0.003	0.098	-0.100
-0.044	-0.180	-0.080	4.625	0.004	0.098	-0.100
-0.056	-0.181	-0.087	4.750	0.005	0.097	-0.100
-0.069	-0.182	-0.093	4.875	0.007	0.096	-0.100
-0.081	-0.183	-0.099	5.000	0.008	0.095	-0.100
-0.094	-0.183	-0.105	5.125	0.009	0.095	-0.100
-0.107	-0.184	-0.110	5.250	0.010	0.094	-0.100
-0.120	-0.185	-0.116	5.375	0.011	0.093	-0.100
-0.134	-0.185	-0.121	5.500	0.012	0.093	-0.100
-0.147	-0.186	-0.126	5.625	0.014	0.092	-0.100
-0.161	-0.186	-0.131	5.750	0.015	0.091	-0.100
-0.174	-0.187	-0.136	5.875	0.016	0.091	-0.100
-0.188	-0.187	-0.140	6.000	0.017	0.090	-0.100
-0.202	-0.188	-0.144	6.125	0.018	0.089	-0.100
-0.216	-0.188	-0.148	6.250	0.019	0.089	-0.100
-0.230	-0.188	-0.152	6.375	0.021	0.088	-0.100
-0.245	-0.188	-0.156	6.500	0.022	0.087	-0.100
-0.259	-0.189	-0.159	6.625	0.023	0.087	-0.100
-0.274	-0.189	-0.162	6.750	0.024	0.086	-0.100
-0.288	-0.189	-0.165	6.875	0.025	0.085	-0.100
-0.303	-0.189	-0.168	7.000	0.027	0.085	-0.100
-0.318	-0.189	-0.171	7.125	0.028	0.084	-0.100
-0.333	-0.189	-0.173	7.250	0.029	0.083	-0.100
-0.348	-0.189	-0.176	7.375	0.030	0.083	-0.100
-0.363	-0.189	-0.178	7.500	0.031	0.082	-0.100
-0.379	-0.189	-0.180	7.625	0.032	0.081	-0.100
-0.394	-0.189	-0.181	7.750	0.034	0.081	-0.100
-0.409	-0.189	-0.183	7.875	0.035	0.080	-0.100
-0.425	-0.189	-0.184	8.000	0.036	0.079	-0.100
-0.440	-0.189	-0.185	8.125	0.037	0.079	-0.100
-0.456	-0.189	-0.186	8.250	0.038	0.078	-0.100
-0.471	-0.189	-0.187	8.375	0.039	0.077	-0.100
-0.456	-0.272	-0.258	0.077	0.038	0.078	-0.095
-0.412	-0.351	-0.321	0.154	0.035	0.080	-0.091
-0.342	-0.421	-0.369	0.231	0.030	0.083	-0.087
-0.252	-0.477	-0.395	0.308	0.022	0.087	-0.084
-0.152	-0.512	-0.394	0.385	0.014	0.092	-0.081
-0.051	-0.521	-0.362	0.462	0.005	0.097	-0.080
0.044	-0.504	-0.299	0.538	-0.005	0.103	-0.080
0.126	-0.461	-0.211	0.615	-0.014	0.108	-0.081
0.193	-0.396	-0.105	0.692	-0.022	0.113	-0.084
0.244	-0.317	0.012	0.769	-0.029	0.117	-0.087
0.280	-0.229	0.128	0.846	-0.034	0.120	-0.091
0.301	-0.140	0.235	0.923	-0.038	0.122	-0.095
0.308	-0.056	0.323	1.000	-0.039	0.122	-0.100
0.308	-0.056	0.323	1.000	-0.039	0.122	-0.100
0.308	-0.056	0.323	1.000	-0.039	0.122	-0.100
0.308	-0.056	0.323	1.000	-0.039	0.122	-0.100
0.301	-0.062	0.308	0.125	-0.038	0.122	-0.100
0.294	-0.068	0.292	0.250	-0.037	0.121	-0.100
0.286	-0.074	0.277	0.375	-0.035	0.120	-0.100
0.279	-0.080	0.262	0.500	-0.034	0.120	-0.100
0.271	-0.086	0.248	0.625	-0.033	0.119	-0.100
0.264	-0.091	0.233	0.750	-0.032	0.118	-0.100
0.256	-0.096	0.219	0.875	-0.031	0.118	-0.100
0.248	-0.101	0.206	1.000	-0.030	0.117	-0.100
0.240	-0.106	0.192	1.125	-0.028	0.116	-0.100
0.231	-0.110	0.179	1.250	-0.027	0.116	-0.100
0.223	-0.115	0.167	1.375	-0.026	0.115	-0.100
0.215	-0.119	0.154	1.500	-0.025	0.114	-0.100
0.206	-0.123	0.142	1.625	-0.024	0.114	-0.100
0.197	-0.127	0.130	1.750	-0.023	0.113	-0.100
0.188	-0.131	0.118	1.875	-0.021	0.112	-0.100
0.179	-0.135	0.107	2.000	-0.020	0.112	-0.100
0.170	-0.138	0.095	2.125	-0.019	0.111	-0.100
0.161	-0.141	0.084	2.250	-0.018	0.110	-0.100
0.152	-0.144	0.074	2.375	-0.017	0.110	-0.100
0.142	-0.147	0.063	2.500	-0.016	0.109	-0.100
0.132	-0.150	0.053	2.625	-0.014	0.108	-0.100
0.122	-0.153	0.043	2.750	-0.013	0.108	-0.100
0.112	-0.156	0.033	2.875	-0.012	0.107	-0.100
0.102	-0.158	0.024	3.000	-0.011	0.106	-0.100
0.092	-0.160	0.014	3.125	-0.010	0.106	-0.100
0.082	-0.163	0.005	3.250	-0.009	0.105	-0.100
0.071	-0.165	-0.004	3.375	-0.007	0.104	-0.100
0.060	-0.167	-0.012	3.500	-0.006	0.104	-0.100
0.049	-0.169	-0.021	3.625	-0.005	0.103	-0.100
0.038	-0.170	-0.029	3.750	-0.004	0.102	-0.100
0.027	-0.172	-0.037	3.875	-0.003	0.102	-0.100
0.015	-0.174	-0.045	4.000	-0.002	0.101	-0.100
0.004	-0.175	-0.052	4.125	-0.000	0.100	-0.100
-0.008	-0.176	-0.059	4.250	0.001	0.100	-0.100
-0.020	-0.178	-0.067	4.375	0.002	0.099	-0.100
-0.032	-0.179	-0.073	4.500	0.003	0.098	-0.100
-0.044	-0.180	-0.080	4.625	0.004	0.098	-0.100
-0.056	-0.181	-0.087	4.750	0.005	0.097	-0.100
-0.069	-0.182	-0.093	4.875	0.007	0.096	-0.100
-0.081	-0.183	-0.099	5.000	0.008	0.095	-0.100
-0.094	-0.183	-0.105	5.125	0.009	0.095	-0.100
-0.107	-0.184	-0.110	5.250	0.010	0.094	-0.100
-0.120	-0.185	-0.116	5.375	0.011	0.093	-0.100
-0.134	-0.185	-0.121	5.500	0.012	0.093	-0.100
-0.147	-0.186	-0.126	5.625	0.014	0.092	-0.100
-0.161	-0.186	-0.131	5.750	0.015	0.091	-0.100
-0.174	-0.187	-0.136	5.875	0.016	0.091	-0.100
-0.188	-0.187	-0.140	6.000	0.017	0.090	-0.100
-0.202	-0.188	-0.144	6.125	0.018	0.089	-0.100
-0.216	-0.188	-0.148	6.250	0.019	0.089	-0.100
-0.230	-0.188	-0.152	6.375	0.021	0.088	-0.100
-0.245	-0.188	-0.156	6.500	0.022	0.087	-0.100
-0.259	-0.189	-0.159	6.625	0.023	0.087	-0.100
-0.274	-0.189	-0.162	6.750	0.024	0.086	-0.100
-0.288	-0.189	-0.165	6.875	0.025	0.085	-0.100
-0.303	-0.189	-0.168	7.000	0.027	0.085	-0.100
-0.318	-0.189	-0.171	7.125	0.028	0.084	-0.100
-0.333	-0.189	-0.173	7.250	0.029	0.083	-0.100
-0.348	-0.189	-0.176	7.375	0.030	0.083	-0.100
-0.363	-0.189	-0.178	7.500	0.031	0.082	-0.100
-0.379	-0.189	-0.180	7.625	0.032	0.081	-0.100
-0.394	-0.189	-0.181	7.750	0.034	0.081	-0.100
-0.409	-0.189	-0.183	7.875	0.035	0.080	-0.100
-0.425	-0.189	-0.184	8.000	0.036	0.079	-0.100
-0.440	-0.189	-0.185	8.125	0.037	0.079	-0.100
-0.456	-0.189	-0.186	8.250	0.038	0.078	-0.100
-0.471	-0.189	-0.187	8.375	0.039	0.077	-0.100
-0.487	-0.189	-0.187	8.500	0.041	0.077	-0.100
-0.469	-0.279	-0.265	0.083	0.039	0.077	-0.095
-0.416	-0.363	-0.332	0.167	0.035	0.080	-0.090
-0.334	-0.437	-0.380	0.250	0.029	0.083	-0.086
-0.230	-0.491	-0.401	0.333	0.021	0.088	-0.083
-0.118	-0.520	-0.388	0.417	0.011	0.094	-0.081
-0.008	-0.517	-0.338	0.500	0.001	0.100	-0.080
0.090	-0.483	-0.254	0.583	-0.010	0.105	-0.081
0.170	-0.421	-0.144	0.667	-0.019	0.111	-0.083
0.232	-0.338	-0.020	0.750	-0.027	0.116	-0.086
0.275	-0.244	0.108	0.833	-0.034	0.119	-0.090
0.300	-0.147	0.226	0.917	-0.038	0.122	-0.095
0.308	-0.056	0.323	1.000	-0.039	0.122	-0.100
0.308	-0.056	0.323	1.000	-0.039	0.122	-0.100
0.308	-0.056	0.323	1.000	-0.039	0.122	-0.100
0.308	-0.056	0.323	1.000	-0.039	0.122	-0.100
0.301	-0.062	0.308	0.125	-0.038	0.122	-0.100
0.294	-0.068	0.292	0.250	-0.037	0.121	-0.100
0.286	-0.074	0.277	0.375	-0.035	0.120	-0.100
0.279	-0.080	0.262	0.500	-0.034	0.120	-0.100
0.271	-0.086	0.248	0.625	-0.033	0.119	-0.100
0.264	-0.091	0.233	0.750	-0.032	0.118	-0.100
0.256	-0.096	0.219	0.875	-0.031	0.118	-0.100
0.248	-0.101	0.206	1.000	-0.030	0.117	-0.100
0.240	-0.106	0.192	1.125	-0.028	0.116	-0.100
0.231	-0.110	0.179	1.250	-0.027	0.116	-0.100
0.223	-0.115	0.167	1.375	-0.026	0.115	-0.100
0.215	-0.119	0.154	1.500	-0.025	0.114	-0.100
0.206	-0.123	0.142	1.625	-0.024	0.114	-0.100
0.197	-0.127	0.130	1.750	-0.023	0.113	-0.100
0.188	-0.131	0.118	1.875	-0.021	0.112	-0.100
0.179	-0.135	0.107	2.000	-0.020	0.112	-0.100
0.170	-0.138	0.095	2.125	-0.019	0.111	-0.100
0.161	-0.141	0.084	2.250	-0.018	0.110	-0.100
0.152	-0.144	0.074	2.375	-0.017	0.110	-0.100
0.142	-0.147	0.063	2.500	-0.016	0.109	-0.100
0.132	-0.150	0.053	2.625	-0.014	0.108	-0.100
0.122	-0.153	0.043	2.750	-0.013	0.108	-0.100
0.112	-0.156	0.033	2.875	-0.012	0.107	-0.100
0.102	-0.158	0.024	3.000	-0.011	0.106	-0.100
0.092	-0.160	0.014	3.125	-0.010	0.106	-0.100
0.082	-0.163	0.005	3.250	-0.009	0.105	-0.100
0.071	-0.165	-0.004	3.375	-0.007	0.104	-0.100
0.060	-0.167	-0.012	3.500	-0.006	0.104	-0.100
0.049	-0.169	-0.021	3.625	-0.005	0.103	-0.100
0.038	-0.170	-0.029	3.750	-0.004	0.102	-0.100
0.027	-0.172	-0.037	3.875	-0.003	0.102	-0.100
0.015	-0.174	-0.045	4.000	-0.002	0.101	-0.100
0.004	-0.175	-0.052	4.125	-0.000	0.100	-0.100
-0.008	-0.176	-0.059	4.250	0.001	0.100	-0.100
-0.020	-0.178	-0.067	4.375	0.002	0.099	-0.100
-0.032	-0.179	-0.073	4.500	0.003	0.098	-0.100
-0.044	-0.180	-0.080	4.625	0.004	0.098	-0.100
-0.056	-0.181	-0.087	4.750	0.005	0.097	-0.100
-0.069	-0.182	-0.093	4.875	0.007	0.096	-0.100
-0.081	-0.183	-0.099	5.000	0.008	0.095	-0.100
-0.094	-0.183	-0.105	5.125	0.009	0.095	-0.100
-0.107	-0.184	-0.110	5.250	0.010	0.094	-0.100
-0.120	-0.185	-0.116	5.375	0.011	0.093	-0.100
-0.134	-0.185	-0.121	5.500	0.012	0.093	-0.100
-0.147	-0.186	-0.126	5.625	0.014	0.092	-0.100
-0.161	-0.186	-0.131	5.750	0.015	0.091	-0.100
-0.174	-0.187	-0.136	5.875	0.016	0.091	-0.100
-0.188	-0.187	-0.140	6.000	0.017	0.090	-0.100
-0.202	-0.188	-0.144	6.125	0.018	0.089	-0.100
-0.216	-0.188	-0.148	6.250	0.019	0.089	-0.100
-0.230	-0.188	-0.152	6.375	0.021	0.088	-0.100
-0.245	-0.188	-0.156	6.500	0.022	0.087	-0.100
-0.259	-0.189	-0.159	6.625	0.023	0.087	-0.100
-0.274	-0.189	-0.162	6.750	0.024	0.086	-0.100
-0.288	-0.189	-0.165	6.875	0.025	0.085	-0.100
-0.303	-0.189	-0.168	7.000	0.027	0.085	-0.100
-0.318	-0.189	-0.171	7.125	0.028	0.084	-0.100
-0.333	-0.189	-0.173	7.250	0.029	0.083	-0.100
-0.348	-0.189	-0.176	7.375	0.030	0.083	-0.100
-0.363	-0.189	-0.178	7.500	0.031	0.082	-0.100
-0.379	-0.189	-0.180	7.625	0.032	0.081	-0.100
-0.394	-0.189	-0.181	7.750	0.034	0.081	-0.100
-0.409	-0.189	-0.183	7.875	0.035	0.080	-0.100
-0.425	-0.189	-0.184	8.000	0.036	0.079	-0.100
-0.440	-0.189	-0.185	8.125	0.037	0.079	-0.100
-0.456	-0.189	-0.186	8.250	0.038	0.078	-0.100
-0.471	-0.189	-0.187	8.375	0.039	0.077	-0.100
-0.487	-0.189	-0.187	8.500	0.041	0.077	-0.100
-0.472	-0.279	-0.265	0.083	0.039	0.077	-0.095
-0.430	-0.363	-0.333	0.167	0.036	0.079	-0.090
-0.363	-0.437	-0.385	0.250	0.031	0.082	-0.086
-0.278	-0.493	-0.413	0.333	0.024	0.086	-0.083
-0.183	-0.525	-0.413	0.417	0.017	0.090	-0.081
-0.088	-0.529	-0.383	0.500	0.008	0.095	-0.080
-0.001	-0.504	-0.325	0.583	0.000	0.100	-0.081
0.073	-0.454	-0.244	0.667	-0.008	0.104	-0.083
0.131	-0.383	-0.148	0.750	-0.014	0.108	-0.086
0.172	-0.301	-0.046	0.833	-0.019	0.111	-0.090
0.197	-0.212	0.053	0.917	-0.023	0.113	-0.095
0.205	-0.124	0.141	1.000	-0.024	0.114	-0.100
0.205	-0.124	0.141	1.000	-0.024	0.114	-0.100
0.205	-0.124	0.141	1.000	-0.024	0.114	-0.100
0.196	-0.128	0.129	0.125	-0.022	0.113	-0.100
0.188	-0.131	0.117	0.250	-0.021	0.112	-0.100
0.179	-0.135	0.106	0.375	-0.020	0.112	-0.100
0.169	-0.138	0.094	0.500	-0.019	0.111	-0.100
0.160	-0.142	0.083	0.625	-0.018	0.110	-0.100
0.151	-0.145	0.073	0.750	-0.017	0.110	-0.100
0.141	-0.148	0.062	0.875	-0.015	0.109	-0.100
0.131	-0.151	0.052	1.000	-0.014	0.108	-0.100
0.122	-0.153	0.042	1.125	-0.013	0.108	-0.100
0.111	-0.156	0.032	1.250	-0.012	0.107	-0.100
0.101	-0.158	0.023	1.375	-0.011	0.106	-0.100
0.091	-0.161	0.013	1.500	-0.010	0.106	-0.100
0.080	-0.163	0.004	1.625	-0.008	0.105	-0.100
0.070	-0.165	-0.004	1.750	-0.007	0.104	-0.100
0.059	-0.167	-0.013	1.875	-0.006	0.104	-0.100
0.048	-0.169	-0.021	2.000	-0.005	0.103	-0.100
0.037	-0.171	-0.030	2.125	-0.004	0.102	-0.100
0.026	-0.172	-0.038	2.250	-0.003	0.102	-0.100
0.014	-0.174	-0.045	2.375	-0.001	0.101	-0.100
0.003	-0.175	-0.053	2.500	-0.000	0.100	-0.100
-0.009	-0.177	-0.060	2.625	0.001	0.099	-0.100
-0.021	-0.178	-0.067	2.750	0.002	0.099	-0.100
-0.033	-0.179	-0.074	2.875	0.003	0.098	-0.100
-0.045	-0.180	-0.081	3.000	0.004	0.097	-0.100
-0.057	-0.181	-0.087	3.125	0.006	0.097	-0.100
-0.070	-0.182	-0.093	3.250	0.007	0.096	-0.100
-0.083	-0.183	-0.099	3.375	0.008	0.095	-0.100
-0.096	-0.184	-0.105	3.500	0.009	0.095	-0.100
-0.108	-0.184	-0.111	3.625	0.010	0.094	-0.100
-0.122	-0.185	-0.116	3.750	0.011	0.093	-0.100
-0.135	-0.185	-0.122	3.875	0.013	0.093	-0.100
-0.148	-0.186	-0.127	4.000	0.014	0.092	-0.100
-0.162	-0.186	-0.131	4.125	0.015	0.091	-0.100
-0.176	-0.187	-0.136	4.250	0.016	0.091	-0.100
-0.189	-0.187	-0.140	4.375	0.017	0.090	-0.100
-0.203	-0.188	-0.145	4.500	0.018	0.089	-0.100
-0.218	-0.188	-0.149	4.625	0.020	0.089	-0.100
-0.232	-0.188	-0.152	4.750	0.021	0.088	-0.100
-0.246	-0.188	-0.156	4.875	0.022	0.087	-0.100
-0.261	-0.189	-0.159	5.000	0.023	0.087	-0.100
-0.275	-0.189	-0.163	5.125	0.024	0.086	-0.100
-0.290	-0.189	-0.166	5.250	0.025	0.085	-0.100
-0.305	-0.189	-0.168	5.375	0.027	0.085	-0.100
-0.320	-0.189	-0.171	5.500	0.028	0.084	-0.100
-0.335	-0.189	-0.174	5.625	0.029	0.083	-0.100
-0.350	-0.189	-0.176	5.750	0.030	0.083	-0.100
-0.365	-0.189	-0.178	5.875	0.031	0.082	-0.100
-0.380	-0.189	-0.180	6.000	0.032	0.081	-0.100
-0.395	-0.189	-0.181	6.125	0.034	0.081	-0.100
-0.411	-0.189	-0.183	6.250	0.035	0.080	-0.100
-0.426	-0.189	-0.184	6.375	0.036	0.079	-0.100
-0.442	-0.189	-0.185	6.500	0.037	0.079	-0.100
-0.457	-0.189	-0.186	6.625	0.038	0.078	-0.100
-0.473	-0.189	-0.187	6.750	0.039	0.077	-0.100
-0.488	-0.189	-0.187	6.875	0.041	0.077	-0.100
-0.484	-0.232	-0.225	0.040	0.040	0.077	-0.097
-0.472	-0.275	-0.262	0.080	0.039	0.077	-0.095
-0.451	-0.317	-0.296	0.120	0.038	0.078	-0.093
-0.423	-0.357	-0.327	0.160	0.036	0.079	-0.090
-0.388	-0.394	-0.354	0.200	0.033	0.081	-0.088
-0.346	-0.429	-0.376	0.240	0.030	0.083	-0.086
-0.300	-0.459	-0.392	0.280	0.026	0.085	-0.085
-0.249	-0.484	-0.400	0.320	0.022	0.087	-0.083
-0.196	-0.504	-0.401	0.360	0.018	0.090	-0.082
-0.141	-0.517	-0.394	0.400	0.013	0.092	-0.081
-0.087	-0.522	-0.378	0.440	0.008	0.095	-0.080
-0.034	-0.521	-0.354	0.480	0.003	0.098	-0.080
0.016	-0.512	-0.321	0.520	-0.002	0.101	-0.080
0.064	-0.496	-0.281	0.560	-0.007	0.104	-0.080
0.107	-0.472	-0.234	0.600	-0.011	0.107	-0.081
0.146	-0.443	-0.182	0.640	-0.016	0.109	-0.082
0.181	-0.409	-0.125	0.680	-0.020	0.112	-0.083
0.212	-0.370	-0.066	0.720	-0.025	0.114	-0.085
0.238	-0.327	-0.004	0.760	-0.028	0.116	-0.086
0.260	-0.283	0.057	0.800	-0.031	0.118	-0.088
0.277	-0.236	0.118	0.840	-0.034	0.120	-0.090
0.291	-0.190	0.176	0.880	-0.036	0.121	-0.093
0.300	-0.143	0.230	0.920	-0.038	0.122	-0.095
0.306	-0.098	0.280	0.960	-0.039	0.122	-0.097
0.308	-0.056	0.323	1.000	-0.039	0.122	-0.100
0.308	-0.056	0.323	1.000	-0.039	0.122	-0.100
0.308	-0.056	0.323	1.000	-0.039	0.122	-0.100
0.301	-0.062	0.308	0.125	-0.038	0.122	-0.100
0.294	-0.068	0.292	0.250	-0.037	0.121	-0.100
0.286	-0.074	0.277	0.375	-0.035	0.120	-0.100
0.279	-0.080	0.262	0.500	-0.034	0.120	-0.100
0.271	-0.086	0.248	0.625	-0.033	0.119	-0.100
0.264	-0.091	0.233	0.750	-0.032	0.118	-0.100
0.256	-0.096	0.219	0.875	-0.031	0.118	-0.100
0.248	-0.101	0.206	1.000	-0.030	0.117	-0.100
0.240	-0.106	0.192	1.125	-0.028	0.116	-0.100
0.231	-0.110	0.179	1.250	-0.027	0.116	-0.100
0.223	-0.115	0.167	1.375	-0.026	0.115	-0.100
0.215	-0.119	0.154	1.500	-0.025	0.114	-0.100
0.206	-0.123	0.142	1.625	-0.024	0.114	-0.100
0.197	-0.127	0.130	1.750	-0.023	0.113	-0.100
0.188	-0.131	0.118	1.875	-0.021	0.112	-0.100
0.179	-0.135	0.107	2.000	-0.020	0.112	-0.100
0.170	-0.138	0.095	2.125	-0.019	0.111	-0.100
0.161	-0.141	0.084	2.250	-0.018	0.110	-0.100
0.152	-0.144	0.074	2.375	-0.017	0.110	-0.100
0.142	-0.147	0.063	2.500	-0.016	0.109	-0.100
0.132	-0.150	0.053	2.625	-0.014	0.108	-0.100
0.122	-0.153	0.043	2.750	-0.013	0.108	-0.100
0.112	-0.156	0.033	2.875	-0.012	0.107	-0.100
0.102	-0.158	0.024	3.000	-0.011	0.106	-0.100
0.092	-0.160	0.014	3.125	-0.010	0.106	-0.100
0.082	-0.163	0.005	3.250	-0.009	0.105	-0.100
0.071	-0.165	-0.004	3.375	-0.007	0.104	-0.100
0.060	-0.167	-0.012	3.500	-0.006	0.104	-0.100
0.049	-0.169	-0.021	3.625	-0.005	0.103	-0.100
0.038	-0.170	-0.029	3.750	-0.004	0.102	-0.100
0.027	-0.172	-0.037	3.875	-0.003	0.102	-0.100
0.015	-0.174	-0.045	4.000	-0.002	0.101	-0.100
0.004	-0.175	-0.052	4.125	-0.000	0.100	-0.100
-0.008	-0.176	-0.059	4.250	0.001	0.100	-0.100
-0.020	-0.178	-0.067	4.375	0.002	0.099	-0.100
-0.032	-0.179	-0.073	4.500	0.003	0.098	-0.100
-0.044	-0.180	-0.080	4.625	0.004	0.098	-0.100
-0.056	-0.181	-0.087	4.750	0.005	0.097	-0.100
-0.069	-0.182	-0.093	4.875	0.007	0.096	-0.100
-0.081	-0.183	-0.099	5.000	0.008	0.095	-0.100
-0.094	-0.183	-0.105	5.125	0.009	0.095	-0.100
-0.107	-0.184	-0.110	5.250	0.010	0.094	-0.100
-0.120	-0.185	-0.116	5.375	0.011	0.093	-0.100
-0.134	-0.185	-0.121	5.500	0.012	0.093	-0.100
-0.147	-0.186	-0.126	5.625	0.014	0.092	-0.100
-0.161	-0.186	-0.131	5.750	0.015	0.091	-0.100
-0.174	-0.187	-0.136	5.875	0.016	0.091	-0.100
-0.188	-0.187	-0.140	6.000	0.017	0.090	-0.100
-0.202	-0.188	-0.144	6.125	0.018	0.089	-0.100
-0.216	-0.188	-0.148	6.250	0.019	0.089	-0.100
-0.230	-0.188	-0.152	6.375	0.021	0.088	-0.100
-0.245	-0.188	-0.156	6.500	0.022	0.087	-0.100
-0.259	-0.189	-0.159	6.625	0.023	0.087	-0.100
-0.274	-0.189	-0.162	6.750	0.024	0.086	-0.100
-0.288	-0.189	-0.165	6.875	0.025	0.085	-0.100
-0.303	-0.189	-0.168	7.000	0.027	0.085	-0.100
-0.318	-0.189	-0.171	7.125	0.028	0.084	-0.100
-0.333	-0.189	-0.173	7.250	0.029	0.083	-0.100
-0.348	-0.189	-0.176	7.375	0.030	0.083	-0.100
-0.363	-0.189	-0.178	7.500	0.031	0.082	-0.100
-0.379	-0.189	-0.180	7.625	0.032	0.081	-0.100
-0.394	-0.189	-0.181	7.750	0.034	0.081	-0.100
-0.409	-0.189	-0.183	7.875	0.035	0.080	-0.100
-0.425	-0.189	-0.184	8.000	0.036	0.079	-0.100
-0.440	-0.189	-0.185	8.125	0.037	0.079	-0.100
-0.456	-0.189	-0.186	8.250	0.038	0.078	-0.100
-0.471	-0.189	-0.187	8.375	0.039	0.077	-0.100
-0.459	-0.272	-0.259	0.077	0.038	0.078	-0.095
-0.425	-0.351	-0.323	0.154	0.036	0.079	-0.091
-0.370	-0.421	-0.373	0.231	0.032	0.082	-0.087
-0.300	-0.478	-0.406	0.308	0.026	0.085	-0.084
-0.219	-0.516	-0.417	0.385	0.020	0.089	-0.081
-0.135	-0.531	-0.402	0.462	0.013	0.093	-0.080
-0.054	-0.522	-0.364	0.538	0.005	0.097	-0.080
0.018	-0.490	-0.303	0.615	-0.002	0.101	-0.081
0.080	-0.437	-0.227	0.692	-0.008	0.105	-0.084
0.128	-0.370	-0.140	0.769	-0.014	0.108	-0.087
0.162	-0.293	-0.049	0.846	-0.018	0.110	-0.091
0.182	-0.212	0.039	0.923	-0.021	0.112	-0.095
0.189	-0.131	0.119	1.000	-0.022	0.112	-0.100
0.189	-0.131	0.119	1.000	-0.022	0.112	-0.100
0.189	-0.131	0.119	1.000	-0.022	0.112	-0.100
0.189	-0.131	0.119	1.000	-0.022	0.112	-0.100
0.180	-0.134	0.107	0.125	-0.020	0.112	-0.100
0.171	-0.138	0.096	0.250	-0.019	0.111	-0.100
0.162	-0.141	0.085	0.375	-0.018	0.110	-0.100
0.152	-0.144	0.074	0.500	-0.017	0.110	-0.100
0.143	-0.147	0.064	0.625	-0.016	0.109	-0.100
0.133	-0.150	0.054	0.750	-0.014	0.108	-0.100
0.123	-0.153	0.044	0.875	-0.013	0.108	-0.100
0.113	-0.155	0.034	1.000	-0.012	0.107	-0.100
0.103	-0.158	0.024	1.125	-0.011	0.106	-0.100
0.093	-0.160	0.015	1.250	-0.010	0.106	-0.100
0.082	-0.163	0.006	1.375	-0.009	0.105	-0.100
0.072	-0.165	-0.003	1.500	-0.007	0.104	-0.100
0.061	-0.167	-0.012	1.625	-0.006	0.104	-0.100
0.050	-0.169	-0.020	1.750	-0.005	0.103	-0.100
0.039	-0.170	-0.028	1.875	-0.004	0.102	-0.100
0.028	-0.172	-0.036	2.000	-0.003	0.102	-0.100
0.016	-0.173	-0.044	2.125	-0.002	0.101	-0.100
0.005	-0.175	-0.052	2.250	-0.000	0.100	-0.100
-0.007	-0.176	-0.059	2.375	0.001	0.100	-0.100
-0.019	-0.178	-0.066	2.500	0.002	0.099	-0.100
-0.031	-0.179	-0.073	2.625	0.003	0.098	-0.100
-0.043	-0.180	-0.080	2.750	0.004	0.098	-0.100
-0.056	-0.181	-0.086	2.875	0.005	0.097	-0.100
-0.068	-0.182	-0.092	3.000	0.007	0.096	-0.100
-0.081	-0.183	-0.099	3.125	0.008	0.096	-0.100
-0.093	-0.183	-0.104	3.250	0.009	0.095	-0.100
-0.106	-0.184	-0.110	3.375	0.010	0.094	-0.100
-0.120	-0.185	-0.115	3.500	0.011	0.094	-0.100
-0.133	-0.185	-0.121	3.625	0.012	0.093	-0.100
-0.146	-0.186	-0.126	3.750	0.014	0.092	-0.100
-0.160	-0.186	-0.131	3.875	0.015	0.091	-0.100
-0.173	-0.187	-0.135	4.000	0.016	0.091	-0.100
-0.187	-0.187	-0.140	4.125	0.017	0.090	-0.100
-0.201	-0.188	-0.144	4.250	0.018	0.089	-0.100
-0.215	-0.188	-0.148	4.375	0.019	0.089	-0.100
-0.230	-0.188	-0.152	4.500	0.021	0.088	-0.100
-0.244	-0.188	-0.155	4.625	0.022	0.087	-0.100
-0.258	-0.189	-0.159	4.750	0.023	0.087	-0.100
-0.273	-0.189	-0.162	4.875	0.024	0.086	-0.100
-0.288	-0.189	-0.165	5.000	0.025	0.085	-0.100
-0.302	-0.189	-0.168	5.125	0.026	0.085	-0.100
-0.317	-0.189	-0.171	5.250	0.028	0.084	-0.100
-0.332	-0.189	-0.173	5.375	0.029	0.083	-0.100
-0.347	-0.189	-0.175	5.500	0.030	0.083	-0.100
-0.362	-0.189	-0.178	5.625	0.031	0.082	-0.100
-0.378	-0.189	-0.179	5.750	0.032	0.081	-0.100
-0.393	-0.189	-0.181	5.875	0.033	0.081	-0.100
-0.408	-0.189	-0.183	6.000	0.035	0.080	-0.100
-0.424	-0.189	-0.184	6.125	0.036	0.079	-0.100
-0.439	-0.189	-0.185	6.250	0.037	0.079	-0.100
-0.455	-0.189	-0.186	6.375	0.038	0.078	-0.100
-0.470	-0.189	-0.187	6.500	0.039	0.077	-0.100
-0.486	-0.189	-0.187	6.625	0.040	0.077	-0.100
-0.482	-0.229	-0.223	0.037	0.040	0.077	-0.098
-0.471	-0.269	-0.257	0.074	0.039	0.077	-0.095
-0.454	-0.308	-0.289	0.111	0.038	0.078	-0.093
-0.430	-0.345	-0.318	0.148	0.036	0.079	-0.091
-0.399	-0.381	-0.345	0.185	0.034	0.080	-0.089
-0.363	-0.414	-0.367	0.222	0.031	0.082	-0.087
-0.322	-0.444	-0.384	0.259	0.028	0.084	-0.085
-0.277	-0.470	-0.396	0.296	0.024	0.086	-0.084
-0.230	-0.491	-0.401	0.333	0.021	0.088	-0.083
-0.180	-0.508	-0.400	0.370	0.016	0.090	-0.082
-0.130	-0.518	-0.391	0.407	0.012	0.093	-0.081
-0.080	-0.522	-0.375	0.444	0.008	0.096	-0.080
-0.031	-0.520	-0.352	0.481	0.003	0.098	-0.080
0.016	-0.512	-0.322	0.519	-0.002	0.101	-0.080
0.059	-0.498	-0.285	0.556	-0.006	0.104	-0.080
0.100	-0.477	-0.243	0.593	-0.011	0.106	-0.081
0.137	-0.451	-0.195	0.630	-0.015	0.109	-0.082
0.170	-0.421	-0.144	0.667	-0.019	0.111	-0.083
0.200	-0.386	-0.090	0.704	-0.023	0.113	-0.084
0.226	-0.348	-0.034	0.741	-0.027	0.115	-0.085
0.248	-0.308	0.023	0.778	-0.030	0.117	-0.087
0.267	-0.266	0.080	0.815	-0.032	0.119	-0.089
0.282	-0.222	0.135	0.852	-0.035	0.120	-0.091
0.293	-0.179	0.188	0.889	-0.037	0.121	-0.093
0.301	-0.137	0.238	0.926	-0.038	0.122	-0.095
0.306	-0.095	0.283	0.963	-0.039	0.122	-0.098
0.308	-0.056	0.323	1.000	-0.039	0.122	-0.100
0.308	-0.056	0.323	1.000	-0.039	0.122	-0.100
0.308	-0.056	0.323	1.000	-0.039	0.122	-0.100
0.301	-0.062	0.308	0.125	-0.038	0.122	-0.100
0.294	-0.068	0.292	0.250	-0.037	0.121	-0.100
0.286	-0.074	0.277	0.375	-0.035	0.120	-0.100
0.279	-0.080	0.262	0.500	-0.034	0.120	-0.100
0.271	-0.086	0.248	0.625	-0.033	0.119	-0.100
0.264	-0.091	0.233	0.750	-0.032	0.118	-0.100
0.256	-0.096	0.219	0.875	-0.031	0.118	-0.100
0.248	-0.101	0.206	1.000	-0.030	0.117	-0.100
0.240	-0.106	0.192	1.125	-0.028	0.116	-0.100
0.231	-0.110	0.179	1.250	-0.027	0.116	-0.100
0.223	-0.115	0.167	1.375	-0.026	0.115	-0.100
0.215	-0.119	0.154	1.500	-0.025	0.114	-0.100
0.206	-0.123	0.142	1.625	-0.024	0.114	-0.100
0.197	-0.127	0.130	1.750	-0.023	0.113	-0.100
0.188	-0.131	0.118	1.875	-0.021	0.112	-0.100
0.179	-0.135	0.107	2.000	-0.020	0.112	-0.100
0.170	-0.138	0.095	2.125	-0.019	0.111	-0.100
0.161	-0.141	0.084	2.250	-0.018	0.110	-0.100
0.152	-0.144	0.074	2.375	-0.017	0.110	-0.100
0.142	-0.147	0.063	2.500	-0.016	0.109	-0.100
0.132	-0.150	0.053	2.625	-0.014	0.108	-0.100
0.122	-0.153	0.043	2.750	-0.013	0.108	-0.100
0.112	-0.156	0.033	2.875	-0.012	0.107	-0.100
0.102	-0.158	0.024	3.000	-0.011	0.106	-0.100
0.092	-0.160	0.014	3.125	-0.010	0.106	-0.100
0.082	-0.163	0.005	3.250	-0.009	0.105	-0.100
0.071	-0.165	-0.004	3.375	-0.007	0.104	-0.100
0.060	-0.167	-0.012	3.500	-0.006	0.104	-0.100
0.049	-0.169	-0.021	3.625	-0.005	0.103	-0.100
0.038	-0.170	-0.029	3.750	-0.004	0.102	-0.100
0.027	-0.172	-0.037	3.875	-0.003	0.102	-0.100
0.015	-0.174	-0.045	4.000	-0.002	0.101	-0.100
0.004	-0.175	-0.052	4.125	-0.000	0.100	-0.100
-0.008	-0.176	-0.059	4.250	0.001	0.100	-0.100
-0.020	-0.178	-0.067	4.375	0.002	0.099	-0.100
-0.032	-0.179	-0.073	4.500	0.003	0.098	-0.100
-0.044	-0.180	-0.080	4.625	0.004	0.098	-0.100
-0.056	-0.181	-0.087	4.750	0.005	0.097	-0.100
-0.069	-0.182	-0.093	4.875	0.007	0.096	-0.100
-0.081	-0.183	-0.099	5.000	0.008	0.095	-0.100
-0.094	-0.183	-0.105	5.125	0.009	0.095	-0.100
-0.107	-0.184	-0.110	5.250	0.010	0.094	-0.100
-0.120	-0.185	-0.116	5.375	0.011	0.093	-0.100
-0.134	-0.185	-0.121	5.500	0.012	0.093	-0.100
-0.147	-0.186	-0.126	5.625	0.014	0.092	-0.100
-0.161	-0.186	-0.131	5.750	0.015	0.091	-0.100
-0.174	-0.187	-0.136	5.875	0.016	0.091	-0.100
-0.188	-0.187	-0.140	6.000	0.017	0.090	-0.100
-0.202	-0.188	-0.144	6.125	0.018	0.089	-0.100
-0.216	-0.188	-0.148	6.250	0.019	0.089	-0.100
-0.230	-0.188	-0.152	6.375	0.021	0.088	-0.100
-0.245	-0.188	-0.156	6.500	0.022	0.087	-0.100
-0.259	-0.189	-0.159	6.625	0.023	0.087	-0.100
-0.274	-0.189	-0.162	6.750	0.024	0.086	-0.100
-0.288	-0.189	-0.165	6.875	0.025	0.085	-0.100
-0.303	-0.189	-0.168	7.000	0.027	0.085	-0.100
-0.318	-0.189	-0.171	7.125	0.028	0.084	-0.100
-0.333	-0.189	-0.173	7.250	0.029	0.083	-0.100
-0.348	-0.189	-0.176	7.375	0.030	0.083	-0.100
-0.363	-0.189	-0.178	7.500	0.031	0.082	-0.100
-0.379	-0.189	-0.180	7.625	0.032	0.081	-0.100
-0.394	-0.189	-0.181	7.750	0.034	0.081	-0.100
-0.409	-0.189	-0.183	7.875	0.035	0.080	-0.100
-0.425	-0.189	-0.184	8.000	0.036	0.079	-0.100
-0.440	-0.189	-0.185	8.125	0.037	0.079	-0.100
-0.456	-0.189	-0.186	8.250	0.038	0.078	-0.100
-0.471	-0.189	-0.187	8.375	0.039	0.077	-0.100
-0.459	-0.272	-0.259	0.077	0.038	0.078	-0.095
-0.425	-0.351	-0.322	0.154	0.036	0.079	-0.091
-0.370	-0.421	-0.373	0.231	0.032	0.082	-0.087
-0.298	-0.478	-0.406	0.308	0.026	0.085	-0.084
-0.217	-0.516	-0.416	0.385	0.020	0.089	-0.081
-0.133	-0.531	-0.401	0.462	0.012	0.093	-0.080
-0.052	-0.522	-0.362	0.538	0.005	0.097	-0.080
0.021	-0.489	-0.301	0.615	-0.002	0.101	-0.081
0.083	-0.437	-0.224	0.692	-0.009	0.105	-0.084
0.131	-0.369	-0.136	0.769	-0.014	0.108	-0.087
0.165	-0.292	-0.045	0.846	-0.018	0.111	-0.091
0.185	-0.210	0.043	0.923	-0.021	0.112	-0.095
0.192	-0.129	0.123	1.000	-0.022	0.113	-0.100
0.192	-0.129	0.123	1.000	-0.022	0.113	-0.100
0.192	-0.129	0.123	1.000	-0.022	0.113	-0.100
0.183	-0.133	0.111	0.125	-0.021	0.112	-0.100
0.174	-0.137	0.100	0.250	-0.020	0.111	-0.100
0.165	-0.140	0.089	0.375	-0.018	0.111	-0.100
0.156	-0.143	0.078	0.500	-0.017	0.110	-0.100
0.146	-0.146	0.068	0.625	-0.016	0.109	-0.100
0.136	-0.149	0.057	0.750	-0.015	0.109	-0.100
0.127	-0.152	0.047	0.875	-0.014	0.108	-0.100
0.117	-0.155	0.037	1.000	-0.013	0.107	-0.100
0.107	-0.157	0.028	1.125	-0.011	0.107	-0.100
0.096	-0.159	0.018	1.250	-0.010	0.106	-0.100
0.086	-0.162	0.009	1.375	-0.009	0.105	-0.100
0.075	-0.164	0.000	1.500	-0.008	0.105	-0.100
0.065	-0.166	-0.009	1.625	-0.007	0.104	-0.100
0.054	-0.168	-0.017	1.750	-0.006	0.103	-0.100
0.043	-0.170	-0.025	1.875	-0.004	0.103	-0.100
0.032	-0.171	-0.033	2.000	-0.003	0.102	-0.100
0.020	-0.173	-0.041	2.125	-0.002	0.101	-0.100
0.009	-0.174	-0.049	2.250	-0.001	0.101	-0.100
-0.003	-0.176	-0.056	2.375	0.000	0.100	-0.100
-0.015	-0.177	-0.064	2.500	0.001	0.099	-0.100
-0.027	-0.178	-0.071	2.625	0.003	0.098	-0.100
-0.039	-0.179	-0.077	2.750	0.004	0.098	-0.100
-0.051	-0.180	-0.084	2.875	0.005	0.097	-0.100
-0.063	-0.181	-0.090	3.000	0.006	0.096	-0.100
-0.076	-0.182	-0.096	3.125	0.007	0.096	-0.100
-0.089	-0.183	-0.102	3.250	0.008	0.095	-0.100
-0.102	-0.184	-0.108	3.375	0.010	0.094	-0.100
-0.115	-0.185	-0.114	3.500	0.011	0.094	-0.100
-0.128	-0.185	-0.119	3.625	0.012	0.093	-0.100
-0.141	-0.186	-0.124	3.750	0.013	0.092	-0.100
-0.155	-0.186	-0.129	3.875	0.014	0.092	-0.100
-0.168	-0.187	-0.134	4.000	0.015	0.091	-0.100
-0.182	-0.187	-0.138	4.125	0.017	0.090	-0.100
-0.196	-0.187	-0.142	4.250	0.018	0.090	-0.100
-0.210	-0.188	-0.147	4.375	0.019	0.089	-0.100
-0.224	-0.188	-0.150	4.500	0.020	0.088	-0.100
-0.239	-0.188	-0.154	4.625	0.021	0.088	-0.100
-0.253	-0.188	-0.158	4.750	0.022	0.087	-0.100
-0.268	-0.189	-0.161	4.875	0.024	0.086	-0.100
-0.282	-0.189	-0.164	5.000	0.025	0.086	-0.100
-0.297	-0.189	-0.167	5.125	0.026	0.085	-0.100
-0.312	-0.189	-0.170	5.250	0.027	0.084	-0.100
-0.327	-0.189	-0.172	5.375	0.028	0.084	-0.100
-0.342	-0.189	-0.175	5.500	0.030	0.083	-0.100
-0.357	-0.189	-0.177	5.625	0.031	0.082	-0.100
-0.372	-0.189	-0.179	5.750	0.032	0.082	-0.100
-0.387	-0.189	-0.181	5.875	0.033	0.081	-0.100
-0.403	-0.189	-0.182	6.000	0.034	0.080	-0.100
-0.418	-0.189	-0.183	6.125	0.035	0.080	-0.100
-0.434	-0.189	-0.185	6.250	0.037	0.079	-0.100
-0.449	-0.189	-0.186	6.375	0.038	0.078	-0.100
-0.465	-0.189	-0.187	6.500	0.039	0.078	-0.100
