0	-0.002	-0.905	0.005
1	-0.002	-0.903	0.001
1	-0.002	-0.904	0.001
1	-0.002	-0.904	0.001
1	-0.003	-0.904	0.001
1	-0.003	-0.905	0.001
1	-0.003	-0.905	0.001
0	-0.002	-0.913	0.008
1	-0.002	-0.916	0.002
1	-0.002	-0.916	0.002
1	-0.002	-0.917	0.001
1	-0.002	-0.917	0.001
1	-0.001	-0.918	0.001
1	-0.000	-0.917	0.001
1	-0.000	-0.917	0.001
1	0.000	-0.916	0.001
1	0.002	-0.917	0.001
1	0.002	-0.918	0.001
1	0.002	-0.916	0.001
1	0.002	-0.916	0.001
1	0.002	-0.917	0.001
1	0.002	-0.916	0.001
1	0.003	-0.917	0.001
1	0.003	-0.916	0.001
1	0.003	-0.916	0.001
1	0.003	-0.917	0.001
1	0.003	-0.916	0.001
1	0.004	-0.916	0.001
1	0.004	-0.915	0.001
1	0.004	-0.914	0.001
1	0.004	-0.915	0.001
1	0.005	-0.915	0.001
1	0.005	-0.915	0.001
1	0.005	-0.916	0.001
1	0.005	-0.913	0.003
0	0.005	-0.906	0.006
0	0.004	-0.899	0.009
0	0.004	-0.892	0.011
0	0.004	-0.888	0.012
0	0.004	-0.881	0.014
0	0.004	-0.879	0.014
0	0.004	-0.870	0.016
0	0.004	-0.868	0.016
0	0.004	-0.859	0.017
0	0.004	-0.857	0.018
0	0.005	-0.849	0.018
0	0.005	-0.846	0.019
0	0.005	-0.840	0.019
0	0.005	-0.824	0.019
0	0.006	-0.806	0.018
0	0.006	-0.792	0.017
0	0.008	-0.782	0.016
0	0.008	-0.769	0.013
0	0.008	-0.762	0.011
0	0.009	-0.756	0.009
0	0.010	-0.751	0.007
0	0.010	-0.749	0.007
0	0.010	-0.746	0.006
0	0.010	-0.742	0.005
1	0.010	-0.739	0.003
1	0.011	-0.737	0.002
1	0.011	-0.737	0.002
1	0.010	-0.737	0.002
1	0.011	-0.738	0.001
1	0.011	-0.739	0.001
1	0.012	-0.738	0.001
1	0.012	-0.739	0.001
1	0.012	-0.738	0.001
1	0.012	-0.738	0.001
1	0.011	-0.738	0.001
1	0.012	-0.739	0.001
1	0.012	-0.738	0.001
1	0.012	-0.739	0.001
1	0.012	-0.739	0.001
1	0.012	-0.739	0.001
1	0.012	-0.738	0.001
1	0.013	-0.739	0.001
1	0.013	-0.739	0.001
1	0.013	-0.739	0.001
1	0.013	-0.739	0.001
1	0.014	-0.738	0.001
1	0.014	-0.738	0.001
1	0.014	-0.738	0.001
1	0.014	-0.738	0.001
1	0.014	-0.737	0.001
1	0.014	-0.737	0.001
1	0.015	-0.736	0.001
1	0.015	-0.738	0.001
1	0.015	-0.737	0.001
1	0.015	-0.736	0.001
1	0.015	-0.735	0.001
1	0.015	-0.739	0.001
1	0.015	-0.739	0.001
1	0.016	-0.736	0.003
1	0.015	-0.734	0.003
1	0.015	-0.732	0.003
1	0.015	-0.731	0.003
0	0.016	-0.716	0.011
0	0.016	-0.712	0.012
0	0.017	-0.705	0.014
0	0.017	-0.699	0.014
0	0.017	-0.685	0.017
0	0.018	-0.678	0.018
0	0.018	-0.676	0.018
0	0.018	-0.668	0.019
0	0.018	-0.665	0.019
0	0.018	-0.656	0.019
0	0.019	-0.649	0.019
0	0.019	-0.647	0.019
0	0.019	-0.641	0.019
0	0.019	-0.632	0.018
0	0.020	-0.628	0.018
0	0.020	-0.624	0.018
0	0.021	-0.610	0.016
0	0.022	-0.600	0.014
0	0.022	-0.588	0.011
0	0.024	-0.582	0.009
0	0.023	-0.578	0.007
0	0.023	-0.574	0.007
0	0.023	-0.570	0.004
0	0.024	-0.568	0.004
1	0.024	-0.565	0.003
1	0.025	-0.562	0.002
1	0.024	-0.562	0.002
1	0.024	-0.563	0.002
1	0.024	-0.563	0.002
1	0.024	-0.565	0.001
1	0.024	-0.567	0.001
1	0.023	-0.565	0.001
1	0.023	-0.565	0.001
1	0.022	-0.564	0.001
1	0.021	-0.567	0.001
1	0.022	-0.569	0.001
1	0.023	-0.567	0.001
1	0.024	-0.567	0.001
1	0.024	-0.567	0.001
1	0.024	-0.569	0.001
1	0.023	-0.568	0.001
1	0.023	-0.566	0.001
1	0.023	-0.569	0.001
1	0.023	-0.568	0.001
1	0.023	-0.567	0.001
1	0.023	-0.568	0.001
1	0.023	-0.569	0.001
1	0.023	-0.570	0.001
1	0.023	-0.568	0.001
1	0.023	-0.570	0.001
1	0.023	-0.568	0.001
1	0.024	-0.568	0.001
1	0.025	-0.572	0.001
1	0.023	-0.569	0.001
1	0.022	-0.569	0.001
1	0.022	-0.570	0.001
1	0.022	-0.570	0.001
1	0.022	-0.569	0.001
1	0.022	-0.567	0.003
0	0.023	-0.564	0.005
0	0.023	-0.561	0.006
0	0.023	-0.558	0.008
0	0.023	-0.551	0.011
0	0.024	-0.549	0.011
0	0.024	-0.543	0.013
0	0.024	-0.538	0.014
0	0.025	-0.528	0.016
0	0.025	-0.525	0.016
0	0.025	-0.523	0.016
0	0.026	-0.488	0.019
0	0.027	-0.476	0.019
0	0.027	-0.463	0.018
0	0.028	-0.447	0.017
0	0.028	-0.436	0.015
0	0.029	-0.433	0.015
0	0.029	-0.424	0.012
0	0.029	-0.421	0.011
0	0.030	-0.411	0.008
0	0.030	-0.408	0.007
0	0.030	-0.403	0.005
1	0.030	-0.401	0.003
1	0.031	-0.398	0.002
1	0.031	-0.396	0.002
1	0.030	-0.396	0.002
1	0.031	-0.397	0.002
1	0.031	-0.397	0.001
1	0.031	-0.397	0.001
1	0.031	-0.398	0.001
1	0.031	-0.397	0.001
1	0.031	-0.396	0.001
1	0.031	-0.396	0.001
1	0.032	-0.398	0.001
1	0.032	-0.397	0.001
1	0.032	-0.396	0.001
1	0.032	-0.398	0.001
1	0.032	-0.397	0.001
1	0.033	-0.398	0.001
1	0.033	-0.398	0.001
1	0.033	-0.397	0.001
1	0.034	-0.398	0.001
1	0.034	-0.398	0.001
1	0.034	-0.399	0.001
1	0.034	-0.399	0.001
1	0.034	-0.398	0.001
1	0.035	-0.398	0.001
1	0.035	-0.397	0.001
1	0.035	-0.397	0.001
1	0.035	-0.398	0.001
1	0.036	-0.399	0.001
1	0.036	-0.399	0.001
1	0.035	-0.395	0.002
0	0.035	-0.389	0.006
0	0.036	-0.382	0.009
0	0.036	-0.380	0.009
0	0.036	-0.378	0.010
0	0.037	-0.376	0.011
0	0.037	-0.374	0.011
0	0.034	-0.370	0.011
0	0.036	-0.351	0.016
0	0.036	-0.340	0.018
0	0.036	-0.336	0.018
0	0.037	-0.328	0.019
0	0.037	-0.316	0.019
0	0.037	-0.313	0.019
0	0.037	-0.311	0.019
0	0.037	-0.288	0.018
0	0.039	-0.286	0.018
0	0.040	-0.284	0.018
0	0.041	-0.268	0.015
0	0.041	-0.258	0.013
0	0.039	-0.250	0.012
0	0.039	-0.248	0.011
0	0.040	-0.244	0.010
0	0.040	-0.236	0.007
0	0.040	-0.232	0.004
1	0.041	-0.228	0.003
1	0.041	-0.226	0.002
1	0.041	-0.224	0.002
1	0.041	-0.223	0.002
1	0.041	-0.225	0.002
1	0.041	-0.225	0.002
1	0.041	-0.225	0.001
1	0.041	-0.226	0.001
1	0.041	-0.226	0.001
1	0.041	-0.225	0.001
1	0.042	-0.226	0.001
1	0.042	-0.225	0.001
1	0.041	-0.224	0.001
1	0.041	-0.223	0.001
1	0.040	-0.221	0.001
1	0.040	-0.218	0.001
1	0.039	-0.227	0.001
1	0.039	-0.227	0.001
1	0.039	-0.227	0.001
1	0.039	-0.229	0.001
1	0.038	-0.228	0.001
1	0.038	-0.227	0.001
1	0.038	-0.227	0.001
1	0.038	-0.227	0.001
1	0.036	-0.233	0.001
1	0.036	-0.231	0.001
1	0.036	-0.229	0.001
1	0.036	-0.230	0.001
1	0.036	-0.230	0.001
1	0.036	-0.229	0.001
1	0.036	-0.229	0.001
1	0.035	-0.230	0.001
1	0.035	-0.229	0.001
1	0.035	-0.230	0.001
1	0.035	-0.230	0.001
1	0.035	-0.231	0.002
1	0.035	-0.230	0.002
0	0.035	-0.224	0.006
0	0.036	-0.220	0.007
0	0.035	-0.217	0.008
0	0.036	-0.213	0.009
0	0.036	-0.209	0.009
0	0.035	-0.203	0.009
0	0.035	-0.163	0.019
0	0.035	-0.135	0.019
0	0.035	-0.118	0.018
0	0.034	-0.115	0.018
0	0.035	-0.113	0.018
0	0.034	-0.093	0.013
0	0.034	-0.088	0.013
0	0.034	-0.087	0.012
0	0.034	-0.080	0.007
0	0.034	-0.073	0.008
0	0.035	-0.068	0.007
0	0.036	-0.066	0.007
1	0.036	-0.063	0.002
1	0.037	-0.061	0.002
1	0.037	-0.062	0.002
1	0.038	-0.065	0.001
1	0.038	-0.065	0.001
1	0.038	-0.064	0.001
1	0.038	-0.063	0.001
1	0.037	-0.064	0.001
1	0.037	-0.065	0.001
1	0.038	-0.064	0.001
1	0.038	-0.063	0.001
1	0.037	-0.066	0.001
1	0.037	-0.065	0.001
1	0.037	-0.065	0.001
1	0.037	-0.063	0.001
1	0.036	-0.063	0.001
1	0.037	-0.062	0.001
1	0.037	-0.067	0.001
1	0.035	-0.066	0.001
1	0.035	-0.065	0.001
1	0.035	-0.067	0.001
1	0.035	-0.066	0.001
1	0.035	-0.065	0.001
1	0.035	-0.064	0.001
1	0.035	-0.064	0.001
1	0.035	-0.062	0.001
1	0.036	-0.064	0.001
1	0.036	-0.064	0.001
1	0.035	-0.065	0.001
1	0.035	-0.063	0.001
1	0.035	-0.062	0.001
1	0.035	-0.063	0.003
0	0.035	-0.060	0.005
0	0.035	-0.054	0.006
0	0.034	-0.049	0.009
0	0.034	-0.046	0.009
0	0.034	-0.040	0.012
0	0.034	-0.036	0.013
0	0.033	-0.034	0.013
0	0.034	-0.027	0.015
0	0.033	-0.023	0.015
0	0.033	-0.022	0.015
0	0.033	-0.021	0.015
0	0.030	-0.003	0.018
0	0.032	0.010	0.019
0	0.032	0.023	0.019
0	0.031	0.032	0.019
0	0.031	0.038	0.019
0	0.031	0.043	0.018
0	0.031	0.046	0.018
0	0.031	0.051	0.018
0	0.030	0.057	0.017
0	0.031	0.065	0.016
0	0.030	0.071	0.015
0	0.030	0.077	0.014
0	0.030	0.079	0.013
0	0.030	0.086	0.011
0	0.030	0.088	0.011
0	0.030	0.095	0.009
0	0.030	0.099	0.007
0	0.030	0.103	0.007
0	0.030	0.108	0.004
0	0.029	0.113	0.004
1	0.029	0.115	0.004
1	0.029	0.116	0.002
1	0.029	0.116	0.002
1	0.029	0.116	0.002
1	0.029	0.116	0.002
1	0.028	0.116	0.002
1	0.028	0.116	0.002
1	0.028	0.116	0.002
1	0.028	0.116	0.002
1	0.028	0.116	0.002
1	0.028	0.116	0.002
1	0.028	0.116	0.002
1	0.027	0.116	0.002
1	0.027	0.116	0.002
1	0.027	0.116	0.002
1	0.027	0.116	0.002
1	0.027	0.116	0.002
1	0.027	0.115	0.002
1	0.026	0.111	0.001
1	0.025	0.114	0.001
1	0.026	0.112	0.001
1	0.025	0.113	0.001
1	0.025	0.113	0.001
1	0.026	0.107	0.001
1	0.026	0.111	0.001
1	0.027	0.114	0.001
1	0.026	0.108	0.001
1	0.023	0.109	0.001
1	0.023	0.109	0.001
1	0.022	0.111	0.001
1	0.021	0.113	0.001
1	0.021	0.114	0.001
1	0.021	0.116	0.001
1	0.021	0.116	0.001
1	0.020	0.116	0.001
1	0.021	0.101	0.001
1	0.021	0.099	0.001
1	0.021	0.100	0.001
1	0.020	0.100	0.001
1	0.020	0.100	0.001
1	0.020	0.100	0.001
1	0.020	0.100	0.001
1	0.020	0.100	0.001
1	0.020	0.100	0.001
1	0.020	0.100	0.001
1	0.020	0.100	0.001
1	0.020	0.100	0.001
1	0.020	0.100	0.001
1	0.020	0.100	0.001
1	0.020	0.100	0.001
1	0.020	0.100	0.001
1	0.020	0.100	0.001
1	0.020	0.100	0.001
1	0.020	0.100	0.001
1	0.020	0.100	0.001
1	0.019	0.100	0.002
0	0.018	0.104	0.005
0	0.019	0.108	0.005
0	0.019	0.114	0.008
0	0.020	0.121	0.010
0	0.020	0.123	0.011
0	0.018	0.127	0.011
0	0.019	0.131	0.011
0	0.020	0.135	0.011
0	0.020	0.162	0.017
0	0.019	0.173	0.019
0	0.020	0.176	0.019
0	0.020	0.179	0.019
0	0.020	0.183	0.019
0	0.020	0.203	0.018
0	0.019	0.211	0.018
0	0.017	0.220	0.017
0	0.018	0.225	0.017
0	0.018	0.230	0.017
0	0.018	0.244	0.013
0	0.018	0.252	0.010
0	0.017	0.255	0.010
1	0.018	0.270	0.003
1	0.019	0.276	0.002
1	0.019	0.277	0.002
1	0.020	0.277	0.002
1	0.019	0.277	0.002
1	0.019	0.277	0.002
1	0.019	0.277	0.002
1	0.019	0.277	0.002
1	0.019	0.277	0.002
1	0.019	0.277	0.002
1	0.019	0.276	0.002
1	0.019	0.276	0.002
1	0.019	0.276	0.002
1	0.019	0.276	0.002
1	0.019	0.276	0.002
1	0.019	0.276	0.002
1	0.019	0.276	0.002
1	0.020	0.276	0.002
1	0.019	0.273	0.001
1	0.019	0.274	0.001
1	0.018	0.273	0.001
1	0.018	0.274	0.001
1	0.017	0.273	0.001
1	0.017	0.273	0.001
1	0.017	0.273	0.001
1	0.017	0.270	0.001
1	0.017	0.271	0.001
1	0.019	0.272	0.001
1	0.020	0.273	0.001
1	0.021	0.267	0.001
1	0.018	0.266	0.001
1	0.018	0.269	0.001
1	0.019	0.272	0.001
1	0.019	0.273	0.001
1	0.019	0.273	0.001
1	0.019	0.273	0.001
1	0.019	0.274	0.001
1	0.018	0.273	0.001
1	0.018	0.272	0.001
1	0.018	0.273	0.001
1	0.018	0.274	0.001
1	0.019	0.275	0.001
1	0.018	0.274	0.001
1	0.018	0.275	0.001
1	0.018	0.276	0.001
1	0.018	0.274	0.001
1	0.018	0.275	0.001
1	0.018	0.274	0.001
1	0.018	0.274	0.001
1	0.018	0.274	0.001
1	0.018	0.274	0.001
1	0.018	0.274	0.001
1	0.018	0.274	0.001
1	0.018	0.274	0.001
1	0.018	0.274	0.001
1	0.018	0.274	0.001
1	0.018	0.274	0.001
1	0.018	0.274	0.001
1	0.018	0.274	0.001
1	0.018	0.274	0.001
1	0.018	0.274	0.001
1	0.018	0.274	0.001
1	0.018	0.275	0.001
0	0.020	0.285	0.009
0	0.021	0.289	0.010
0	0.021	0.292	0.010
0	0.022	0.293	0.009
0	0.022	0.294	0.009
0	0.022	0.297	0.010
0	0.022	0.299	0.009
0	0.019	0.354	0.017
0	0.018	0.369	0.019
0	0.021	0.393	0.013
0	0.024	0.403	0.009
0	0.020	0.411	0.007
1	0.019	0.419	0.003
1	0.019	0.423	0.002
1	0.020	0.424	0.002
1	0.020	0.425	0.002
1	0.020	0.424	0.002
1	0.020	0.424	0.002
1	0.020	0.424	0.002
1	0.020	0.425	0.002
1	0.020	0.425	0.002
1	0.020	0.425	0.002
1	0.020	0.425	0.002
1	0.020	0.425	0.002
1	0.020	0.425	0.002
1	0.020	0.425	0.002
1	0.020	0.425	0.002
1	0.020	0.425	0.002
1	0.020	0.425	0.002
1	0.020	0.424	0.002
1	0.019	0.425	0.002
1	0.019	0.425	0.002
1	0.020	0.424	0.002
1	0.019	0.425	0.002
1	0.020	0.423	0.001
1	0.020	0.425	0.001
1	0.021	0.422	0.001
1	0.020	0.423	0.001
1	0.019	0.423	0.001
1	0.019	0.419	0.001
1	0.019	0.420	0.001
1	0.019	0.421	0.001
1	0.019	0.419	0.001
1	0.018	0.420	0.001
1	0.018	0.420	0.001
1	0.018	0.420	0.001
1	0.018	0.420	0.001
1	0.017	0.420	0.001
1	0.018	0.420	0.001
1	0.018	0.419	0.001
1	0.017	0.423	0.001
1	0.016	0.418	0.001
1	0.016	0.419	0.001
1	0.017	0.421	0.001
1	0.017	0.419	0.001
1	0.017	0.419	0.001
1	0.017	0.420	0.001
1	0.017	0.420	0.001
1	0.017	0.420	0.001
1	0.017	0.420	0.001
1	0.018	0.421	0.001
1	0.018	0.420	0.001
1	0.017	0.420	0.001
1	0.017	0.419	0.001
1	0.017	0.419	0.001
1	0.018	0.419	0.001
1	0.018	0.419	0.001
1	0.018	0.419	0.001
1	0.018	0.419	0.001
1	0.018	0.419	0.001
1	0.019	0.419	0.001
1	0.019	0.418	0.001
1	0.019	0.418	0.001
1	0.019	0.418	0.001
1	0.019	0.418	0.001
1	0.019	0.418	0.001
1	0.019	0.418	0.001
1	0.019	0.417	0.001
1	0.019	0.417	0.001
1	0.019	0.417	0.001
1	0.019	0.417	0.001
1	0.018	0.421	0.002
0	0.018	0.429	0.006
0	0.018	0.435	0.009
0	0.018	0.437	0.009
0	0.017	0.444	0.012
0	0.017	0.449	0.013
0	0.017	0.461	0.016
0	0.016	0.466	0.016
0	0.016	0.474	0.017
0	0.016	0.490	0.019
0	0.016	0.497	0.019
0	0.016	0.499	0.019
0	0.015	0.504	0.019
0	0.015	0.509	0.019
0	0.015	0.512	0.019
0	0.014	0.534	0.017
0	0.015	0.542	0.017
0	0.014	0.544	0.017
0	0.014	0.547	0.017
0	0.014	0.549	0.017
0	0.014	0.569	0.011
0	0.014	0.577	0.009
0	0.015	0.584	0.007
1	0.014	0.589	0.003
1	0.013	0.593	0.002
1	0.013	0.594	0.002
1	0.014	0.595	0.002
1	0.014	0.595	0.002
1	0.014	0.595	0.002
1	0.014	0.595	0.002
1	0.014	0.595	0.002
1	0.014	0.595	0.002
1	0.014	0.595	0.002
1	0.014	0.595	0.002
1	0.014	0.595	0.002
1	0.015	0.595	0.002
1	0.015	0.596	0.002
1	0.015	0.596	0.002
1	0.015	0.596	0.002
1	0.015	0.596	0.002
1	0.015	0.596	0.002
1	0.015	0.594	0.002
1	0.015	0.595	0.002
1	0.015	0.596	0.002
1	0.015	0.593	0.001
1	0.015	0.594	0.001
1	0.015	0.593	0.001
1	0.015	0.593	0.001
1	0.014	0.595	0.001
1	0.013	0.596	0.001
1	0.013	0.590	0.001
1	0.013	0.590	0.001
1	0.013	0.591	0.001
1	0.014	0.591	0.001
1	0.013	0.588	0.001
1	0.013	0.588	0.001
1	0.014	0.589	0.001
1	0.014	0.590	0.001
1	0.014	0.590	0.001
1	0.015	0.589	0.001
1	0.014	0.590	0.001
1	0.014	0.591	0.001
1	0.014	0.587	0.001
1	0.014	0.588	0.001
1	0.014	0.587	0.001
1	0.015	0.590	0.001
1	0.013	0.589	0.001
1	0.013	0.587	0.001
1	0.014	0.580	0.001
1	0.015	0.581	0.001
1	0.015	0.581	0.001
1	0.015	0.581	0.001
1	0.015	0.581	0.001
1	0.016	0.581	0.001
1	0.016	0.580	0.001
1	0.016	0.580	0.001
1	0.016	0.580	0.001
1	0.016	0.580	0.001
1	0.016	0.580	0.001
1	0.017	0.580	0.001
1	0.017	0.580	0.001
1	0.017	0.580	0.001
1	0.017	0.580	0.001
1	0.017	0.579	0.001
1	0.017	0.580	0.001
1	0.017	0.581	0.002
1	0.017	0.583	0.003
0	0.017	0.587	0.006
0	0.017	0.588	0.006
0	0.020	0.603	0.013
0	0.018	0.619	0.015
0	0.018	0.624	0.016
0	0.018	0.629	0.017
0	0.018	0.642	0.018
0	0.018	0.650	0.019
0	0.018	0.654	0.019
0	0.018	0.660	0.019
0	0.017	0.675	0.019
0	0.017	0.681	0.019
0	0.017	0.684	0.019
0	0.017	0.693	0.018
0	0.016	0.698	0.017
0	0.015	0.701	0.017
0	0.014	0.705	0.016
0	0.015	0.719	0.014
0	0.015	0.731	0.011
0	0.015	0.738	0.009
0	0.014	0.744	0.006
1	0.013	0.752	0.003
1	0.013	0.757	0.002
1	0.013	0.758	0.002
1	0.012	0.758	0.002
1	0.012	0.758	0.002
1	0.012	0.758	0.002
1	0.012	0.758	0.002
1	0.012	0.758	0.002
1	0.012	0.758	0.002
1	0.012	0.758	0.002
1	0.012	0.758	0.002
1	0.012	0.758	0.002
1	0.012	0.758	0.002
1	0.012	0.758	0.002
1	0.012	0.758	0.002
1	0.012	0.758	0.002
1	0.012	0.758	0.002
1	0.012	0.758	0.002
1	0.012	0.758	0.002
1	0.013	0.757	0.001
1	0.013	0.757	0.001
1	0.013	0.758	0.001
1	0.013	0.759	0.001
1	0.014	0.756	0.001
1	0.014	0.753	0.001
1	0.015	0.753	0.001
1	0.016	0.754	0.001
1	0.015	0.754	0.001
1	0.015	0.756	0.001
1	0.014	0.756	0.001
1	0.016	0.757	0.001
1	0.015	0.759	0.001
1	0.014	0.761	0.001
1	0.012	0.763	0.001
1	0.014	0.746	0.001
1	0.014	0.748	0.001
1	0.013	0.748	0.001
1	0.012	0.748	0.001
1	0.013	0.748	0.001
1	0.013	0.748	0.001
1	0.013	0.748	0.001
1	0.014	0.748	0.001
1	0.014	0.747	0.001
1	0.014	0.747	0.001
1	0.014	0.747	0.001
1	0.015	0.747	0.001
1	0.015	0.747	0.001
1	0.015	0.747	0.001
1	0.015	0.746	0.001
1	0.015	0.746	0.001
1	0.016	0.746	0.001
1	0.016	0.746	0.001
1	0.016	0.746	0.001
1	0.016	0.746	0.001
1	0.016	0.748	0.002
1	0.016	0.751	0.004
0	0.017	0.760	0.008
0	0.016	0.765	0.010
0	0.016	0.770	0.012
0	0.016	0.772	0.012
0	0.017	0.784	0.015
0	0.016	0.790	0.016
0	0.017	0.795	0.016
0	0.017	0.804	0.018
0	0.017	0.810	0.018
0	0.016	0.819	0.019
0	0.016	0.822	0.019
0	0.016	0.829	0.019
0	0.017	0.839	0.019
0	0.017	0.845	0.019
0	0.017	0.852	0.018
0	0.016	0.854	0.018
0	0.017	0.858	0.018
0	0.017	0.877	0.014
0	0.016	0.884	0.013
0	0.016	0.888	0.012
0	0.017	0.889	0.012
0	0.017	0.890	0.012
1	0.018	0.903	0.003
1	0.026	0.910	0.002
1	0.026	0.911	0.002
1	0.025	0.912	0.002
1	0.024	0.913	0.002
1	0.024	0.914	0.002
1	0.024	0.914	0.002
1	0.024	0.914	0.002
1	0.024	0.914	0.002
1	0.024	0.914	0.002
1	0.024	0.914	0.002
1	0.024	0.914	0.002
1	0.024	0.914	0.002
1	0.024	0.914	0.002
1	0.024	0.914	0.002
1	0.024	0.913	0.002
1	0.024	0.913	0.002
1	0.024	0.911	0.002
1	0.023	0.910	0.001
1	0.024	0.910	0.001
1	0.024	0.910	0.001
1	0.024	0.910	0.001
1	0.023	0.911	0.001
1	0.022	0.912	0.001
1	0.022	0.907	0.001
1	0.021	0.907	0.001
1	0.021	0.907	0.001
1	0.020	0.908	0.001
1	0.021	0.911	0.001
1	0.021	0.906	0.001
1	0.021	0.908	0.001
1	0.022	0.906	0.001
