0.30772775411606	-0.12024821341038	-0.10562546551228	0.20785570144653	-0.084394581615925	0.14884166419506	-0.0079701170325279	-0.028845297172666	0.085142329335213	-0.10060395300388
0.33970764279366	-0.13365849852562	-0.11696974188089	0.20803011953831	-0.0826595723629	0.14956331253052	-0.002515681553632	-0.031143205240369	0.084425941109657	-0.099804639816284
0.34308660030365	-0.1350927054882	-0.11818691343069	0.20807261765003	-0.082413226366043	0.14977943897247	-0.0033276961185038	-0.031343106180429	0.08433997631073	-0.099693924188614
0.34343305230141	-0.13528554141521	-0.11831764131784	0.20804800093174	-0.082441508769989	0.14976207911968	-0.0033609934616834	-0.031351160258055	0.084342405200005	-0.099667116999626
0.34346932172775	-0.1353669911623	-0.11833169311285	0.20805855095387	-0.082448780536652	0.14978086948395	-0.0033559768926352	-0.031356863677502	0.084355637431145	-0.099651426076889
0.34347432851791	-0.13534538447857	-0.11833325773478	0.20804746448994	-0.08245126157999	0.14977395534515	-0.0033557680435479	-0.03135558962822	0.084350034594536	-0.099656581878662
0.34347122907639	-0.13530679047108	-0.11833333224058	0.20803494751453	-0.082449771463871	0.14977240562439	-0.0033594749402255	-0.031353872269392	0.084342509508133	-0.099658772349358
0.34347602725029	-0.13532309234142	-0.11833338439465	0.20803335309029	-0.08245412260294	0.1497710198164	-0.0033491658978164	-0.031355008482933	0.08434534072876	-0.099659189581871
0.34348142147064	-0.13534180819988	-0.11833330243826	0.20803387463093	-0.082456171512604	0.14977645874023	-0.003359776455909	-0.031357642263174	0.084348991513252	-0.099655374884605
0.34347561001778	-0.13533517718315	-0.11833329498768	0.20802652835846	-0.082459360361099	0.14977389574051	-0.0033542502205819	-0.031357362866402	0.084347650408745	-0.09965592622757
0.34347832202911	-0.1353403031826	-0.11833330988884	0.20802435278893	-0.082461647689342	0.14977520704269	-0.0033583485055715	-0.03135758638382	0.084348812699318	-0.099655777215958
0.34347283840179	-0.13535843789577	-0.11833326518536	0.2080235183239	-0.082467794418335	0.14977759122849	-0.0033523079473525	-0.031356461346149	0.084352970123291	-0.099653959274292
0.34348264336586	-0.13532023131847	-0.11833322048187	0.20801056921482	-0.082466773688793	0.14977243542671	-0.0033584944903851	-0.031357686966658	0.084344282746315	-0.099657818675041
0.34347838163376	-0.13533285260201	-0.11833330243826	0.20800533890724	-0.082472033798695	0.14977294206619	-0.0033501442521811	-0.031356491148472	0.084347143769264	-0.099657222628593
0.3434784412384	-0.13537979125977	-0.11833330243826	0.20801104605198	-0.082475885748863	0.14978447556496	-0.0033641897607595	-0.031360778957605	0.084356218576431	-0.099650979042053
0.34348288178444	-0.13534289598465	-0.11833319067955	0.20799666643143	-0.082478284835815	0.14977630972862	-0.003350431099534	-0.031359177082777	0.084349125623703	-0.099654123187065
0.34348025918007	-0.13533435761929	-0.11833325028419	0.20799145102501	-0.082482799887657	0.14977413415909	-0.0033542264718562	-0.031357459723949	0.084347605705261	-0.099655836820602
0.34347787499428	-0.13531200587749	-0.11833330243826	0.20798397064209	-0.082485847175121	0.14977136254311	-0.0033573950640857	-0.031355004757643	0.084343209862709	-0.099659442901611
0.34348097443581	-0.13533698022366	-0.11833333224058	0.20798514783382	-0.082489170134068	0.14977470040321	-0.0033574248664081	-0.031357735395432	0.084348157048225	-0.099655136466026
0.34348079562187	-0.13533136248589	-0.11833330243826	0.20797768235207	-0.082495339214802	0.14977452158928	-0.0033553291577846	-0.031358022242785	0.084346547722816	-0.099657237529755
0.34348246455193	-0.13540764153004	-0.11833335459232	0.20798867940903	-0.082503005862236	0.14978784322739	-0.003355625551194	-0.031361788511276	0.084362357854843	-0.099647149443626
0.34347984194756	-0.13534662127495	-0.11833336949348	0.20796927809715	-0.082504108548164	0.14977496862411	-0.0033539719879627	-0.031358640640974	0.084349617362022	-0.099656611680984
0.34347835183144	-0.13531243801117	-0.11833334714174	0.20795744657516	-0.082506075501442	0.14977070689201	-0.003354225307703	-0.031354714184999	0.084343254566193	-0.099659845232964
0.34348008036613	-0.13533240556717	-0.11833335459232	0.20795667171478	-0.082507766783237	0.14977271854877	-0.0033559582661837	-0.031356334686279	0.084347099065781	-0.099657624959946
0.34347015619278	-0.13534452021122	-0.11833334714174	0.20795179903507	-0.082515634596348	0.14977446198463	-0.0033571771346033	-0.031353231519461	0.084350600838661	-0.099656030535698
0.34347581863403	-0.1353343129158	-0.11833339929581	0.2079451829195	-0.082513220608234	0.14977440237999	-0.0033592651598155	-0.031356293708086	0.08434733748436	-0.099657624959946
0.34347653388977	-0.13532182574272	-0.11833337694407	0.20793773233891	-0.08251641690731	0.14977094531059	-0.0033530392684042	-0.031353827565908	0.084345325827599	-0.099659442901611
0.34347900748253	-0.13534751534462	-0.11833330988884	0.20794077217579	-0.082517929375172	0.14977729320526	-0.0033591850660741	-0.031357750296593	0.084350407123566	-0.099654093384743
0.34347274899483	-0.13535143435001	-0.11833344399929	0.20793551206589	-0.082524098455906	0.14977505803108	-0.0033531100489199	-0.031354561448097	0.084351748228073	-0.099654987454414
0.34347727894783	-0.13534817099571	-0.11833342164755	0.20793078839779	-0.082526579499245	0.14977622032166	-0.0033548448700458	-0.031356003135443	0.08435070514679	-0.099654942750931
0.34347224235535	-0.13536527752876	-0.11833332479	0.20793133974075	-0.082528807222843	0.14978098869324	-0.003359490307048	-0.031357191503048	0.084354192018509	-0.099653303623199
0.34347322583199	-0.13535559177399	-0.11833330243826	0.20792344212532	-0.082533501088619	0.14977556467056	-0.0033496557734907	-0.031354684382677	0.084352716803551	-0.099654674530029
0.34347036480904	-0.13534946739674	-0.11833330243826	0.2079191505909	-0.082536421716213	0.14977726340294	-0.0033595412969589	-0.031355377286673	0.08435133099556	-0.09965480864048
0.34347724914551	-0.13532753288746	-0.11833330988884	0.20790718495846	-0.082540087401867	0.14977322518826	-0.003349183825776	-0.031355265527964	0.084346637129784	-0.099657237529755
0.34348112344742	-0.13531410694122	-0.11833323538303	0.20789939165115	-0.082539767026901	0.1497717499733	-0.0033610719256103	-0.031356830149889	0.084343045949936	-0.099659353494644
0.34347516298294	-0.13532739877701	-0.11833325773478	0.20789769291878	-0.082545407116413	0.14977431297302	-0.0033554644323885	-0.03135509043932	0.08434633910656	-0.099658206105232
0.34347787499428	-0.13534866273403	-0.11833337694407	0.20789927244186	-0.082548543810844	0.14977905154228	-0.0033564581535757	-0.031356889754534	0.084350764751434	-0.099653601646423
0.34347656369209	-0.13532161712646	-0.11833339184523	0.20788902044296	-0.082550309598446	0.14977170526981	-0.0033544909674674	-0.031355045735836	0.084344938397408	-0.09965905547142
0.34347581863403	-0.13534612953663	-0.11833329498768	0.20789028704166	-0.082555748522282	0.14977729320526	-0.0033535598777235	-0.03135646507144	0.084350377321243	-0.09965418279171
0.34348019957542	-0.13536490499973	-0.11833330243826	0.20788979530334	-0.082554206252098	0.14978028833866	-0.003358309622854	-0.031361654400826	0.084352493286133	-0.099653750658035
0.34347951412201	-0.13534319400787	-0.11833330988884	0.20787872374058	-0.082560271024704	0.149778008461	-0.0033537105191499	-0.031357165426016	0.084349796175957	-0.099653422832489
0.34347876906395	-0.13538497686386	-0.11833322793245	0.20788444578648	-0.082562848925591	0.14978641271591	-0.0033524842001498	-0.031360302120447	0.084357962012291	-0.099649116396904
0.34348112344742	-0.13538162410259	-0.11833326518536	0.20787838101387	-0.082564331591129	0.14978383481503	-0.003363624215126	-0.031362295150757	0.084356889128685	-0.099649026989937
0.34347528219223	-0.13534793257713	-0.11833331733942	0.20786547660828	-0.082570180296898	0.14977633953094	-0.0033512723166496	-0.031355582177639	0.084350973367691	-0.099654704332352
0.34348273277283	-0.13537502288818	-0.11833337694407	0.20787389576435	-0.082565635442734	0.14979180693626	-0.00336675462313	-0.031361479312181	0.084355697035789	-0.099649399518967
0.34348404407501	-0.1353052854538	-0.11833337694407	0.20784910023212	-0.082570277154446	0.14977079629898	-0.003346698358655	-0.031357288360596	0.08434085547924	-0.099660351872444
0.34347820281982	-0.13530696928501	-0.11833336949348	0.20784148573875	-0.082577809691429	0.14977040886879	-0.0033543258905411	-0.03135359659791	0.084342285990715	-0.099660038948059
0.3434821665287	-0.13536478579044	-0.11833331733942	0.2078515291214	-0.082576431334019	0.1497850716114	-0.0033619243185967	-0.031361155211926	0.084352850914001	-0.099652215838432
0.34347912669182	-0.13530577719212	-0.11833327263594	0.20782962441444	-0.08258505910635	0.14976978302002	-0.0033486825414002	-0.031352590769529	0.084342524409294	-0.099660247564316
0.34347939491272	-0.13533622026443	-0.11833329498768	0.20783159136772	-0.082588002085686	0.14977350831032	-0.0033545482438058	-0.031356286257505	0.084347635507584	-0.099657401442528
0.34347984194756	-0.13539862632751	-0.11833334714174	0.20784097909927	-0.082595229148865	0.14978721737862	-0.0033583622425795	-0.031361300498247	0.084360837936401	-0.099647834897041
0.34348198771477	-0.13539242744446	-0.11833328008652	0.20783290266991	-0.082602769136429	0.14978721737862	-0.0033581133466214	-0.031362306326628	0.084359034895897	-0.099648788571358
0.34347707033157	-0.13540127873421	-0.11833335459232	0.20783054828644	-0.082608766853809	0.14978590607643	-0.0033530392684042	-0.031361021101475	0.084361538290977	-0.099647670984268
0.34347841143608	-0.1353601962328	-0.11833330988884	0.2078173160553	-0.082611620426178	0.14977818727493	-0.0033569217193872	-0.031357225030661	0.084353551268578	-0.099653586745262
0.3434844315052	-0.13533143699169	-0.11833330988884	0.20780324935913	-0.082611724734306	0.14977416396141	-0.0033536050468683	-0.031357899308205	0.084346607327461	-0.099656820297241
0.34347808361053	-0.13532391190529	-0.11833327263594	0.20779572427273	-0.082615308463573	0.14977395534515	-0.003357179928571	-0.031355302780867	0.084345787763596	-0.09965768456459
0.34347629547119	-0.13534080982208	-0.11833330243826	0.20779447257519	-0.082621470093727	0.14977394044399	-0.0033462166320533	-0.031355414539576	0.084349155426025	-0.09965668618679
0.34347572922707	-0.13536079227924	-0.11833323538303	0.20779639482498	-0.0826246291399	0.14977848529816	-0.0033646586816758	-0.031357701867819	0.084352970123291	-0.099653676152229
0.34347409009933	-0.13535822927952	-0.1183333620429	0.2077911645174	-0.082628637552261	0.14977741241455	-0.0033529880456626	-0.031356107443571	0.084352806210518	-0.099654421210289
0.34347477555275	-0.13538563251495	-0.11833330988884	0.20779404044151	-0.082627303898335	0.1497869938612	-0.0033668801188469	-0.031360704451799	0.084358289837837	-0.099648699164391
0.34347584843636	-0.13535003364086	-0.11833336949348	0.2077774554491	-0.082636438310146	0.14977699518204	-0.0033448026515543	-0.031356561928988	0.084351047873497	-0.099655017256737
0.34347635507584	-0.13536065816879	-0.11833338439465	0.20777380466461	-0.082640051841736	0.14977917075157	-0.0033574395347387	-0.031358383595943	0.084352448582649	-0.099654212594032
