-0.3059940636158	-0.12115322053432	-0.1107762157917	-0.20874817669392	-1.2616764307022	0.0013914555311203	-0.0053781997412443	0.030089795589447	0.084857821464539	-0.10093065351248
-0.33840331435204	-0.13755348324776	-0.12369345873594	-0.21043562889099	-1.2631781101227	0.00087442249059677	-0.0050415829755366	0.034087717533112	0.084149420261383	-0.098952308297157
-0.34153679013252	-0.14080834388733	-0.12405518442392	-0.21076637506485	-1.2648745775223	0.00087326020002365	-0.0032545272260904	0.034443199634552	0.084405124187469	-0.098936192691326
-0.34155598282814	-0.1419844776392	-0.12370850890875	-0.21065090596676	-1.2653766870499	0.00087491422891617	-0.0032771700061858	0.034159481525421	0.084697186946869	-0.098895370960236
-0.34150061011314	-0.14216521382332	-0.12363357841969	-0.21045717597008	-1.2655701637268	0.00087526440620422	-0.003327653510496	0.034029841423035	0.084764122962952	-0.098866157233715
-0.34150829911232	-0.14200547337532	-0.12369624525309	-0.21032223105431	-1.2658001184464	0.00087501853704453	-0.0033369653392583	0.034001350402832	0.084736883640289	-0.098864763975143
-0.34153568744659	-0.14186891913414	-0.1237488090992	-0.21024461090565	-1.2660593986511	0.00087477266788483	-0.0033304370008409	0.033989071846008	0.084712386131287	-0.098870076239109
-0.53144097328186	-0.13005937635899	-0.16457402706146	-0.19943445920944	-1.2625946998596	0.0028686597943306	-0.0068292929790914	0.045744478702545	0.071838855743408	-0.10038374364376
-0.52766513824463	-0.12733905017376	-0.17019413411617	-0.2008243650198	-1.267834186554	0.00088240206241608	-0.0054688928648829	0.045839428901672	0.070629596710205	-0.10036722570658
-0.52630758285522	-0.1313941180706	-0.17061801254749	-0.20123438537121	-1.2704138755798	0.00087469816207886	-0.0041558919474483	0.046632349491119	0.071143865585327	-0.099690467119217
-0.47757336497307	-0.13249027729034	-0.16946588456631	-0.20116791129112	-1.2728608846664	0.00087027996778488	-0.0031186207197607	0.043311238288879	0.073591291904449	-0.099687159061432
-0.44760131835938	-0.13268710672855	-0.16839972138405	-0.20119889080524	-1.2740995883942	0.00086577236652374	-0.0032717883586884	0.040657341480255	0.075223088264465	-0.099578745663166
-0.44384184479713	-0.13334418833256	-0.16812321543694	-0.20103514194489	-1.273986697197	0.00086217373609543	-0.0032517774961889	0.039810597896576	0.075769126415253	-0.099444903433323
-0.4191854596138	-0.13328611850739	-0.16653740406036	-0.20119115710258	-1.2738733291626	0.00085996091365814	-0.0034396988339722	0.037807703018188	0.07693612575531	-0.099443674087524
-0.36929541826248	-0.13267509639263	-0.16200558841228	-0.20146748423576	-1.2747602462769	0.00086253136396408	-0.0033304574899375	0.034701108932495	0.078849673271179	-0.09953811019659
-0.36333447694778	-0.13342808187008	-0.16125202178955	-0.20146958529949	-1.2744796276093	0.00085845589637756	-0.0034399949945509	0.03372997045517	0.079433500766754	-0.099459357559681
-0.3158352971077	-0.13380712270737	-0.15463900566101	-0.20172290503979	-1.2754210233688	0.00085853040218353	-0.0034415367990732	0.030548572540283	0.081560850143433	-0.099496759474277
-0.28723302483559	-0.13428275287151	-0.14974656701088	-0.20175044238567	-1.2753698825836	0.0008493959903717	-0.003512853058055	0.027903318405151	0.083071947097778	-0.09948143362999
-0.28410831093788	-0.13429254293442	-0.14924302697182	-0.20162776112556	-1.2747060060501	0.00085033476352692	-0.0035821371711791	0.027484953403473	0.083239436149597	-0.099405109882355
-0.23880411684513	-0.13413317501545	-0.13991162180901	-0.20197001099586	-1.2758724689484	0.00085721164941788	-0.0035331402905285	0.024629831314087	0.08521693944931	-0.099485754966736
-0.21154288947582	-0.13432364165783	-0.13329836726189	-0.20209157466888	-1.2762010097504	0.00085928291082382	-0.0035378474276513	0.022213041782379	0.086608588695526	-0.099497228860855
-0.20820578932762	-0.13487070798874	-0.13242822885513	-0.20196196436882	-1.2756451368332	0.00085773319005966	-0.0036595384590328	0.021524131298065	0.086927771568298	-0.099400617182255
-0.16487404704094	-0.13455519080162	-0.12000428140163	-0.20234154164791	-1.2767411470413	0.00087389349937439	-0.0036043517757207	0.018477618694305	0.089004158973694	-0.099439322948456
-0.15974642336369	-0.13510037958622	-0.11835600435734	-0.20219276845455	-1.2761071920395	0.00087200105190277	-0.0036516897380352	0.017455637454987	0.089410662651062	-0.099396735429764
-0.11777836829424	-0.13406810164452	-0.10399121046066	-0.20245932042599	-1.2771657705307	0.00088734179735184	-0.0036620073951781	0.014367282390594	0.091440558433533	-0.099404819309711
-0.092683993279934	-0.13430188596249	-0.09407065063715	-0.20232680439949	-1.2773140668869	0.0008959174156189	-0.0036763411480933	0.011952042579651	0.092903733253479	-0.099377803504467
-0.070351183414459	-0.13326835632324	-0.084588281810284	-0.20221951603889	-1.277644276619	0.00090485811233521	-0.0036878318060189	0.010119080543518	0.094020247459412	-0.099406898021698
-0.067265518009663	-0.13448078930378	-0.083196707069874	-0.20201353728771	-1.2768239974976	0.00090517103672028	-0.0037407553754747	0.0093176960945129	0.09442263841629	-0.099258050322533
-0.029109492897987	-0.13146932423115	-0.064881525933743	-0.20216466486454	-1.2778916358948	0.00092336535453796	-0.0037092319689691	0.0062882900238037	0.096301734447479	-0.099358677864075
-0.024382367730141	-0.13246841728687	-0.062421187758446	-0.20206852257252	-1.2770748138428	0.00092463195323944	-0.003744890447706	0.0053144693374634	0.096747100353241	-0.099259197711945
0.011921864934266	-0.1283473521471	-0.041964814066887	-0.20223774015903	-1.2785059213638	0.00094517320394516	-0.0037072342820466	0.0025752782821655	0.098603904247284	-0.099371574819088
0.051372393965721	-0.12603144347668	-0.016301030293107	-0.20219539105892	-1.2797377109528	0.00097215920686722	-0.0037749665789306	-0.0015986561775208	0.10123831033707	-0.099265076220036
0.072972759604454	-0.12509924173355	-0.00063445325940847	-0.20200936496258	-1.2791916131973	0.00098778307437897	-0.00375338899903	-0.0043491721153259	0.10277950763702	-0.099100463092327
0.10766129940748	-0.11939663439989	0.02723903208971	-0.20190589129925	-1.2794686555862	0.0010154917836189	-0.0037681995891035	-0.0081483721733093	0.10493129491806	-0.099077947437763
0.12697294354439	-0.11596459895372	0.044378701597452	-0.20184615254402	-1.2793180942535	0.0010333657264709	-0.0037432126700878	-0.010342717170715	0.10622304677963	-0.099032200872898
0.12962555885315	-0.11688303947449	0.046595051884651	-0.20188304781914	-1.278143286705	0.0010374337434769	-0.003736961632967	-0.011027276515961	0.10653579235077	-0.098857194185257
0.17341922223568	-0.104552090168	0.092189230024815	-0.20181980729103	-1.2799227237701	0.0010851994156837	-0.0037923045456409	-0.015602707862854	0.10958445072174	-0.098947450518608
0.19268621504307	-0.10064127296209	0.11423981934786	-0.201515391469	-1.2798874378204	0.0011125206947327	-0.003718001767993	-0.018302142620087	0.11121463775635	-0.098770529031754
0.20829050242901	-0.094733253121376	0.13354817032814	-0.20153513550758	-1.2798851728439	0.0011314563453197	-0.0036788668949157	-0.020362973213196	0.11226862668991	-0.098778538405895
0.21003831923008	-0.095210790634155	0.13596270978451	-0.20134887099266	-1.2791141271591	0.0011349208652973	-0.0037209424190223	-0.020559847354889	0.11261469125748	-0.098625704646111
0.23637557029724	-0.083696946501732	0.17231620848179	-0.20124919712543	-1.280130147934	0.0011762343347073	-0.0036699227057397	-0.024082839488983	0.11459690332413	-0.098682723939419
0.23958347737789	-0.083450794219971	0.17666672170162	-0.20107670128345	-1.2787375450134	0.0011814050376415	-0.0036670558620244	-0.024838030338287	0.11488837003708	-0.098602414131165
0.25182843208313	-0.07605804502964	0.19593685865402	-0.2008193731308	-1.2789407968521	0.001198086887598	-0.0037023383192718	-0.02616423368454	0.11584573984146	-0.098722465336323
0.28814566135406	-0.048165075480938	0.2589273750782	-0.1997472345829	-1.2813334465027	0.0012477561831474	-0.003514789044857	-0.03158837556839	0.11786508560181	-0.099890924990177
0.2913244664669	-0.067687153816223	0.24179793894291	-0.19983780384064	-1.2809131145477	0.0020119771361351	-0.0036372132599354	-0.032031714916229	0.11772531270981	-0.098860211670399
0.28950786590576	-0.093007452785969	0.21398544311523	-0.19981433451176	-1.2808645963669	0.0030866004526615	-0.0035570624750108	-0.031766295433044	0.11730152368546	-0.097553536295891
0.28938269615173	-0.095796562731266	0.21102350950241	-0.19965700805187	-1.2804256677628	0.0032161623239517	-0.0036099310964346	-0.031772196292877	0.11724954843521	-0.097407318651676
0.28967744112015	-0.096466839313507	0.2108168900013	-0.20003308355808	-1.2761495113373	0.0032402276992798	-0.0041823461651802	-0.031991064548492	0.11725169420242	-0.097320601344109
0.25680837035179	-0.2201763689518	0.059830211102962	-0.20161928236485	-1.2659002542496	0.00945058837533	-0.0033120010048151	-0.026943624019623	0.11435133218765	-0.091066390275955
0.24230962991714	-0.2578758597374	0.010897592641413	-0.2021012455225	-1.2594536542892	0.011282410472631	-0.0038017749320716	-0.024866819381714	0.11307865381241	-0.08924076706171
0.22826002538204	-0.28564605116844	-0.027293123304844	-0.20244938135147	-1.2534338235855	0.012523956596851	-0.003544770181179	-0.022932171821594	0.1119157075882	-0.087967619299889
0.19684357941151	-0.33331882953644	-0.096754975616932	-0.20305886864662	-1.2458169460297	0.014591172337532	-0.0038091656751931	-0.018779993057251	0.10950899124146	-0.085858345031738
0.17611046135426	-0.35892921686172	-0.13605664670467	-0.20394970476627	-1.2393779754639	0.015611819922924	-0.0035829748958349	-0.016167998313904	0.10794574022293	-0.084778226912022
0.15477292239666	-0.38070568442345	-0.17117466032505	-0.20472814142704	-1.2346930503845	0.016594506800175	-0.0038197976537049	-0.013557076454163	0.10641729831696	-0.083894819021225
0.15258987247944	-0.38303685188293	-0.1749451905489	-0.2049169242382	-1.2326481342316	0.016603343188763	-0.0036636020522565	-0.013316512107849	0.10623967647552	-0.083802700042725
0.13161419332027	-0.40061154961586	-0.205018222332	-0.20550012588501	-1.2278314828873	0.017229482531548	-0.0038104571867734	-0.010857164859772	0.10478711128235	-0.083118826150894
0.1069853156805	-0.41796550154686	-0.23640771210194	-0.20620238780975	-1.2216194868088	0.01782788336277	-0.0038000494241714	-0.0080699324607849	0.10313612222672	-0.082466520369053
0.080258920788765	-0.43327122926712	-0.26616457104683	-0.20688231289387	-1.2161724567413	0.018454372882843	-0.0037136222235858	-0.0051384568214417	0.10140919685364	-0.081921122968197
0.024776760488749	-0.45508900284767	-0.3158233165741	-0.20792669057846	-1.2068874835968	0.019036330282688	-0.003830787492916	0.00057506561279297	0.098010718822479	-0.081230789422989
0.018768271431327	-0.45744448900223	-0.32115545868874	-0.20830245316029	-1.2039984464645	0.019220881164074	-0.0037049627862871	0.0011799335479736	0.097621738910675	-0.081153281033039
-0.04001446813345	-0.4682794213295	-0.35836586356163	-0.20924413204193	-1.1957011222839	0.019400365650654	-0.0037259503733367	0.0067889094352722	0.094269990921021	-0.080946795642376
-0.046268422156572	-0.46943452954292	-0.36236131191254	-0.20997546613216	-1.1916990280151	0.019341081380844	-0.0036815688945353	0.0073476433753967	0.093884706497192	-0.080924078822136
-0.1094257235527	-0.47021692991257	-0.38833439350128	-0.21075077354908	-1.1833585500717	0.019250184297562	-0.0036715369205922	0.01299113035202	0.090521514415741	-0.081148833036423
-0.14828833937645	-0.466871291399	-0.39950361847878	-0.2110153734684	-1.1766356229782	0.018807500600815	-0.003658180590719	0.01625794172287	0.088484585285187	-0.081455737352371
-0.15254002809525	-0.46649375557899	-0.40070277452469	-0.21154530346394	-1.1730264425278	0.018761567771435	-0.003641250776127	0.016621053218842	0.088251411914825	-0.081494756042957
-0.21799312531948	-0.45261240005493	-0.40871375799179	-0.21171620488167	-1.1652683019638	0.017951674759388	-0.0036179977469146	0.021936357021332	0.085021615028381	-0.082378536462784
-0.22496697306633	-0.45111176371574	-0.40957376360893	-0.21236617863178	-1.1613750457764	0.017760396003723	-0.0035298939328641	0.022467732429504	0.084651410579681	-0.082475513219833
-0.25788131356239	-0.44073715806007	-0.40925753116608	-0.21303987503052	-1.1556811332703	0.017223089933395	-0.0036144205369055	0.025036990642548	0.083065867424011	-0.083081156015396
-0.29296320676804	-0.4274206161499	-0.40604054927826	-0.21343214809895	-1.1509107351303	0.016513913869858	-0.0034806388430297	0.027728796005249	0.08140754699707	-0.083832643926144
-0.32710984349251	-0.41191992163658	-0.39987489581108	-0.21414135396481	-1.1450552940369	0.015563406050205	-0.0033754813484848	0.030266046524048	0.079811036586761	-0.084699481725693
-0.3876288831234	-0.37729549407959	-0.38034275174141	-0.21431294083595	-1.1382322311401	0.013735219836235	-0.0036175500135869	0.034740507602692	0.077050149440765	-0.086608611047268
-0.41971880197525	-0.35499063134193	-0.36558616161346	-0.21443721652031	-1.1337397098541	0.012485966086388	-0.0032902304083109	0.037039637565613	0.075583875179291	-0.087843716144562
-0.44666233658791	-0.33281716704369	-0.34947407245636	-0.21464793384075	-1.1283279657364	0.011138245463371	-0.0034620631486177	0.038952589035034	0.074366569519043	-0.089074224233627
-0.44959315657616	-0.33039319515228	-0.3477441072464	-0.21516965329647	-1.1249575614929	0.011034198105335	-0.0033082508016378	0.039164006710052	0.074214279651642	-0.089224725961685
-0.48983809351921	-0.28764748573303	-0.31376987695694	-0.21559639275074	-1.1193063259125	0.008661188185215	-0.003342266427353	0.042034506797791	0.072417438030243	-0.09162998944521
-0.51018917560577	-0.26065889000893	-0.29129162430763	-0.21583744883537	-1.1152311563492	0.0071190074086189	-0.0031826621852815	0.043466508388519	0.071495771408081	-0.093162968754768
-0.5123650431633	-0.25781041383743	-0.28887802362442	-0.21591845154762	-1.1134152412415	0.007067434489727	-0.0034656547941267	0.043625712394714	0.071398794651031	-0.093318022787571
-0.51248967647552	-0.25748178362846	-0.28861874341965	-0.21642303466797	-1.11075091362	0.0070555135607719	-0.0032575377263129	0.043612003326416	0.07139003276825	-0.093343161046505
-0.51257961988449	-0.25744181871414	-0.28859105706215	-0.21638251841068	-1.1091104745865	0.0070886239409447	-0.0032752670813352	0.043633818626404	0.071379899978638	-0.093350224196911
-0.5494270324707	-0.14092274010181	-0.18297246098518	-0.21695049107075	-1.1052430868149	0.0012034848332405	-0.0030981292948127	0.046413064002991	0.070026934146881	-0.099801950156689
-0.55288225412369	-0.12946361303329	-0.17151787877083	-0.21715460717678	-1.1040866374969	0.00086590647697449	-0.0032103743869811	0.04652988910675	0.070185244083405	-0.10030572861433
-0.553391456604	-0.12829785048962	-0.1701300740242	-0.21699278056622	-1.1035441160202	0.00086512416601181	-0.0032168570905924	0.046679794788361	0.070135712623596	-0.10041347891092
-0.5535780787468	-0.12788580358028	-0.1700677126646	-0.21691560745239	-1.103186249733	0.00086618959903717	-0.0031671535689384	0.046760976314545	0.070028126239777	-0.10045399516821
-0.55366963148117	-0.12768490612507	-0.17011559009552	-0.21688193082809	-1.1029778718948	0.00086676329374313	-0.0031448230147362	0.046816766262054	0.069955289363861	-0.10047547519207
-0.55370801687241	-0.12757951021194	-0.17014509439468	-0.21686118841171	-1.1028662919998	0.00086693465709686	-0.0031395510304719	0.046838879585266	0.069920003414154	-0.10048881173134
-0.55372714996338	-0.12752260267735	-0.17016251385212	-0.21684159338474	-1.1027998924255	0.00086724758148193	-0.0031372453086078	0.046850383281708	0.069900512695312	-0.10049571096897
-0.55374211072922	-0.12747482955456	-0.17017242312431	-0.21683748066425	-1.102751493454	0.00086719542741776	-0.003137034131214	0.046854615211487	0.069887220859528	-0.10050308704376
-0.55374890565872	-0.12746343016624	-0.17018339037895	-0.21685235202312	-1.102703332901	0.00086741149425507	-0.0031313630752265	0.046862304210663	0.069880068302155	-0.1005022674799
-0.55374711751938	-0.12750300765038	-0.1701757311821	-0.21689420938492	-1.1026203632355	0.00086715817451477	-0.003134957049042	0.046870350837708	0.069884777069092	-0.10049919039011
-0.55374491214752	-0.12752565741539	-0.17016908526421	-0.21692529320717	-1.102538228035	0.00086713582277298	-0.0031374781392515	0.046874523162842	0.069887757301331	-0.10049809515476
-0.55374383926392	-0.12753763794899	-0.17016483843327	-0.2169510871172	-1.1024581193924	0.00086719542741776	-0.0031369470525533	0.046875	0.069890379905701	-0.10049758851528
-0.55374377965927	-0.12754167616367	-0.1701632142067	-0.21697486937046	-1.1023768186569	0.00086734443902969	-0.0031367689371109	0.046875655651093	0.069891035556793	-0.10049728304148
-0.55374133586884	-0.12754626572132	-0.17016151547432	-0.21699753403664	-1.1022942066193	0.00086722522974014	-0.0031367272604257	0.046875178813934	0.069892287254333	-0.10049688816071
-0.55373871326447	-0.1275456994772	-0.17016530036926	-0.21702292561531	-1.1022063493729	0.00086769461631775	-0.0031363870948553	0.046874761581421	0.069892525672913	-0.10049561411142
-0.55373752117157	-0.12754687666893	-0.17016685009003	-0.21705089509487	-1.1021134853363	0.00086770206689835	-0.0031369950156659	0.046874642372131	0.069892883300781	-0.10049460083246
-0.55373674631119	-0.12755045294762	-0.17016513645649	-0.21707639098167	-1.1020201444626	0.00086776167154312	-0.003137269988656	0.046874642372131	0.069893717765808	-0.10049461573362
-0.55373752117157	-0.12755011022091	-0.17016603052616	-0.21710303425789	-1.101926445961	0.00086764246225357	-0.0031364969909191	0.046874940395355	0.069893360137939	-0.10049426555634
-0.55372166633606	-0.12752191722393	-0.17017118632793	-0.21710877120495	-1.1018536090851	0.00086783617734909	-0.0031392518430948	0.046869993209839	0.069889485836029	-0.10049655288458
-0.55371588468552	-0.12750685214996	-0.17017284035683	-0.21711099147797	-1.1017911434174	0.00086794793605804	-0.0031365342438221	0.046869337558746	0.06988525390625	-0.10049909353256
-0.55372667312622	-0.12751090526581	-0.1701585650444	-0.21709482371807	-1.1017225980759	0.00086779892444611	-0.003137334017083	0.046865463256836	0.069887518882751	-0.10050314664841
-0.55373001098633	-0.12755018472672	-0.17013186216354	-0.21703374385834	-1.1016582250595	0.0008675754070282	-0.003137705847621	0.046871244907379	0.069893300533295	-0.10050470381975
-0.55356866121292	-0.12838599085808	-0.17030483484268	-0.2171778678894	-1.1015864610672	0.00086846947669983	-0.0031644124537706	0.047048807144165	0.069999217987061	-0.10025216639042
-0.5534011721611	-0.12964434921741	-0.17060789465904	-0.21756975352764	-1.1019831895828	0.00086751580238342	-0.0031205259729177	0.047452569007874	0.07008022069931	-0.099867329001427
-0.4562055170536	-0.13065756857395	-0.16927763819695	-0.21836780011654	-1.1052374839783	0.00087121874094009	-0.0032113913912326	0.04148280620575	0.074348926544189	-0.099667906761169
-0.44461691379547	-0.13279615342617	-0.16829885542393	-0.21844601631165	-1.1040625572205	0.00086116790771484	-0.0031795636750758	0.039629638195038	0.075723648071289	-0.099485509097576
-0.39546722173691	-0.13300976157188	-0.16453032195568	-0.21837744116783	-1.1043964624405	0.00084624439477921	-0.0033712356816977	0.036339223384857	0.077840924263	-0.099508434534073
-0.36645522713661	-0.1329144090414	-0.16163060069084	-0.21843239665031	-1.1045713424683	0.00086086988449097	-0.0034852877724916	0.034192204475403	0.079111635684967	-0.099528476595879
-0.36284002661705	-0.13339497148991	-0.16128847002983	-0.21829472482204	-1.1039941310883	0.00085387378931046	-0.0034539201296866	0.033534824848175	0.079494893550873	-0.099413134157658
-0.33915460109711	-0.13356153666973	-0.15809109807014	-0.21820914745331	-1.1041407585144	0.00085970014333725	-0.0034380834549665	0.032099962234497	0.080485761165619	-0.099464185535908
-0.31309208273888	-0.13352464139462	-0.15431235730648	-0.21823552250862	-1.104287147522	0.00084854662418365	-0.0035812903661281	0.030053675174713	0.081686198711395	-0.099508583545685
-0.2873153090477	-0.13349109888077	-0.14994448423386	-0.21837596595287	-1.1044139862061	0.00085499137639999	-0.0034731044434011	0.028146326541901	0.082842767238617	-0.099508345127106
-0.239227861166	-0.13384428620338	-0.13999743759632	-0.21852514147758	-1.1058429479599	0.0008566603064537	-0.003537964541465	0.024757266044617	0.085126161575317	-0.099539875984192
-0.23360733687878	-0.13444547355175	-0.13863626122475	-0.21840287744999	-1.105085849762	0.00085529685020447	-0.0036077827680856	0.023742198944092	0.085591971874237	-0.099483288824558
-0.21100701391697	-0.13420930504799	-0.13321098685265	-0.21842849254608	-1.1055320501328	0.00085970759391785	-0.0036059799604118	0.022195994853973	0.086598038673401	-0.099473662674427
-0.186697229743	-0.13417519629002	-0.12663477659225	-0.21855297684669	-1.1060543060303	0.00086688995361328	-0.0035867500118911	0.020244181156158	0.087802112102509	-0.099494613707066
-0.14145962893963	-0.1340594291687	-0.11238995194435	-0.21875943243504	-1.1068575382233	0.00088058412075043	-0.0036221102345735	0.016527771949768	0.090142369270325	-0.099493488669395
-0.1157705411315	-0.13432030379772	-0.10307256877422	-0.21875068545341	-1.1067707538605	0.00088862329721451	-0.003662558272481	0.014159262180328	0.091590762138367	-0.099443212151527
-0.11275956779718	-0.13479661941528	-0.10197991877794	-0.21876882016659	-1.1061189174652	0.00088916718959808	-0.0037227929569781	0.013697266578674	0.091844916343689	-0.099345542490482
-0.072575725615025	-0.13318213820457	-0.085546039044857	-0.21891099214554	-1.1071715354919	0.00090543925762177	-0.0036761946976185	0.010475933551788	0.093888223171234	-0.099409222602844
-0.06781905144453	-0.13414759933949	-0.083287313580513	-0.21881683170795	-1.1061351299286	0.00090649724006653	-0.0036944306921214	0.0096526741981506	0.094330728054047	-0.099329866468906
-0.048090014606714	-0.13262890279293	-0.074365563690662	-0.21902441978455	-1.1060967445374	0.00091458857059479	-0.0037395115941763	0.0079573392868042	0.095266461372375	-0.099336378276348
-0.0085353357717395	-0.13015057146549	-0.053781282156706	-0.21930831670761	-1.1073052883148	0.00093559175729752	-0.0037357199471444	0.0044691562652588	0.097470760345459	-0.099379472434521
0.013979906216264	-0.12918649613857	-0.040594007819891	-0.21939922869205	-1.1075282096863	0.00094832479953766	-0.0037182508967817	0.0021634101867676	0.098883748054504	-0.09933427721262
0.016991194337606	-0.13059379160404	-0.038718268275261	-0.2194639146328	-1.1064012050629	0.00095121562480927	-0.0037608302664012	0.0014970302581787	0.099305987358093	-0.099138252437115
0.051572524011135	-0.12550492584705	-0.016109244897962	-0.21956245601177	-1.1075732707977	0.00097236037254333	-0.0037294570356607	-0.0015180110931396	0.10116118192673	-0.09930569678545
0.088458962738514	-0.12038516253233	0.011532192118466	-0.2196701169014	-1.1091043949127	0.00099974870681763	-0.0037401176523417	-0.0052937865257263	0.10348051786423	-0.099334269762039
0.10955265909433	-0.12021505832672	0.028960412368178	-0.21985323727131	-1.1084682941437	0.0010236278176308	-0.0038175757508725	-0.0082656145095825	0.1052708029747	-0.098964750766754
0.12739971280098	-0.11733393371105	0.045023746788502	-0.2199165225029	-1.1073710918427	0.0010392293334007	-0.0037623471580446	-0.010412633419037	0.10650879144669	-0.098886452615261
0.14438723027706	-0.11336757987738	0.061295710504055	-0.22005367279053	-1.106763958931	0.0010557845234871	-0.0037403509486467	-0.012327373027802	0.10762917995453	-0.098886266350746
0.14644907414913	-0.11378561705351	0.063330546021461	-0.22006665170193	-1.1053097248077	0.0010590404272079	-0.0037278472445905	-0.012694120407104	0.10788136720657	-0.098786368966103
0.17504070699215	-0.10382871329784	0.093928098678589	-0.22017669677734	-1.1065827608109	0.0010873228311539	-0.0037454371340573	-0.015656173229218	0.10967445373535	-0.099016599357128
0.17877253890038	-0.10493330657482	0.097948379814625	-0.22018022835255	-1.1057145595551	0.0010970160365105	-0.0036979545839131	-0.016452491283417	0.11018753051758	-0.098790541291237
0.20636692643166	-0.09449128806591	0.13159051537514	-0.22028903663158	-1.1068570613861	0.0011316612362862	-0.0037351597566158	-0.019722640514374	0.1121484041214	-0.098888829350471
0.21018755435944	-0.096191011369228	0.13617469370365	-0.22036753594875	-1.1052559614182	0.0011429935693741	-0.0037007823120803	-0.020697295665741	0.11275219917297	-0.098557405173779
0.22339707612991	-0.089708000421524	0.15401192009449	-0.22038565576077	-1.1049935817719	0.0011583976447582	-0.0037116340827197	-0.02225935459137	0.11363863945007	-0.098667219281197
0.25015234947205	-0.0767437890172	0.1935188472271	-0.2205436527729	-1.1057258844376	0.0012036934494972	-0.0036624777130783	-0.025863826274872	0.11573898792267	-0.098759934306145
0.25323680043221	-0.075959406793118	0.19816493988037	-0.22040976583958	-1.1044608354568	0.0012078285217285	-0.0036646849475801	-0.026497185230255	0.11599552631378	-0.09875750541687
0.26524174213409	-0.066819250583649	0.21799401938915	-0.22025744616985	-1.1045260429382	0.0012232512235641	-0.0035889639984816	-0.028037548065186	0.11665380001068	-0.09916277974844
0.28964161872864	-0.046858552843332	0.26129186153412	-0.21973203122616	-1.105840921402	0.0012525245547295	-0.0035779408644885	-0.031757771968842	0.11788249015808	-0.1000249683857
0.29274794459343	-0.044944185763597	0.26587444543839	-0.21989725530148	-1.1055604219437	0.0012531131505966	-0.003580795135349	-0.032472908496857	0.11790615320206	-0.10001324862242
0.2928481400013	-0.044238299131393	0.26630690693855	-0.21991410851479	-1.1055560112	0.0012539252638817	-0.0035736714489758	-0.032336711883545	0.11787736415863	-0.10010881721973
0.29273274540901	-0.044210758060217	0.26638495922089	-0.21980075538158	-1.1056765317917	0.0012555532157421	-0.0035833395086229	-0.032199203968048	0.11793285608292	-0.10012921690941
0.29268831014633	-0.044261045753956	0.26641640067101	-0.21965843439102	-1.1057925224304	0.0012562572956085	-0.0035797476302832	-0.032155990600586	0.11796396970749	-0.10013333708048
0.29267516732216	-0.044282659888268	0.26642894744873	-0.21951165795326	-1.1058970689774	0.0012564845383167	-0.0035761643666774	-0.032145202159882	0.11797422170639	-0.10013526678085
0.29266980290413	-0.044294130057096	0.26643440127373	-0.21936190128326	-1.1060001850128	0.0012566335499287	-0.0035741180181503	-0.032140612602234	0.11797875165939	-0.10013522952795
0.29266729950905	-0.04430154338479	0.26643788814545	-0.21920982003212	-1.1061017513275	0.0012566596269608	-0.0035743615590036	-0.032138109207153	0.11798143386841	-0.10013502091169
0.29266554117203	-0.044307228177786	0.26644021272659	-0.21905632317066	-1.1062030792236	0.0012566410005093	-0.0035734213888645	-0.032136380672455	0.11798352003098	-0.10013458877802
0.29266408085823	-0.04431027546525	0.26644247770309	-0.21890307962894	-1.1063030958176	0.0012567453086376	-0.0035739117302001	-0.03213506937027	0.11798477172852	-0.10013497620821
0.29266333580017	-0.044311095029116	0.26644188165665	-0.21874742209911	-1.1064033508301	0.0012566931545734	-0.0035729422233999	-0.032134830951691	0.11798477172852	-0.10013443976641
0.29266250133514	-0.044307146221399	0.26644116640091	-0.21859221160412	-1.1065055131912	0.0012567788362503	-0.0035736064892262	-0.032134175300598	0.11798441410065	-0.10013525187969
0.29266330599785	-0.044311437755823	0.26644253730774	-0.21843756735325	-1.1066055297852	0.0012567080557346	-0.003573602065444	-0.032134234905243	0.11798518896103	-0.10013474524021
0.29266351461411	-0.044313214719296	0.26644250750542	-0.21828219294548	-1.1067053079605	0.0012567155063152	-0.0035728146322072	-0.032134354114532	0.11798530817032	-0.10013416409492
0.2926632463932	-0.044310417026281	0.266442745924	-0.21812754869461	-1.1068053245544	0.0012567192316055	-0.0035738504957408	-0.032134115695953	0.11798506975174	-0.10013516992331
0.2926639020443	-0.044313199818134	0.26644286513329	-0.21797187626362	-1.1069040298462	0.0012566968798637	-0.0035729743540287	-0.032134652137756	0.11798542737961	-0.10013438016176
0.29266446828842	-0.044308956712484	0.2664415538311	-0.21781571209431	-1.1070038080215	0.0012567080557346	-0.00357357528992	-0.032135367393494	0.11798429489136	-0.10013512521982
0.29266405105591	-0.044309787452221	0.26644071936607	-0.21765986084938	-1.1071054935455	0.0012566633522511	-0.0035729054361582	-0.032134890556335	0.11798471212387	-0.10013438016176
0.29266405105591	-0.044312924146652	0.26644167304039	-0.21750497817993	-1.1072065830231	0.0012567155063152	-0.0035737890284508	-0.032134652137756	0.11798530817032	-0.10013395547867
0.29266425967216	-0.044312506914139	0.26644265651703	-0.21734973788261	-1.1073045730591	0.0012567043304443	-0.0035731731913984	-0.032135188579559	0.11798512935638	-0.10013448446989
0.29266378283501	-0.044313538819551	0.26644280552864	-0.21719406545162	-1.1074036359787	0.0012567266821861	-0.0035736083518714	-0.032134711742401	0.11798536777496	-0.10013410449028
0.29266315698624	-0.044308014214039	0.26644217967987	-0.2170380204916	-1.107502579689	0.0012567341327667	-0.0035728749353439	-0.032134771347046	0.11798441410065	-0.10013525933027
0.29198911786079	-0.067376807332039	0.24263373017311	-0.21698191761971	-1.1068147420883	0.002000380307436	-0.0036017647944391	-0.032176375389099	0.11773133277893	-0.098868601024151
0.28961810469627	-0.092737622559071	0.21407273411751	-0.21701012551785	-1.1053273677826	0.0031263083219528	-0.0035955209750682	-0.031821727752686	0.11723738908768	-0.09761743247509
0.28567227721214	-0.11911889910698	0.18315754830837	-0.21645776927471	-1.1031966209412	0.0043030828237534	-0.0037577203474939	-0.031173348426819	0.11667287349701	-0.096293821930885
0.28527653217316	-0.12219745665789	0.17997109889984	-0.21624338626862	-1.1021181344986	0.0043838806450367	-0.003387016011402	-0.031142294406891	0.11664092540741	-0.096128910779953
0.28519853949547	-0.12261572480202	0.1796635389328	-0.21570287644863	-1.10069835186	0.0044121742248535	-0.0037787139881402	-0.031121432781219	0.11666232347488	-0.096087373793125
0.26587569713593	-0.19809338450432	0.08870642632246	-0.21616472303867	-1.094914317131	0.0082528218626976	-0.0036291829310358	-0.028255879878998	0.11501777172089	-0.092157930135727
0.24333439767361	-0.25550013780594	0.01399789750576	-0.21709017455578	-1.0876569747925	0.011125758290291	-0.0038973391056061	-0.02501654624939	0.1131500005722	-0.089361757040024
0.2408150434494	-0.26164361834526	0.0059758434072137	-0.21743169426918	-1.085107088089	0.011508353054523	-0.0033175654243678	-0.024639189243317	0.11293613910675	-0.089073948562145
0.22811326384544	-0.28608056902885	-0.02782129868865	-0.21714320778847	-1.0816336870193	0.012537680566311	-0.0037076217122376	-0.022913217544556	0.11190742254257	-0.08793842792511
0.19694121181965	-0.33334076404572	-0.096811801195145	-0.21795065701008	-1.0744743347168	0.014458995312452	-0.0040071248076856	-0.018813610076904	0.10949349403381	-0.085862457752228
0.17612779140472	-0.35891973972321	-0.13606271147728	-0.21909739077091	-1.0689271688461	0.015623837709427	-0.0035656471736729	-0.016171872615814	0.10794115066528	-0.084784910082817
0.1738418340683	-0.36168986558914	-0.14027705788612	-0.21921162307262	-1.0672645568848	0.015830852091312	-0.0037373520899564	-0.015877068042755	0.10777771472931	-0.084663584828377
0.13392598927021	-0.39833116531372	-0.2012956738472	-0.21953561902046	-1.0596297979355	0.017100982367992	-0.0037389926146716	-0.011131227016449	0.10497009754181	-0.083203613758087
0.12959097325802	-0.4022401869297	-0.20784777402878	-0.22017779946327	-1.0564410686493	0.017276160418987	-0.0036806389689445	-0.010621428489685	0.10464531183243	-0.083057761192322
0.12908147275448	-0.40268597006798	-0.20855106413364	-0.22013425827026	-1.0550332069397	0.017363868653774	-0.0037391174118966	-0.010552525520325	0.10461890697479	-0.083035126328468
0.057114280760288	-0.44286447763443	-0.28753387928009	-0.22113920748234	-1.0440751314163	0.018608517944813	-0.0040279016830027	-0.0027143359184265	0.10001140832901	-0.081615045666695
0.04931328445673	-0.44718220829964	-0.29601481556892	-0.22135145962238	-1.0411285161972	0.01887259632349	-0.0036443721037358	-0.0018963217735291	0.099468410015106	-0.081460140645504
0.021463584154844	-0.45659485459328	-0.3190284371376	-0.22173449397087	-1.0362187623978	0.019106790423393	-0.0037304684519768	0.00090128183364868	0.097784042358398	-0.08117600530386
0.018475947901607	-0.45758801698685	-0.32149949669838	-0.22236756980419	-1.0329180955887	0.019029080867767	-0.0037415355909616	0.001191258430481	0.097595691680908	-0.081149339675903
-0.07079841196537	-0.46981355547905	-0.37261840701103	-0.2237852960825	-1.021068572998	0.019209109246731	-0.0037581764627248	0.0095850229263306	0.092609226703644	-0.081023141741753
-0.1120964884758	-0.47020462155342	-0.38943582773209	-0.2244073599577	-1.0149521827698	0.019139848649502	-0.003715954022482	0.013220250606537	0.090362071990967	-0.08116952329874
-0.14859622716904	-0.46681714057922	-0.39962202310562	-0.22486533224583	-1.0087068080902	0.018680594861507	-0.0036496110260487	0.016279697418213	0.088456988334656	-0.081469535827637
-0.18503814935684	-0.46067357063293	-0.40612825751305	-0.22599337995052	-1.0025824308395	0.018338643014431	-0.0036043580621481	0.019279956817627	0.08661687374115	-0.081892743706703
-0.22146062552929	-0.45196425914764	-0.40929615497589	-0.22644208371639	-0.99682432413101	0.017784535884857	-0.0035929728765041	0.022194147109985	0.08482837677002	-0.082424327731133
-0.28900983929634	-0.4285885989666	-0.40604496002197	-0.22715401649475	-0.98850244283676	0.016419321298599	-0.0035448861308396	0.027419447898865	0.081613898277283	-0.083767473697662
-0.29626381397247	-0.42611694335938	-0.40569567680359	-0.22747161984444	-0.98604106903076	0.016393944621086	-0.0036391646135598	0.027967810630798	0.08124715089798	-0.08390536904335
-0.29695484042168	-0.42585149407387	-0.40565812587738	-0.22764767706394	-0.98430526256561	0.016331724822521	-0.0034644536208361	0.028002023696899	0.081213474273682	-0.083920918405056
-0.32748144865036	-0.41173210740089	-0.39983397722244	-0.2283239364624	-0.97896754741669	0.015469282865524	-0.0034397572744638	0.030275166034698	0.079789400100708	-0.084711901843548
-0.36007052659988	-0.39449152350426	-0.39091610908508	-0.22857627272606	-0.97422975301743	0.014574036002159	-0.003471416188404	0.032707929611206	0.078287184238434	-0.085663691163063
-0.41677016019821	-0.35677009820938	-0.36672157049179	-0.22922420501709	-0.96668952703476	0.012365035712719	-0.0033035781234503	0.036819279193878	0.075719892978668	-0.087754517793655
-0.44650688767433	-0.33296343684196	-0.34959608316422	-0.22953283786774	-0.96197068691254	0.011105254292488	-0.0034659497905523	0.038967609405518	0.074360847473145	-0.089078053832054
-0.4495764374733	-0.33040207624435	-0.3477571606636	-0.23008216917515	-0.95867186784744	0.010934799909592	-0.0033228460233659	0.039161145687103	0.074217021465302	-0.089224450290203
-0.48988837003708	-0.28764623403549	-0.31377124786377	-0.23058338463306	-0.95360833406448	0.008635051548481	-0.0034316517412663	0.04204922914505	0.072412550449371	-0.091630727052689
-0.51018756628036	-0.26066365838051	-0.29129168391228	-0.23091255128384	-0.94915574789047	0.0070083811879158	-0.0031738474499434	0.043463289737701	0.071500182151794	-0.093159228563309
-0.51243132352829	-0.25777733325958	-0.2888779938221	-0.23117470741272	-0.9470586180687	0.0069267675280571	-0.0032002911902964	0.04363614320755	0.07138866186142	-0.093326069414616
-0.52585518360138	-0.23446355760098	-0.26877376437187	-0.23151294887066	-0.94308358430862	0.0054826959967613	-0.0033270064741373	0.044559597969055	0.070791661739349	-0.094660528004169
-0.53777873516083	-0.20853777229786	-0.24594911932945	-0.23189070820808	-0.93917429447174	0.0040248110890388	-0.0030590372625738	0.04541289806366	0.07024759054184	-0.096154667437077
-0.5463752746582	-0.18266028165817	-0.22222502529621	-0.23225302994251	-0.93696177005768	0.0029490888118744	-0.003409517230466	0.046053349971771	0.069986045360565	-0.097540505230427
-0.55147475004196	-0.15657027065754	-0.19792357087135	-0.23235908150673	-0.93499517440796	0.0016679540276527	-0.0031583984382451	0.046476662158966	0.069865345954895	-0.098939068615437
-0.55344194173813	-0.13048335909843	-0.17322745919228	-0.23244808614254	-0.93448352813721	0.00086820125579834	-0.0032404169905931	0.046741962432861	0.069892168045044	-0.10032490640879
-0.55364954471588	-0.12788106501102	-0.17049823701382	-0.23245383799076	-0.93437224626541	0.00086773931980133	-0.0031561788637191	0.046829402446747	0.069911420345306	-0.10046449303627
-0.55368995666504	-0.12769658863544	-0.17014822363853	-0.23243160545826	-0.93432903289795	0.00086766481399536	-0.0031420588493347	0.046874701976776	0.069915354251862	-0.1004855632782
-0.55371028184891	-0.12771874666214	-0.17008805274963	-0.23238417506218	-0.93431878089905	0.00086764991283417	-0.003139539854601	0.046906352043152	0.069910526275635	-0.10049187391996
-0.55371820926666	-0.12774954736233	-0.17007076740265	-0.23232738673687	-0.93433105945587	0.00086754560470581	-0.0031380015425384	0.046925663948059	0.069907784461975	-0.10049370676279
-0.55372875928879	-0.12775440514088	-0.17006915807724	-0.23226442933083	-0.93435657024384	0.00086767971515656	-0.0031379200518131	0.046936392784119	0.069903135299683	-0.10049469023943
-0.55373412370682	-0.12774664163589	-0.17007337510586	-0.23220492899418	-0.93439239263535	0.00086768716573715	-0.0031374103855342	0.046941816806793	0.06989848613739	-0.10049545019865
-0.5537366271019	-0.12774315476418	-0.17007525265217	-0.23214668035507	-0.93442994356155	0.00086786597967148	-0.003136498387903	0.046944856643677	0.069896161556244	-0.10049594193697
-0.55373555421829	-0.12774884700775	-0.17007565498352	-0.23208808898926	-0.93446880578995	0.00086779147386551	-0.0031373309902847	0.046946823596954	0.069896459579468	-0.1004948168993
-0.55373668670654	-0.12774761021137	-0.17007528245449	-0.23202992975712	-0.93450778722763	0.00086784362792969	-0.0031369123607874	0.04694676399231	0.069896221160889	-0.10049539804459
-0.55373698472977	-0.12774696946144	-0.17007659375668	-0.23197297751904	-0.93454706668854	0.00086776912212372	-0.0031372730154544	0.046946883201599	0.06989598274231	-0.10049486160278
-0.55373698472977	-0.12774714827538	-0.17007601261139	-0.23191492259502	-0.93458634614944	0.00086785852909088	-0.0031369954813272	0.046947360038757	0.06989586353302	-0.10049518197775
-0.55373787879944	-0.12774428725243	-0.1700774282217	-0.23185752332211	-0.934625685215	0.00086788088083267	-0.0031374271493405	0.046947240829468	0.069895267486572	-0.10049522668123
-0.55374157428741	-0.12773829698563	-0.17007903754711	-0.23180057108402	-0.93466782569885	0.00086770206689835	-0.0031378276180476	0.046948969364166	0.069893002510071	-0.10049568116665
-0.55374586582184	-0.12772656977177	-0.17008297145367	-0.23174554109573	-0.93471693992615	0.00086786597967148	-0.0031372357625514	0.046952486038208	0.069888353347778	-0.10049682855606
-0.55374628305435	-0.12773482501507	-0.1700776219368	-0.2316929101944	-0.93476611375809	0.00086791068315506	-0.0031392318196595	0.046956837177277	0.069887816905975	-0.1004978120327
-0.55369538068771	-0.12834583222866	-0.17035861313343	-0.23182612657547	-0.93512159585953	0.00086706876754761	-0.0031091533601284	0.047224760055542	0.069886982440948	-0.10025227069855
-0.52909725904465	-0.12991793453693	-0.17085765302181	-0.23215472698212	-0.9358925819397	0.00086791813373566	-0.0031615365296602	0.045922815799713	0.071154713630676	-0.099860914051533
-0.50179982185364	-0.13083536922932	-0.17055973410606	-0.23229309916496	-0.93631625175476	0.00086697190999985	-0.0031637120991945	0.043981432914734	0.072609066963196	-0.099745705723763
-0.47444209456444	-0.13112042844296	-0.16987372934818	-0.2324633449316	-0.93657052516937	0.00086582452058792	-0.003272261004895	0.041971027851105	0.073928236961365	-0.099693551659584
-0.44731917977333	-0.13167808949947	-0.16876336932182	-0.23269006609917	-0.93741196393967	0.00086735934019089	-0.0032557521481067	0.040327966213226	0.075139105319977	-0.099554561078548
-0.44424468278885	-0.13217034935951	-0.16853283345699	-0.23278911411762	-0.93773949146271	0.00086565315723419	-0.0033058803528547	0.040040791034698	0.075409352779388	-0.099482119083405
-0.34847685694695	-0.13305622339249	-0.15915720164776	-0.23298551142216	-0.9406390786171	0.0008678063750267	-0.0033400361426175	0.033881902694702	0.079706609249115	-0.099602289497852
-0.31383684277534	-0.13427622616291	-0.15399380028248	-0.23282864689827	-0.93977707624435	0.0008491650223732	-0.00347078894265	0.029988169670105	0.081853747367859	-0.099582612514496
-0.28708833456039	-0.13437595963478	-0.1496262550354	-0.23282243311405	-0.93920534849167	0.00085027515888214	-0.0035742833279073	0.02791303396225	0.083082139492035	-0.099445082247257
-0.23915860056877	-0.13390797376633	-0.13992232084274	-0.23290950059891	-0.94037657976151	0.00085631012916565	-0.0035378958564252	0.024610579013824	0.085163116455078	-0.099532902240753
-0.23344558477402	-0.13495606184006	-0.13847114145756	-0.23283438384533	-0.93946880102158	0.00085541605949402	-0.0036028265021741	0.023675262928009	0.085710644721985	-0.099440529942513
-0.18897651135921	-0.13446137309074	-0.12713725864887	-0.23299866914749	-0.93997168540955	0.00086570531129837	-0.0036060593556613	0.020318329334259	0.087768256664276	-0.099466606974602
-0.18396747112274	-0.13503815233707	-0.12563037872314	-0.23297272622585	-0.93883234262466	0.00086606293916702	-0.0036249477416277	0.019611597061157	0.088146209716797	-0.099396780133247
-0.16214983165264	-0.13477522134781	-0.11912412196398	-0.23305103182793	-0.93908542394638	0.000872403383255	-0.003639965550974	0.018078625202179	0.089183628559113	-0.099404841661453
-0.11801348626614	-0.13432839512825	-0.10388169437647	-0.23319910466671	-0.9398187994957	0.00088869035243988	-0.0036549246869981	0.014447033405304	0.091482162475586	-0.09945272654295
-0.1125215664506	-0.13653928041458	-0.10137444734573	-0.23318302631378	-0.93839281797409	0.00088943541049957	-0.0036964421160519	0.013331472873688	0.092213153839111	-0.099244594573975
-0.07249902933836	-0.13357944786549	-0.085385657846928	-0.23335330188274	-0.93897944688797	0.0009053647518158	-0.0036850154865533	0.010329842567444	0.093967139720917	-0.099368698894978
-0.04847663640976	-0.13333567976952	-0.074266485869884	-0.23348899185658	-0.93884509801865	0.00091584771871567	-0.003713407786563	0.0079444646835327	0.09539008140564	-0.099326997995377
-0.026951795443892	-0.13216398656368	-0.063577137887478	-0.23364679515362	-0.93893587589264	0.00092609226703644	-0.0037256027571857	0.0059811472892761	0.096562325954437	-0.099311321973801
0.0118323918432	-0.12900038063526	-0.041820324957371	-0.23370985686779	-0.93971884250641	0.00094736367464066	-0.0037166457623243	0.0025270581245422	0.098731398582458	-0.099369533360004
0.016878228634596	-0.1314661949873	-0.038466781377792	-0.23373793065548	-0.9385821223259	0.00095275789499283	-0.003748596413061	0.00141441822052	0.099464237689972	-0.099101066589355
0.034808896481991	-0.12898355722427	-0.02733102068305	-0.23389004170895	-0.93835163116455	0.0009632483124733	-0.0037433865945786	-0.00022035837173462	0.10037916898727	-0.09912970662117
0.053974013775587	-0.12715700268745	-0.014242609962821	-0.23386411368847	-0.93826657533646	0.00097737461328506	-0.0037444103509188	-0.0020818710327148	0.10159927606583	-0.099122114479542
0.073296993970871	-0.12637057900429	4.0828628698364e-05	-0.23385345935822	-0.93780398368835	0.00099563598632812	-0.0037604726385325	-0.0043320655822754	0.10305804014206	-0.098981216549873
0.091553576290607	-0.1227947846055	0.01412920281291	-0.23389717936516	-0.93738096952438	0.0010064989328384	-0.0037485912907869	-0.0062729716300964	0.10403627157211	-0.099036164581776
0.12458904087543	-0.11504700034857	0.042548678815365	-0.23402072489262	-0.93829798698425	0.0010318532586098	-0.0037509046960622	-0.0095534920692444	0.10598748922348	-0.099182978272438
0.12891651690006	-0.11714646220207	0.04664770513773	-0.23406752943993	-0.93737691640854	0.001043513417244	-0.0037411761004478	-0.010469675064087	0.10667622089386	-0.098897531628609
0.15913601219654	-0.10971669852734	0.07676912099123	-0.23416596651077	-0.9377806186676	0.0010767579078674	-0.003758892416954	-0.013886690139771	0.10876053571701	-0.098899975419044
0.16275665163994	-0.11016018688679	0.080498114228249	-0.23430512845516	-0.9364612698555	0.0010807514190674	-0.0037222970277071	-0.014630258083344	0.10913217067719	-0.098758175969124
0.19088490307331	-0.099646419286728	0.11251118034124	-0.2342863380909	-0.93744564056396	0.0011104494333267	-0.0037363667506725	-0.017705321311951	0.11096549034119	-0.098931320011616
0.20828913152218	-0.096624635159969	0.13417260348797	-0.23443599045277	-0.93694400787354	0.0011456459760666	-0.0037181016523391	-0.020338952541351	0.11265289783478	-0.098628498613834
0.21026133000851	-0.096437066793442	0.1365557461977	-0.23452478647232	-0.9356644153595	0.0011450760066509	-0.0036857724189758	-0.020754933357239	0.11280727386475	-0.098548084497452
0.23620839416981	-0.083497509360313	0.17234678566456	-0.23481793701649	-0.93624985218048	0.0011803545057774	-0.0037126503884792	-0.02396547794342	0.11458891630173	-0.098726861178875
0.2517851293087	-0.077473647892475	0.19604334235191	-0.23494406044483	-0.93582987785339	0.00121233984828	-0.0036742184311152	-0.026301920413971	0.11603945493698	-0.09861059486866
0.26561224460602	-0.070022754371166	0.21851319074631	-0.2348807901144	-0.93537098169327	0.0012362375855446	-0.0036278695333749	-0.028287172317505	0.11718416213989	-0.098643407225609
0.2668142914772	-0.067056693136692	0.22069315612316	-0.23458307981491	-0.93432080745697	0.0012306459248066	-0.0035956031642854	-0.028476119041443	0.11687403917313	-0.099136471748352
0.28962525725365	-0.046496096998453	0.26182681322098	-0.23372131586075	-0.93579822778702	0.0012587308883667	-0.0035971947945654	-0.031933426856995	0.11776924133301	-0.10018483549356
0.29224941134453	-0.043826706707478	0.26602917909622	-0.23349131643772	-0.93535429239273	0.001258734613657	-0.0035909477155656	-0.032203197479248	0.11777466535568	-0.10036709159613
0.29253625869751	-0.043083325028419	0.26625260710716	-0.23336742818356	-0.9352120757103	0.0012552812695503	-0.0035786046646535	-0.032230138778687	0.11767673492432	-0.10042318701744
0.29258167743683	-0.042860850691795	0.26621446013451	-0.2333105057478	-0.93513959646225	0.0012542977929115	-0.0035757489968091	-0.032244920730591	0.11763048171997	-0.10044168680906
0.29271614551544	-0.043833151459694	0.26628366112709	-0.23338577151299	-0.93519181013107	0.0012520961463451	-0.0035688721109182	-0.032289683818817	0.11781477928162	-0.10018812865019
0.29277262091637	-0.04427707195282	0.26634779572487	-0.23349016904831	-0.9353175163269	0.001253716647625	-0.0035743352491409	-0.032290935516357	0.11790978908539	-0.10009405761957
0.29276710748672	-0.044469080865383	0.26643019914627	-0.23350456357002	-0.93539190292358	0.0012551322579384	-0.0035751783289015	-0.032278180122375	0.11795735359192	-0.10007838904858
0.29276412725449	-0.044555716216564	0.26646944880486	-0.23348800837994	-0.93543255329132	0.001255739480257	-0.0035734698176384	-0.032273948192596	0.1179780960083	-0.10007287561893
0.29271876811981	-0.044599667191505	0.26641714572906	-0.23356211185455	-0.93549585342407	0.0012540929019451	-0.0035697338171303	-0.032271265983582	0.1179878115654	-0.10004630684853
0.29272264242172	-0.044593170285225	0.26640975475311	-0.23363986611366	-0.93557590246201	0.0012540966272354	-0.0035726628266275	-0.032273769378662	0.11798590421677	-0.10004553198814
0.29272201657295	-0.044592931866646	0.26641100645065	-0.2337092757225	-0.93564713001251	0.001254141330719	-0.0035734430421144	-0.032273530960083	0.1179860830307	-0.10004614293575
0.29271733760834	-0.044593088328838	0.26641044020653	-0.23377646505833	-0.93572020530701	0.0012540742754936	-0.0035735815763474	-0.032268941402435	0.11798757314682	-0.10004581511021
0.29271680116653	-0.044594455510378	0.26640981435776	-0.2338455915451	-0.93579632043839	0.0012540742754936	-0.0035731021780521	-0.032268047332764	0.11798840761185	-0.10004551708698
0.2927178144455	-0.044592946767807	0.26641032099724	-0.23391401767731	-0.93586814403534	0.001254104077816	-0.0035733729600906	-0.032269299030304	0.1179878115654	-0.10004616528749
0.29272016882896	-0.044594939798117	0.26641070842743	-0.23398327827454	-0.93594264984131	0.0012540742754936	-0.0035732579417527	-0.032271087169647	0.11798751354218	-0.10004560649395
0.29194790124893	-0.067389436066151	0.2426170706749	-0.23381751775742	-0.93559908866882	0.0019887983798981	-0.0035753578413278	-0.03215479850769	0.11773592233658	-0.098859049379826
0.28610241413116	-0.11671841144562	0.186408162117	-0.234349578619	-0.93226444721222	0.0038929544389248	-0.0036222550552338	-0.031285464763641	0.11675953865051	-0.096436478197575
0.27380773425102	-0.17235904932022	0.12087415903807	-0.23464594781399	-0.92675161361694	0.0072358101606369	-0.0040996503084898	-0.029402792453766	0.11571323871613	-0.093453206121922
0.27245378494263	-0.17825999855995	0.11383652687073	-0.23411011695862	-0.92384749650955	0.0074583366513252	-0.0031617432832718	-0.029190421104431	0.11557137966156	-0.093157134950161
0.25505244731903	-0.22891083359718	0.049417082220316	-0.23508021235466	-0.91847002506256	0.0097580775618553	-0.0036019440740347	-0.026678800582886	0.11409229040146	-0.090644329786301
0.22961981594563	-0.28259497880936	-0.023156590759754	-0.23543903231621	-0.91082036495209	0.012423269450665	-0.003801126498729	-0.023120522499084	0.11205518245697	-0.088095337152481
0.2269424945116	-0.28824645280838	-0.030949883162975	-0.23633816838264	-0.90617173910141	0.012541566044092	-0.0042522912845016	-0.022759795188904	0.11178642511368	-0.087863586843014
0.16028317809105	-0.37309220433235	-0.15988904237747	-0.23864613473415	-0.89259517192841	0.016222946345806	-0.0033014453947544	-0.014233708381653	0.10688972473145	-0.084235243499279
0.13219749927521	-0.39960777759552	-0.20340140163898	-0.23812428116798	-0.88644206523895	0.017430804669857	-0.0040784636512399	-0.010881423950195	0.10489517450333	-0.083137758076191
0.10704982280731	-0.41783484816551	-0.23623450100422	-0.23769228160381	-0.88014322519302	0.017781786620617	-0.0036147949285805	-0.0080790519714355	0.10314238071442	-0.082469820976257
0.10428340733051	-0.41981181502342	-0.23975977301598	-0.23800048232079	-0.877685546875	0.017930515110493	-0.0037149223499	-0.0077577233314514	0.10295331478119	-0.082398682832718
0.054451182484627	-0.44469314813614	-0.29088488221169	-0.2390233874321	-0.86925339698792	0.018684051930904	-0.0037829566281289	-0.0024386048316956	0.099803686141968	-0.081548869609833
0.021945100277662	-0.45631644129753	-0.3184777200222	-0.23926091194153	-0.86296761035919	0.019075080752373	-0.0037417472340167	0.00086140632629395	0.097823619842529	-0.081185147166252
0.018491758033633	-0.45755758881569	-0.32144051790237	-0.23935344815254	-0.8600167632103	0.019105970859528	-0.0037110846024007	0.0011971592903137	0.097599565982819	-0.081149898469448
-0.070802561938763	-0.46982398629189	-0.37261193990707	-0.24009527266026	-0.84717851877213	0.019233204424381	-0.0037066615186632	0.0095857381820679	0.092612743377686	-0.081016264855862
-0.11216690391302	-0.47022584080696	-0.38943502306938	-0.24044393002987	-0.84004265069962	0.019190087914467	-0.0037167600821704	0.013240575790405	0.09036660194397	-0.081162191927433
-0.21355602145195	-0.45294374227524	-0.40750420093536	-0.24179668724537	-0.8254126906395	0.017811492085457	-0.0036043517757207	0.021571457386017	0.085273146629333	-0.0823625177145
-0.22462269663811	-0.45112019777298	-0.40944394469261	-0.24270406365395	-0.82060444355011	0.017814286053181	-0.0037549533881247	0.022464752197266	0.084667682647705	-0.082482323050499
-0.22577312588692	-0.45096695423126	-0.4096519947052	-0.24195255339146	-0.81861883401871	0.017761126160622	-0.0035969701129943	0.022548913955688	0.084618330001831	-0.082480177283287
-0.34921258687973	-0.39867615699768	-0.39197033643723	-0.24222867190838	-0.80683833360672	0.014707826077938	-0.0035687654744834	0.031955778598785	0.078883767127991	-0.085428632795811
-0.36240684986115	-0.39308455586433	-0.39007166028023	-0.24226471781731	-0.8039962053299	0.014426469802856	-0.0035808372776955	0.032884776592255	0.078185737133026	-0.085742183029652
-0.44057899713516	-0.33683824539185	-0.35210320353508	-0.24260917305946	-0.79629951715469	0.011404722929001	-0.0035686418414116	0.038547188043594	0.074662506580353	-0.088868297636509
-0.44897046685219	-0.33081424236298	-0.34802615642548	-0.2426722496748	-0.79425066709518	0.010998882353306	-0.0035725808702409	0.039128452539444	0.074244797229767	-0.089205890893936
-0.44980046153069	-0.33015620708466	-0.34758865833282	-0.24221037328243	-0.79343444108963	0.010894931852818	-0.0035841926001012	0.039166897535324	0.074205219745636	-0.089242041110992
-0.50589269399643	-0.26516363024712	-0.29492294788361	-0.24216930568218	-0.78870022296906	0.0071704611182213	-0.0032974220812321	0.04316172003746	0.071706891059875	-0.092914238572121
-0.51193034648895	-0.25823059678078	-0.28926783800125	-0.24208074808121	-0.78715121746063	0.0067874565720558	-0.0039195739664137	0.043586045503616	0.07141101360321	-0.09330428391695
-0.51254254579544	-0.25748628377914	-0.28866067528725	-0.24179324507713	-0.78647196292877	0.0067156925797462	-0.0033406696747988	0.043621391057968	0.071383774280548	-0.093346267938614
-0.54307287931442	-0.18785364925861	-0.22686375677586	-0.24261175096035	-0.7748054265976	0.0024359077215195	-0.0027750446461141	0.04548904299736	0.070303440093994	-0.097205184400082
-0.55123817920685	-0.15700641274452	-0.19847589731216	-0.24367688596249	-0.76784181594849	0.0014913380146027	-0.0033141518943012	0.046228528022766	0.06997811794281	-0.098865158855915
-0.55327147245407	-0.13113257288933	-0.17318511009216	-0.24405772984028	-0.7657510638237	0.00086584687232971	-0.0035072662867606	0.046611100435257	0.070110678672791	-0.10022136569023
-0.55337232351303	-0.12830343842506	-0.17042149603367	-0.24401327967644	-0.76531893014908	0.00086627155542374	-0.0033507116604596	0.046625733375549	0.070122539997101	-0.10037863999605
-0.5536248087883	-0.12763901054859	-0.17015570402145	-0.24397943913937	-0.7652108669281	0.00086719542741776	-0.0031541220378131	0.04677602648735	0.069954633712769	-0.10047752410173
-0.55371630191803	-0.12748782336712	-0.17018105089664	-0.24399408698082	-0.76518779993057	0.00086794048547745	-0.0031385249458253	0.046853423118591	0.06988537311554	-0.10049683600664
-0.55375456809998	-0.1274770796299	-0.17018915712833	-0.2440015822649	-0.76521575450897	0.00086823850870132	-0.0031389310024679	0.046914398670197	0.069850325584412	-0.10050120949745
-0.55377757549286	-0.12750002741814	-0.17018389701843	-0.2440038472414	-0.76531636714935	0.00086861848831177	-0.0031527797691524	0.046946465969086	0.069838523864746	-0.10050325840712
-0.55378502607346	-0.12751819193363	-0.17018251121044	-0.24400763213634	-0.76546055078506	0.00086871534585953	-0.0031364434398711	0.046961635351181	0.069835007190704	-0.10050281882286
-0.55380058288574	-0.12752148509026	-0.17016270756721	-0.24400432407856	-0.7655907869339	0.00086864829063416	-0.0031368501950055	0.046972513198853	0.069830477237701	-0.10050880163908
-0.5538055896759	-0.12752814590931	-0.17015884816647	-0.24399124085903	-0.76571261882782	0.00086847692728043	-0.0031362760346383	0.046978801488876	0.069828808307648	-0.10050942748785
-0.55380964279175	-0.12751711905003	-0.17016398906708	-0.24398237466812	-0.76583474874496	0.00086874514818192	-0.0031366690527648	0.046980857849121	0.069825291633606	-0.10050981491804
-0.55379974842072	-0.12753120064735	-0.17015896737576	-0.24397474527359	-0.76595151424408	0.00086868554353714	-0.003135081846267	0.046978652477264	0.069829821586609	-0.10050950199366
-0.55379861593246	-0.12753418087959	-0.1701575666666	-0.24396756291389	-0.76606440544128	0.00086868554353714	-0.0031373046804219	0.046976745128632	0.069831490516663	-0.10050918906927
-0.55380874872208	-0.12753900885582	-0.17015604674816	-0.24395142495632	-0.76618152856827	0.0008683055639267	-0.0031407549977303	0.046981781721115	0.069829881191254	-0.10050831735134
-0.5538125038147	-0.12753190100193	-0.17016008496284	-0.24393737316132	-0.76630860567093	0.00086851418018341	-0.0031373805832118	0.046985656023026	0.069826185703278	-0.10050854831934
-0.55381536483765	-0.12751741707325	-0.17016671597958	-0.24392807483673	-0.76643699407578	0.00086870789527893	-0.0031365766189992	0.046986162662506	0.069822728633881	-0.10050900280476
-0.55381548404694	-0.12751710414886	-0.17016729712486	-0.24392022192478	-0.76656657457352	0.00086823105812073	-0.0031363256275654	0.046986311674118	0.069822669029236	-0.10050892829895
-0.55381572246552	-0.12751850485802	-0.17016761004925	-0.24391260743141	-0.76669543981552	0.00086816400289536	-0.0031370776705444	0.046986818313599	0.06982284784317	-0.10050857812166
-0.5538164973259	-0.12751458585262	-0.17016911506653	-0.24390380084515	-0.76682424545288	0.00086862593889236	-0.0031375573016703	0.046986758708954	0.069821774959564	-0.10050874203444
-0.55361938476562	-0.12832944095135	-0.17033295333385	-0.24402186274529	-0.76688021421432	0.00086957961320877	-0.0031614217441529	0.047117590904236	0.069949150085449	-0.10026437044144
-0.50490367412567	-0.12995871901512	-0.17076288163662	-0.24436385929585	-0.76833009719849	0.00087106227874756	-0.00314846704714	0.044562876224518	0.072097063064575	-0.099851675331593
-0.49926692247391	-0.13088954985142	-0.17053204774857	-0.24446329474449	-0.76843643188477	0.00086800009012222	-0.0032327738590539	0.04385894536972	0.072705090045929	-0.099738456308842
-0.47414803504944	-0.13253508508205	-0.16970185935497	-0.24442483484745	-0.7692654132843	0.00086824595928192	-0.0031924578361213	0.042479604482651	0.074019074440002	-0.099494196474552
-0.42292988300323	-0.13286030292511	-0.16679398715496	-0.24440748989582	-0.7700526714325	0.00086598098278046	-0.0032911817543209	0.038748532533646	0.076434791088104	-0.099551983177662
-0.41705128550529	-0.13302503526211	-0.16634967923164	-0.24425944685936	-0.76938992738724	0.00085698813199997	-0.0033939641434699	0.0376857817173	0.076956033706665	-0.099496409296989
-0.36885213851929	-0.13317811489105	-0.16177865862846	-0.24424064159393	-0.77026361227036	0.00086326152086258	-0.0033962950110435	0.034643411636353	0.078982770442963	-0.099523313343525
-0.36332467198372	-0.13339732587337	-0.16113930940628	-0.24407935142517	-0.76974904537201	0.00085563957691193	-0.0034445319324732	0.033737629652023	0.079420328140259	-0.099498875439167
-0.31617653369904	-0.13308510184288	-0.15483418107033	-0.24423776566982	-0.77088755369186	0.00085353851318359	-0.0034324391745031	0.030794411897659	0.081331670284271	-0.099532537162304
-0.2873849272728	-0.13419686257839	-0.14979317784309	-0.24410502612591	-0.77093315124512	0.00085362046957016	-0.00350625324063	0.028246223926544	0.082970798015594	-0.099495887756348
-0.28417119383812	-0.13413271307945	-0.14927050471306	-0.24395421147346	-0.77006858587265	0.00085364282131195	-0.003539718221873	0.027614295482635	0.083177924156189	-0.099445916712284
-0.23885910212994	-0.13410936295986	-0.13984566926956	-0.24386422336102	-0.77127408981323	0.00085750222206116	-0.0035103156697005	0.024653345346451	0.085203289985657	-0.099500127136707
-0.21123024821281	-0.13537302613258	-0.13287742435932	-0.24383035302162	-0.7711478471756	0.00086187571287155	-0.0036011443007737	0.022069156169891	0.086850583553314	-0.099443666636944
-0.18661053478718	-0.13495393097401	-0.12631624937057	-0.24374049901962	-0.77095365524292	0.00086759030818939	-0.0035848948173225	0.020072311162949	0.087978303432465	-0.099427916109562
-0.18371693789959	-0.13544008135796	-0.12545648217201	-0.24370950460434	-0.77032506465912	0.00086795538663864	-0.0036587570793927	0.01969701051712	0.088227927684784	-0.099365822970867
-0.14103610813618	-0.13491639494896	-0.1120143905282	-0.24371926486492	-0.7710879445076	0.00088172405958176	-0.0036236632149667	0.016452133655548	0.090333759784698	-0.099412426352501
-0.11546242982149	-0.13540762662888	-0.10267681628466	-0.2436308413744	-0.77064192295074	0.00088970363140106	-0.0036578122526407	0.01399764418602	0.091825902462006	-0.099360935389996
-0.09269392490387	-0.134231954813	-0.093957856297493	-0.24345454573631	-0.77067643404007	0.00089745968580246	-0.0036792610771954	0.012146919965744	0.092881977558136	-0.099378034472466
-0.07013014703989	-0.13424423336983	-0.08428443223238	-0.24349863827229	-0.77068108320236	0.00090734660625458	-0.0037221319507807	0.010078579187393	0.094224214553833	-0.099308639764786
-0.048179421573877	-0.13382941484451	-0.074003547430038	-0.24342328310013	-0.77049219608307	0.00091750174760818	-0.0036994465626776	0.0080028176307678	0.09550279378891	-0.099289260804653
-0.027035290375352	-0.13219866156578	-0.063526645302773	-0.24331949651241	-0.77059477567673	0.0009264275431633	-0.0037063020281494	0.0061201453208923	0.096571683883667	-0.099320754408836
-0.024409050121903	-0.1329820305109	-0.062094029039145	-0.24330107867718	-0.76974219083786	0.0009283646941185	-0.0037411339581013	0.0056546032428741	0.096868515014648	-0.099214017391205
0.012061381712556	-0.12910510599613	-0.041682716459036	-0.24332319200039	-0.77090495824814	0.00094816088676453	-0.003715469269082	0.0025365054607391	0.098765730857849	-0.099329434335232
0.03431086987257	-0.12959532439709	-0.027359880506992	-0.24323610961437	-0.77076941728592	0.00096641480922699	-0.0037559538614005	3.4302473068237e-05	0.1005038022995	-0.099133439362049
0.036896552890539	-0.13023875653744	-0.025555703788996	-0.2429683804512	-0.76942408084869	0.00096750259399414	-0.0037446438800544	-0.00047090649604797	0.10077112913132	-0.099036000669003
0.070921070873737	-0.12496414780617	-0.0018191382987425	-0.24299988150597	-0.77005624771118	0.00099159777164459	-0.0037605322431773	-0.0037068128585815	0.10267978906631	-0.099124111235142
0.075186230242252	-0.12667499482632	0.0015945129562169	-0.24286571145058	-0.76860171556473	0.00099785625934601	-0.0037514618597925	-0.0045493543148041	0.10326623916626	-0.09892313182354
0.10716734081507	-0.11827550828457	0.027085844427347	-0.24289306998253	-0.76958453655243	0.0010159090161324	-0.0037383977323771	-0.0075768828392029	0.10481405258179	-0.099198549985886
0.12676122784615	-0.11642369627953	0.044466573745012	-0.24279026687145	-0.76950812339783	0.0010365173220634	-0.0037685111165047	-0.0099608302116394	0.10640066862106	-0.098982058465481
0.12915633618832	-0.11647038906813	0.046460650861263	-0.24244345724583	-0.76856863498688	0.0010373368859291	-0.0037352808285505	-0.010569095611572	0.10653704404831	-0.0989054068923
0.14426426589489	-0.11269256472588	0.061142414808273	-0.24242869019508	-0.76874977350235	0.0010532587766647	-0.0037407099734992	-0.01203852891922	0.10758131742477	-0.098929561674595
0.16079026460648	-0.10898540169001	0.078117780387402	-0.24241226911545	-0.76871585845947	0.0010712444782257	-0.0037407174240798	-0.014082670211792	0.10879415273666	-0.098886512219906
0.19064870476723	-0.10002338141203	0.11232984811068	-0.24259424209595	-0.76936239004135	0.0011098012328148	-0.0037439304869622	-0.017525315284729	0.11107188463211	-0.098885469138622
0.20802927017212	-0.095482595264912	0.13357277214527	-0.24236346781254	-0.76901751756668	0.0011329539120197	-0.0037101283669472	-0.020152598619461	0.11247146129608	-0.098705984652042
0.22353941202164	-0.090491615235806	0.15389436483383	-0.24210977554321	-0.76827549934387	0.0011548586189747	-0.003694438142702	-0.022511273622513	0.11370694637299	-0.098550975322723
0.22557562589645	-0.090476207435131	0.15624000132084	-0.24163800477982	-0.76696050167084	0.0011565275490284	-0.0036623466294259	-0.02310311794281	0.11382496356964	-0.098429001867771
0.24991501867771	-0.076124913990498	0.19346249103546	-0.24198734760284	-0.76781493425369	0.0011979341506958	-0.0037112343125045	-0.025597244501114	0.11572301387787	-0.098789781332016
0.26522785425186	-0.069014094769955	0.21766600012779	-0.24206019937992	-0.76795917749405	0.0012237019836903	-0.0036388963926584	-0.028063386678696	0.11703133583069	-0.098681353032589
0.26696336269379	-0.06705891340971	0.22034792602062	-0.24131616950035	-0.7669141292572	0.0012197680771351	-0.0035960464738309	-0.028605788946152	0.11683505773544	-0.099006302654743
0.28986841440201	-0.046856414526701	0.2615350484848	-0.24125118553638	-0.76776093244553	0.0012505576014519	-0.0036010623443872	-0.031843215227127	0.11787986755371	-0.1000070720911
0.29269278049469	-0.044846806675196	0.26589873433113	-0.24146415293217	-0.76759034395218	0.0012533627450466	-0.0035916552878916	-0.032401591539383	0.1179176568985	-0.10003601014614
0.2928192615509	-0.044190693646669	0.26629576086998	-0.24149861931801	-0.76766002178192	0.001253467053175	-0.0035808556713164	-0.03230956196785	0.11787885427475	-0.10012201964855
0.29275953769684	-0.044230982661247	0.26638004183769	-0.24141976237297	-0.76784557104111	0.0012550465762615	-0.0035810980480164	-0.032224237918854	0.11792802810669	-0.10012628883123
0.29272416234016	-0.044264361262321	0.2664036154747	-0.24130141735077	-0.76808220148087	0.0012556724250317	-0.0035715792328119	-0.032170712947845	0.1179593205452	-0.10012800246477
0.29271918535233	-0.044298909604549	0.26640617847443	-0.24118480086327	-0.76826846599579	0.001255426555872	-0.0035764644853771	-0.03216814994812	0.11797028779984	-0.10012137889862
0.29271849989891	-0.044272694736719	0.26640602946281	-0.24109891057014	-0.76837795972824	0.0012551918625832	-0.0035760109312832	-0.032186448574066	0.1179570555687	-0.10012915730476
0.29270994663239	-0.044243864715099	0.26640474796295	-0.24100528657436	-0.76846814155579	0.0012552067637444	-0.0035734265111387	-0.03218024969101	0.11795192956924	-0.10013557970524
0.29269340634346	-0.044241525232792	0.26640301942825	-0.24090448021889	-0.76858204603195	0.0012556686997414	-0.0035625207237899	-0.032165944576263	0.11795675754547	-0.10013549774885
0.2926854789257	-0.044248357415199	0.26640531420708	-0.24080140888691	-0.76869451999664	0.0012557841837406	-0.0035734470002353	-0.032159984111786	0.11796063184738	-0.10013497620821
0.29268366098404	-0.044255271553993	0.26640781760216	-0.24069583415985	-0.7688073515892	0.0012558773159981	-0.0035733454860747	-0.03215765953064	0.11796337366104	-0.10013452917337
0.29266747832298	-0.044225223362446	0.26638692617416	-0.24057696759701	-0.76897722482681	0.001255426555872	-0.0035701773595065	-0.032126367092133	0.11796933412552	-0.10013122111559
0.29269295930862	-0.044274803251028	0.26640951633453	-0.24048736691475	-0.76908707618713	0.0012558698654175	-0.0035780314356089	-0.032166123390198	0.11796575784683	-0.10013215243816
0.29270467162132	-0.044271495193243	0.26641055941582	-0.24040432274342	-0.7691747546196	0.0012556612491608	-0.0035735245328397	-0.032180517911911	0.11795830726624	-0.10013157129288
0.29269993305206	-0.044259693473577	0.26641148328781	-0.24031922221184	-0.76927429437637	0.00125552713871	-0.0035708448849618	-0.032174617052078	0.11795800924301	-0.10013325512409
0.2926806807518	-0.044279351830482	0.26641544699669	-0.24021533131599	-0.7694331407547	0.0012557059526443	-0.0035714260302484	-0.032141923904419	0.1179758310318	-0.10012840479612
0.29266819357872	-0.044307205826044	0.26642438769341	-0.24010427296162	-0.76959556341171	0.0012559033930302	-0.0035739610902965	-0.032127022743225	0.11798828840256	-0.10012617707253
0.29266050457954	-0.044323612004519	0.26642921566963	-0.2399907708168	-0.76975631713867	0.0012565441429615	-0.0035738931037486	-0.032120853662491	0.11799430847168	-0.10012487322092
0.29266703128815	-0.044326595962048	0.26643002033234	-0.23987740278244	-0.7699128985405	0.0012565478682518	-0.0035739422310144	-0.03212583065033	0.11799418926239	-0.1001238450408
0.29267454147339	-0.044335186481476	0.26642808318138	-0.23976029455662	-0.77007603645325	0.0012564100325108	-0.003573527559638	-0.032128125429153	0.11799442768097	-0.10012186318636
0.29232636094093	-0.044415231794119	0.26658481359482	-0.23940953612328	-0.77028632164001	0.0012636668980122	-0.0035797860473394	-0.031846851110458	0.11811232566833	-0.10017003118992
0.29180425405502	-0.067315690219402	0.24263079464436	-0.23804768919945	-0.77032321691513	0.0020844005048275	-0.0036006853915751	-0.032041221857071	0.11777085065842	-0.098899699747562
0.28954946994781	-0.093079961836338	0.21410819888115	-0.23738178610802	-0.76999640464783	0.0031114742159843	-0.0035769194364548	-0.031746417284012	0.11733424663544	-0.097551599144936
0.28589737415314	-0.1193925216794	0.18322168290615	-0.23780094087124	-0.76695942878723	0.0041087940335274	-0.0037581648211926	-0.031238198280334	0.11670583486557	-0.096248432993889
0.28530883789062	-0.12215070426464	0.17993032932281	-0.23847235739231	-0.76493149995804	0.0043488070368767	-0.0034280954860151	-0.031147330999374	0.11663001775742	-0.096132703125477
0.27377420663834	-0.1729191839695	0.12017845362425	-0.23912826180458	-0.76201057434082	0.0070464015007019	-0.0035605009179562	-0.029401987791061	0.11568427085876	-0.093435265123844
0.27256473898888	-0.17831815779209	0.11376241594553	-0.23927687108517	-0.75868672132492	0.0072750449180603	-0.0040523023344576	-0.029235750436783	0.11555820703506	-0.093150570988655
0.25498127937317	-0.22894988954067	0.049409136176109	-0.23981301486492	-0.75365114212036	0.0098688714206219	-0.0032983354758471	-0.026654541492462	0.11410528421402	-0.090632542967796
0.25316840410233	-0.23436458408833	0.042499411851168	-0.24002607166767	-0.75079786777496	0.010061673820019	-0.0036691245622933	-0.026409804821014	0.11392605304718	-0.090367965400219
0.21533240377903	-0.30601871013641	-0.056762546300888	-0.24092039465904	-0.74153381586075	0.013392202556133	-0.0041359798051417	-0.021208912134171	0.11093562841415	-0.087058871984482
0.19545404613018	-0.3354871571064	-0.099919483065605	-0.24154567718506	-0.73535817861557	0.014687981456518	-0.0033643948845565	-0.018600046634674	0.1093864440918	-0.085767522454262
0.17597809433937	-0.3591645359993	-0.1363962739706	-0.24220483005047	-0.72986096143723	0.015682682394981	-0.0038654091767967	-0.016150861978531	0.10793095827103	-0.084774479269981
0.13409996032715	-0.39804390072823	-0.2008792757988	-0.24289134144783	-0.72099983692169	0.017107933759689	-0.0038214474916458	-0.011142373085022	0.10498815774918	-0.083220511674881
0.12954963743687	-0.40221533179283	-0.20780305564404	-0.24332885444164	-0.71827703714371	0.017331287264824	-0.0036571118980646	-0.010603874921799	0.104651927948	-0.083059079945087
0.082787565886974	-0.4315687417984	-0.26309314370155	-0.24426040053368	-0.70992314815521	0.018295645713806	-0.0037387092597783	-0.0054297149181366	0.10158205032349	-0.081987597048283
0.052069749683142	-0.44597437977791	-0.29339024424553	-0.2448902875185	-0.70365369319916	0.018808133900166	-0.0038494882173836	-0.0021821558475494	0.099648594856262	-0.08149678260088
0.021760869771242	-0.45645838975906	-0.31874677538872	-0.24517166614532	-0.69728398323059	0.019159093499184	-0.003754960373044	0.00087186694145203	0.097801148891449	-0.081183411180973
0.018412426114082	-0.45760068297386	-0.3214693069458	-0.244852617383	-0.69481611251831	0.01917802542448	-0.0037273454945534	0.0012176632881165	0.097602844238281	-0.08114168047905
0.018091006204486	-0.45770597457886	-0.32176166772842	-0.24462506175041	-0.69350534677505	0.019103743135929	-0.0037175014149398	0.0012438297271729	0.097579061985016	-0.0811458081007
-0.10242506861687	-0.46889209747314	-0.3839755654335	-0.24520319700241	-0.68017798662186	0.019038394093513	-0.0036895568482578	0.012381583452225	0.090973794460297	-0.081199698150158
-0.11530677974224	-0.47005322575569	-0.39065545797348	-0.24681216478348	-0.67352557182312	0.018816813826561	-0.0036574229598045	0.013450264930725	0.090168833732605	-0.081198818981647
-0.21398839354515	-0.45296075940132	-0.407634973526	-0.24826511740685	-0.65930110216141	0.01781389862299	-0.0036041694693267	0.021618545055389	0.085250735282898	-0.082356832921505
-0.2246408611536	-0.45113101601601	-0.40945807099342	-0.24918435513973	-0.65491604804993	0.017733864486217	-0.0037546050734818	0.022461473941803	0.084668159484863	-0.082478575408459
-0.22564919292927	-0.45094773173332	-0.40965366363525	-0.24959379434586	-0.65338259935379	0.017791114747524	-0.003640377195552	0.022519409656525	0.084612667560577	-0.082492172718048
-0.22556228935719	-0.45089548826218	-0.40967470407486	-0.25090333819389	-0.64874148368835	0.017819792032242	-0.0032913233153522	0.022470951080322	0.084600120782852	-0.082505360245705
-0.37685158848763	-0.3814637362957	-0.38139462471008	-0.25150945782661	-0.63282990455627	0.013861089944839	-0.0034335919190198	0.034021377563477	0.077668517827988	-0.086379371583462
-0.41857156157494	-0.35533481836319	-0.36569935083389	-0.25164142251015	-0.62401020526886	0.012226618826389	-0.0034228782169521	0.036949962377548	0.075634181499481	-0.087843731045723
-0.46792295575142	-0.31198236346245	-0.33330842852592	-0.25195854902267	-0.61670476198196	0.0099035277962685	-0.0034740448463708	0.040500968694687	0.07340207695961	-0.09026126563549
-0.49180787801743	-0.28567346930504	-0.31221970915794	-0.25261348485947	-0.61134552955627	0.0084492862224579	-0.0033539752475917	0.042174577713013	0.072317868471146	-0.091744840145111
-0.49436140060425	-0.28286752104759	-0.30995526909828	-0.25258302688599	-0.60858774185181	0.0083000808954239	-0.0032340902835131	0.042347580194473	0.072205752134323	-0.091899760067463
-0.49459147453308	-0.28255933523178	-0.3097123503685	-0.25268200039864	-0.6061098575592	0.0083308517932892	-0.0033580479212105	0.042355269193649	0.072193503379822	-0.091918922960758
-0.53440833091736	-0.21371446549892	-0.25034487247467	-0.25267463922501	-0.60133194923401	0.0043488964438438	-0.0032337724696845	0.045187532901764	0.070429176092148	-0.09585278481245
-0.53865200281143	-0.20634987950325	-0.24397026002407	-0.25281727313995	-0.59928703308105	0.003962866961956	-0.0032907277345657	0.045476049184799	0.070217818021774	-0.096275895833969
-0.5507071018219	-0.15897290408611	-0.20027124881744	-0.25366014242172	-0.59515172243118	0.0017821118235588	-0.0029157614335418	0.046347171068192	0.069896131753922	-0.098830111324787
-0.55335474014282	-0.13059288263321	-0.17352266609669	-0.25383225083351	-0.59438532590866	0.00086773931980133	-0.0035236433614045	0.046671181917191	0.069891422986984	-0.10031368583441
-0.5533732175827	-0.12870444357395	-0.17020452022552	-0.25363722443581	-0.59401923418045	0.00086525082588196	-0.0031393349636346	0.046695291996002	0.070168018341064	-0.10042110830545
-0.55350321531296	-0.12804505228996	-0.17001600563526	-0.25352948904037	-0.59368669986725	0.00086602568626404	-0.0031757839024067	0.046716958284378	0.07008096575737	-0.10044932365417
-0.55360805988312	-0.12775166332722	-0.1700858771801	-0.25349703431129	-0.59349036216736	0.00086667388677597	-0.0031486365478486	0.046780198812485	0.069987326860428	-0.10046813637018
-0.55366575717926	-0.1276454180479	-0.17012599110603	-0.25348204374313	-0.59337741136551	0.00086696445941925	-0.0031388364732265	0.046830862760544	0.069936662912369	-0.10047970712185
-0.55369681119919	-0.12760455906391	-0.17013967037201	-0.25346758961678	-0.5933056473732	0.00086710602045059	-0.0031372434459627	0.046859741210938	0.069911926984787	-0.10048825293779
-0.55371928215027	-0.12757429480553	-0.17014726996422	-0.25345307588577	-0.59325796365738	0.00086681544780731	-0.0031367279589176	0.046879410743713	0.069894284009933	-0.10049480944872
-0.55375212430954	-0.12752877175808	-0.1701612919569	-0.25344231724739	-0.59324115514755	0.0008673369884491	-0.0031380970031023	0.046894520521164	0.069875538349152	-0.10050021857023
-0.55378609895706	-0.12745159864426	-0.17019093036652	-0.2534471154213	-0.59329324960709	0.00086677819490433	-0.0031378511339426	0.04692354798317	0.069842100143433	-0.10050693899393
-0.55380177497864	-0.12743340432644	-0.17019873857498	-0.25345849990845	-0.59336298704147	0.00086676329374313	-0.0031369761563838	0.04693791270256	0.069830536842346	-0.10051042586565
-0.55380839109421	-0.1274332255125	-0.17019797861576	-0.25347054004669	-0.5934391617775	0.00086671113967896	-0.0031370990909636	0.046943962574005	0.069827497005463	-0.10051230341196
-0.5538182258606	-0.12741488218307	-0.17020606994629	-0.25347420573235	-0.59353053569794	0.0008666068315506	-0.0031505015213042	0.046965211629868	0.069810837507248	-0.10051410645247
-0.55382031202316	-0.12740680575371	-0.17022529244423	-0.25347119569778	-0.59362429380417	0.00086659938097	-0.0031328611075878	0.046970516443253	0.069806069135666	-0.10050846636295
-0.5538078546524	-0.12743121385574	-0.17022234201431	-0.25346946716309	-0.5936986207962	0.00086861103773117	-0.0031358399428427	0.046987652778625	0.069801509380341	-0.10050718486309
-0.55380260944366	-0.12753051519394	-0.17015881836414	-0.25348496437073	-0.59383076429367	0.00086703151464462	-0.0031370122451335	0.046958655118942	0.069841295480728	-0.10051067173481
-0.55378609895706	-0.12749896943569	-0.17017023265362	-0.25347700715065	-0.59393745660782	0.00086692720651627	-0.0031379163265228	0.046945840120316	0.069841206073761	-0.10051022469997
-0.55378365516663	-0.12747706472874	-0.170166015625	-0.25344902276993	-0.59405112266541	0.00086667388677597	-0.003127456177026	0.046945363283157	0.069835633039474	-0.10051710158587
-0.55359983444214	-0.12827092409134	-0.17035166919231	-0.25358095765114	-0.5940962433815	0.00086835771799088	-0.0031400334555656	0.047075748443604	0.069958239793777	-0.10026434808969
-0.55289137363434	-0.13113333284855	-0.17046143114567	-0.2537739276886	-0.59397304058075	0.00086203217506409	-0.0032397098839283	0.047451943159103	0.070433557033539	-0.099620141088963
-0.48098531365395	-0.13059870898724	-0.17029909789562	-0.25427454710007	-0.59567272663116	0.00087963789701462	-0.0031378977000713	0.043740272521973	0.072940975427628	-0.09968676418066
-0.42469590902328	-0.13180157542229	-0.16739064455032	-0.25471812486649	-0.59813588857651	0.00088119506835938	-0.0031683463603258	0.040269881486893	0.075587421655655	-0.099623151123524
-0.39341202378273	-0.13311712443829	-0.16448551416397	-0.25507482886314	-0.59887856245041	0.00086452066898346	-0.0033953343518078	0.03660637140274	0.077829122543335	-0.099609605967999
-0.38960611820221	-0.1334825605154	-0.16393622756004	-0.25487101078033	-0.59808415174484	0.00085797905921936	-0.0034416397102177	0.035405784845352	0.078368216753006	-0.099472373723984
-0.38953122496605	-0.13322621583939	-0.16409435868263	-0.25480690598488	-0.59783637523651	0.00086104869842529	-0.0034769580233842	0.035709530115128	0.078196614980698	-0.099384278059006
-0.34290462732315	-0.13228733837605	-0.15897111594677	-0.2551257610321	-0.59935116767883	0.00086302310228348	-0.0033375336788595	0.033310532569885	0.079790741205215	-0.099548451602459
-0.26900789141655	-0.1321415156126	-0.14653636515141	-0.25511804223061	-0.60246616601944	0.0008680522441864	-0.0031726877205074	0.028543412685394	0.083089143037796	-0.099760331213474
-0.23631194233894	-0.13636973500252	-0.13871814310551	-0.2547878921032	-0.60244071483612	0.00085636973381042	-0.0038287877105176	0.024022668600082	0.085881501436234	-0.099490225315094
-0.21044905483723	-0.13682292401791	-0.13225358724594	-0.25438222289085	-0.60147953033447	0.00085988640785217	-0.0035932164173573	0.021327644586563	0.087276965379715	-0.09933914989233
-0.20807275176048	-0.13555908203125	-0.13209614157677	-0.25414970517159	-0.60058057308197	0.00085944682359695	-0.0036172536201775	0.02137702703476	0.087078124284744	-0.099311657249928
-0.20799492299557	-0.13488140702248	-0.13234952092171	-0.25420066714287	-0.60036987066269	0.00085955113172531	-0.0036321678198874	0.021650850772858	0.086912363767624	-0.099361047148705
-0.14419682323933	-0.13374042510986	-0.11316314339638	-0.25455045700073	-0.6021876335144	0.0008794292807579	-0.0035927228163928	0.01716211438179	0.089925646781921	-0.099522076547146
-0.13674432039261	-0.13472352921963	-0.11063387989998	-0.2545493543148	-0.6015932559967	0.00088188797235489	-0.0036547116469592	0.015941739082336	0.09051975607872	-0.099426679313183
-0.13592152297497	-0.1355836391449	-0.11011812835932	-0.25404095649719	-0.60190337896347	0.00088442116975784	-0.0036120030563325	0.01609268784523	0.09071284532547	-0.099370568990707
-0.075107038021088	-0.13381154835224	-0.086226068437099	-0.25403374433517	-0.60333466529846	0.00090734660625458	-0.0037217363715172	0.010915964841843	0.093890756368637	-0.099411174654961
-0.048522371798754	-0.13441933691502	-0.073977798223495	-0.25388595461845	-0.60245126485825	0.00091876834630966	-0.0037468704394996	0.0079722106456757	0.095598936080933	-0.09926912933588
-0.0086245480924845	-0.13063469529152	-0.053535986691713	-0.2539065182209	-0.6030752658844	0.0009366050362587	-0.0037371371872723	0.0044533312320709	0.097558856010437	-0.099381439387798
0.014161217026412	-0.13017834722996	-0.040280796587467	-0.25392413139343	-0.60300725698471	0.00095076858997345	-0.0037439882289618	0.0020896792411804	0.099080443382263	-0.099233083426952
0.016762416809797	-0.13032859563828	-0.038761891424656	-0.25380250811577	-0.60211664438248	0.00095143914222717	-0.0037418701685965	0.0016735792160034	0.099262148141861	-0.09918337315321
0.0347212664783	-0.1288615912199	-0.027392903342843	-0.25379708409309	-0.60202330350876	0.00096367299556732	-0.0037563070654869	-3.427267074585e-05	0.10037443041801	-0.099143400788307
0.053758416324854	-0.12656731903553	-0.014436300843954	-0.25366961956024	-0.60226517915726	0.00097657740116119	-0.003742806147784	-0.0018664300441742	0.10150274634361	-0.09919548034668
0.055987916886806	-0.12662701308727	-0.012942902743816	-0.25361639261246	-0.60158509016037	0.0009770467877388	-0.0037487908266485	-0.002281129360199	0.10165449976921	-0.099147588014603
0.12025788426399	-0.11410783976316	0.039109174162149	-0.25376957654953	-0.60457235574722	0.0010267272591591	-0.0037921196781099	-0.0086320340633392	0.10557800531387	-0.09936198592186
0.12886340916157	-0.11870553344488	0.046904675662518	-0.25395381450653	-0.60278314352036	0.0010491609573364	-0.0037424485199153	-0.010682493448257	0.1069150865078	-0.098785981535912
0.15898767113686	-0.10993910580873	0.076853007078171	-0.25378161668777	-0.60316026210785	0.0010770112276077	-0.003765435423702	-0.013813525438309	0.10881358385086	-0.098885521292686
0.19061888754368	-0.10030978173018	0.11237898468971	-0.25381392240524	-0.60376298427582	0.0011145919561386	-0.0037241359241307	-0.017714828252792	0.11105206608772	-0.098893351852894
0.1948709487915	-0.10279992222786	0.11743720620871	-0.2538295686245	-0.60228776931763	0.0011300854384899	-0.0037246912252158	-0.018720090389252	0.11184549331665	-0.098480924963951
0.22159998118877	-0.090566784143448	0.15211227536201	-0.25381505489349	-0.60254579782486	0.0011622719466686	-0.0037000514566898	-0.02192160487175	0.11362221837044	-0.098678968846798
0.23758840560913	-0.084297306835651	0.17454282939434	-0.25378242135048	-0.60213911533356	0.0011866316199303	-0.0036610637325794	-0.024171411991119	0.11494037508965	-0.098584942519665
0.23949907720089	-0.083869390189648	0.17713229358196	-0.25376728177071	-0.60074281692505	0.0011894404888153	-0.0036117895506322	-0.024600654840469	0.11506882309914	-0.09857139736414
0.25173351168633	-0.076237186789513	0.19610963761806	-0.25353398919106	-0.60099083185196	0.0012044161558151	-0.0037122112698853	-0.026110142469406	0.11591199040413	-0.098739124834538
0.26534026861191	-0.067609660327435	0.21812476217747	-0.25329524278641	-0.60089230537415	0.0012293569743633	-0.0035439282655716	-0.028288006782532	0.1167197227478	-0.099124677479267
0.27772754430771	-0.054121937602758	0.23992116749287	-0.25262340903282	-0.6010919213295	0.0012317858636379	-0.003639514092356	-0.029827773571014	0.11684381961823	-0.10012586414814
0.29071560502052	-0.044822629541159	0.26333945989609	-0.2525948882103	-0.60167199373245	0.0012478977441788	-0.0035557807423174	-0.031745970249176	0.11781573295593	-0.1001840531826
0.29248908162117	-0.044610530138016	0.26614245772362	-0.25281083583832	-0.60156893730164	0.0012550428509712	-0.0035838349722326	-0.032260328531265	0.11795699596405	-0.10008383542299
0.29264464974403	-0.044546488672495	0.26644393801689	-0.25289043784142	-0.60150277614594	0.0012556873261929	-0.0035779618192464	-0.03227037191391	0.11797475814819	-0.10007610172033
0.29264995455742	-0.04459173977375	0.26650193333626	-0.2528965473175	-0.60144364833832	0.0012563206255436	-0.0035760377068073	-0.032256782054901	0.11799359321594	-0.10007447004318
0.29265156388283	-0.044641103595495	0.2665251493454	-0.25289461016655	-0.60138416290283	0.00125652551651	-0.0035747240763158	-0.032253384590149	0.11800625920296	-0.10007067024708
0.29265865683556	-0.044683363288641	0.26654177904129	-0.25289306044579	-0.60131579637527	0.0012566782534122	-0.0035747103393078	-0.032259106636047	0.11801347136497	-0.10006672143936
0.2926579117775	-0.044681783765554	0.26653969287872	-0.25288870930672	-0.60124081373215	0.0012566298246384	-0.0035714176483452	-0.032258599996567	0.11801311373711	-0.10006584972143
0.29266440868378	-0.044657692313194	0.26652908325195	-0.25288793444633	-0.60116547346115	0.0012565776705742	-0.0035741054452956	-0.032263278961182	0.11800640821457	-0.10006795078516
0.29266947507858	-0.044659838080406	0.26652884483337	-0.25289690494537	-0.60108488798141	0.0012563355267048	-0.0035732933320105	-0.032268673181534	0.11800456047058	-0.10006700456142
0.29266887903214	-0.044651951640844	0.26652625203133	-0.2529079914093	-0.60100221633911	0.0012564957141876	-0.0035728551447392	-0.032269179821014	0.11800247430801	-0.100067704916
0.29266640543938	-0.044644102454185	0.26652336120605	-0.25291892886162	-0.60092270374298	0.0012562423944473	-0.0035728171933442	-0.032267838716507	0.1180012524128	-0.10006853938103
0.29266700148582	-0.044649582356215	0.26652419567108	-0.25293132662773	-0.60084462165833	0.0012564808130264	-0.003573375986889	-0.032267689704895	0.1180025935173	-0.10006737709045
0.29266735911369	-0.044651564210653	0.26652494072914	-0.2529422044754	-0.60076302289963	0.0012564845383167	-0.0035722870379686	-0.032268553972244	0.11800256371498	-0.10006714612246
0.29266795516014	-0.044650044292212	0.26652452349663	-0.25295457243919	-0.60068225860596	0.0012562498450279	-0.0035731471143663	-0.032269179821014	0.11800208687782	-0.10006745904684
0.29266571998596	-0.044643715023994	0.26652187108994	-0.25296700000763	-0.60060250759125	0.0012561604380608	-0.0035729669034481	-0.032267838716507	0.11800131201744	-0.10006807744503
0.29266721010208	-0.044645510613918	0.26652336120605	-0.25298032164574	-0.60052263736725	0.0012561976909637	-0.0035725675988942	-0.032269269227982	0.11800110340118	-0.10006842017174
0.29266759753227	-0.044647563248873	0.26652297377586	-0.25299659371376	-0.60044384002686	0.0012564957141876	-0.0035734616685659	-0.032269507646561	0.11800143122673	-0.10006763041019
0.29266765713692	-0.044649843126535	0.26652309298515	-0.25301373004913	-0.60036432743073	0.0012562349438667	-0.0035726227797568	-0.032270401716232	0.11800134181976	-0.10006704181433
0.29266902804375	-0.044654462486506	0.26652383804321	-0.25303307175636	-0.60028445720673	0.0012564361095428	-0.0035725398920476	-0.032270729541779	0.11800247430801	-0.10006614029408
0.29267165064812	-0.044658374041319	0.26652726531029	-0.25305125117302	-0.60020083189011	0.0012564584612846	-0.0035724877379835	-0.032273203134537	0.11800226569176	-0.10006653517485
0.29214063286781	-0.067319758236408	0.24292753636837	-0.2530831694603	-0.5997269153595	0.0019552260637283	-0.0035756479483098	-0.032208949327469	0.11775070428848	-0.098845258355141
0.29205968976021	-0.069701582193375	0.24037735164165	-0.25324285030365	-0.59942251443863	0.0021009221673012	-0.0035834566224366	-0.032184809446335	0.11771005392075	-0.098727241158485
