0.466,-0.128,-0.131,0.000,-0.039,0.077,-0.100
0.464,-0.155,-0.155,0.100,-0.039,0.078,-0.098
0.460,-0.181,-0.179,0.200,-0.038,0.078,-0.097
0.452,-0.208,-0.202,0.300,-0.038,0.078,-0.095
0.441,-0.234,-0.224,0.400,-0.037,0.079,-0.094
0.427,-0.259,-0.245,0.500,-0.036,0.079,-0.092
0.410,-0.284,-0.265,0.600,-0.035,0.080,-0.091
0.390,-0.308,-0.283,0.700,-0.033,0.081,-0.090
0.368,-0.330,-0.299,0.800,-0.032,0.082,-0.088
0.343,-0.352,-0.313,0.900,-0.030,0.083,-0.087
0.317,-0.372,-0.325,1.000,-0.028,0.084,-0.086
0.288,-0.390,-0.334,1.100,-0.025,0.085,-0.085
0.258,-0.407,-0.341,1.200,-0.023,0.087,-0.084
0.227,-0.421,-0.344,1.300,-0.020,0.088,-0.083
0.195,-0.434,-0.345,1.400,-0.018,0.090,-0.082
0.162,-0.443,-0.342,1.500,-0.015,0.091,-0.082
0.129,-0.451,-0.336,1.600,-0.012,0.093,-0.081
0.096,-0.455,-0.327,1.700,-0.009,0.095,-0.081
0.063,-0.457,-0.315,1.800,-0.006,0.096,-0.080
0.031,-0.456,-0.299,1.900,-0.003,0.098,-0.080
0.000,-0.452,-0.280,2.000,-0.000,0.100,-0.080
-0.030,-0.446,-0.257,2.100,0.003,0.102,-0.080
-0.059,-0.436,-0.232,2.200,0.006,0.104,-0.080
-0.086,-0.424,-0.205,2.300,0.009,0.105,-0.081
-0.112,-0.409,-0.174,2.400,0.012,0.107,-0.081
-0.136,-0.392,-0.142,2.500,0.015,0.109,-0.082
-0.159,-0.373,-0.107,2.600,0.018,0.110,-0.082
-0.180,-0.351,-0.071,2.700,0.020,0.112,-0.083
-0.200,-0.328,-0.034,2.800,0.023,0.113,-0.084
-0.217,-0.303,0.005,2.900,0.025,0.115,-0.085
-0.233,-0.277,0.044,3.000,0.028,0.116,-0.086
-0.248,-0.249,0.083,3.100,0.030,0.117,-0.087
-0.261,-0.221,0.123,3.200,0.032,0.118,-0.088
-0.272,-0.192,0.162,3.300,0.033,0.119,-0.090
-0.282,-0.163,0.201,3.400,0.035,0.120,-0.091
-0.290,-0.133,0.238,3.500,0.036,0.121,-0.092
-0.296,-0.104,0.275,3.600,0.037,0.121,-0.094
-0.301,-0.075,0.309,3.700,0.038,0.122,-0.095
-0.305,-0.046,0.342,3.800,0.038,0.122,-0.097
-0.307,-0.018,0.373,3.900,0.039,0.122,-0.098
-0.308,0.009,0.401,0.000,0.039,0.123,-0.100
-0.296,-0.002,0.373,0.100,0.037,0.121,-0.100
-0.284,-0.013,0.346,0.200,0.035,0.120,-0.100
-0.271,-0.023,0.320,0.300,0.033,0.119,-0.100
-0.258,-0.032,0.295,0.400,0.031,0.118,-0.100
-0.245,-0.040,0.271,0.500,0.029,0.117,-0.100
-0.231,-0.049,0.248,0.600,0.027,0.116,-0.100
-0.217,-0.056,0.226,0.700,0.025,0.115,-0.100
-0.203,-0.063,0.205,0.800,0.023,0.114,-0.100
-0.188,-0.070,0.184,0.900,0.021,0.112,-0.100
-0.173,-0.076,0.165,1.000,0.019,0.111,-0.100
-0.158,-0.081,0.145,1.100,0.018,0.110,-0.100
-0.142,-0.087,0.127,1.200,0.016,0.109,-0.100
-0.126,-0.091,0.110,1.300,0.014,0.108,-0.100
-0.109,-0.096,0.093,1.400,0.012,0.107,-0.100
-0.092,-0.100,0.076,1.500,0.010,0.106,-0.100
-0.074,-0.104,0.061,1.600,0.008,0.105,-0.100
-0.056,-0.107,0.046,1.700,0.006,0.103,-0.100
-0.038,-0.110,0.032,1.800,0.004,0.102,-0.100
-0.019,-0.113,0.018,1.900,0.002,0.101,-0.100
0.000,-0.115,0.005,2.000,-0.000,0.100,-0.100
0.020,-0.117,-0.007,2.100,-0.002,0.099,-0.100
0.040,-0.119,-0.019,2.200,-0.004,0.098,-0.100
0.060,-0.121,-0.030,2.300,-0.006,0.097,-0.100
0.081,-0.122,-0.041,2.400,-0.008,0.095,-0.100
0.103,-0.123,-0.050,2.500,-0.010,0.094,-0.100
0.125,-0.124,-0.060,2.600,-0.012,0.093,-0.100
0.147,-0.125,-0.068,2.700,-0.014,0.092,-0.100
0.170,-0.126,-0.077,2.800,-0.016,0.091,-0.100
0.193,-0.126,-0.084,2.900,-0.018,0.090,-0.100
0.216,-0.127,-0.091,3.000,-0.019,0.089,-0.100
0.240,-0.127,-0.098,3.100,-0.021,0.088,-0.100
0.264,-0.128,-0.103,3.200,-0.023,0.086,-0.100
0.288,-0.128,-0.109,3.300,-0.025,0.085,-0.100
0.313,-0.128,-0.114,3.400,-0.027,0.084,-0.100
0.338,-0.128,-0.118,3.500,-0.029,0.083,-0.100
0.363,-0.128,-0.121,3.600,-0.031,0.082,-0.100
0.389,-0.128,-0.125,3.700,-0.033,0.081,-0.100
0.414,-0.128,-0.127,3.800,-0.035,0.080,-0.100
0.466,-0.128,-0.131,4.000,-0.039,0.077,-0.100
0.466,-0.128,-0.131,4.000,-0.039,0.077,-0.100
0.466,-0.128,-0.131,4.000,-0.039,0.077,-0.100
0.466,-0.128,-0.131,4.000,-0.039,0.077,-0.100
0.466,-0.128,-0.131,4.000,-0.039,0.077,-0.100
0.466,-0.128,-0.131,4.000,-0.039,0.077,-0.100
0.466,-0.128,-0.131,4.000,-0.039,0.077,-0.100
0.466,-0.128,-0.131,4.000,-0.039,0.077,-0.100
0.466,-0.128,-0.131,4.000,-0.039,0.077,-0.100
0.466,-0.128,-0.131,4.000,-0.039,0.077,-0.100
0.466,-0.128,-0.131,4.000,-0.039,0.077,-0.100
0.466,-0.128,-0.131,4.000,-0.039,0.077,-0.100
0.466,-0.128,-0.131,4.000,-0.039,0.077,-0.100
0.466,-0.128,-0.131,4.000,-0.039,0.077,-0.100
0.466,-0.128,-0.131,4.000,-0.039,0.077,-0.100
0.466,-0.128,-0.131,4.000,-0.039,0.077,-0.100
0.466,-0.128,-0.131,4.000,-0.039,0.077,-0.100
0.466,-0.128,-0.131,4.000,-0.039,0.077,-0.100
0.466,-0.128,-0.131,4.000,-0.039,0.077,-0.100
0.466,-0.128,-0.131,4.000,-0.039,0.077,-0.100
0.466,-0.128,-0.131,4.000,-0.039,0.077,-0.100
0.466,-0.128,-0.131,4.000,-0.039,0.077,-0.100
0.466,-0.128,-0.131,0.000,-0.039,0.077,-0.100
0.464,-0.155,-0.155,0.100,-0.039,0.078,-0.098
0.460,-0.181,-0.179,0.200,-0.038,0.078,-0.097
0.452,-0.208,-0.202,0.300,-0.038,0.078,-0.095
0.441,-0.234,-0.224,0.400,-0.037,0.079,-0.094
0.427,-0.259,-0.245,0.500,-0.036,0.079,-0.092
0.410,-0.284,-0.265,0.600,-0.035,0.080,-0.091
0.390,-0.308,-0.283,0.700,-0.033,0.081,-0.090
0.368,-0.330,-0.299,0.800,-0.032,0.082,-0.088
0.343,-0.352,-0.313,0.900,-0.030,0.083,-0.087
0.317,-0.372,-0.325,1.000,-0.028,0.084,-0.086
0.288,-0.390,-0.334,1.100,-0.025,0.085,-0.085
0.258,-0.407,-0.341,1.200,-0.023,0.087,-0.084
0.227,-0.421,-0.344,1.300,-0.020,0.088,-0.083
0.195,-0.434,-0.345,1.400,-0.018,0.090,-0.082
0.162,-0.443,-0.342,1.500,-0.015,0.091,-0.082
0.129,-0.451,-0.336,1.600,-0.012,0.093,-0.081
0.096,-0.455,-0.327,1.700,-0.009,0.095,-0.081
0.063,-0.457,-0.315,1.800,-0.006,0.096,-0.080
0.031,-0.456,-0.299,1.900,-0.003,0.098,-0.080
0.000,-0.452,-0.280,2.000,-0.000,0.100,-0.080
-0.030,-0.446,-0.257,2.100,0.003,0.102,-0.080
-0.059,-0.436,-0.232,2.200,0.006,0.104,-0.080
-0.086,-0.424,-0.205,2.300,0.009,0.105,-0.081
-0.112,-0.409,-0.174,2.400,0.012,0.107,-0.081
-0.136,-0.392,-0.142,2.500,0.015,0.109,-0.082
-0.159,-0.373,-0.107,2.600,0.018,0.110,-0.082
-0.180,-0.351,-0.071,2.700,0.020,0.112,-0.083
-0.200,-0.328,-0.034,2.800,0.023,0.113,-0.084
-0.217,-0.303,0.005,2.900,0.025,0.115,-0.085
-0.233,-0.277,0.044,3.000,0.028,0.116,-0.086
-0.248,-0.249,0.083,3.100,0.030,0.117,-0.087
-0.261,-0.221,0.123,3.200,0.032,0.118,-0.088
-0.272,-0.192,0.162,3.300,0.033,0.119,-0.090
-0.282,-0.163,0.201,3.400,0.035,0.120,-0.091
-0.290,-0.133,0.238,3.500,0.036,0.121,-0.092
-0.296,-0.104,0.275,3.600,0.037,0.121,-0.094
-0.301,-0.075,0.309,3.700,0.038,0.122,-0.095
-0.305,-0.046,0.342,3.800,0.038,0.122,-0.097
-0.307,-0.018,0.373,3.900,0.039,0.122,-0.098
-0.308,0.009,0.401,4.000,0.039,0.123,-0.100
-0.308,0.009,0.401,4.000,0.039,0.123,-0.100
-0.308,0.009,0.401,4.000,0.039,0.123,-0.100
-0.308,0.009,0.401,4.000,0.039,0.123,-0.100
-0.308,0.009,0.401,4.000,0.039,0.123,-0.100
-0.308,0.009,0.401,4.000,0.039,0.123,-0.100
-0.308,0.009,0.401,4.000,0.039,0.123,-0.100
-0.308,0.009,0.401,4.000,0.039,0.123,-0.100
-0.308,0.009,0.401,4.000,0.039,0.123,-0.100
-0.308,0.009,0.401,4.000,0.039,0.123,-0.100
-0.308,0.009,0.401,4.000,0.039,0.123,-0.100
-0.308,0.009,0.401,4.000,0.039,0.123,-0.100
-0.308,0.009,0.401,4.000,0.039,0.123,-0.100
-0.308,0.009,0.401,4.000,0.039,0.123,-0.100
-0.308,0.009,0.401,4.000,0.039,0.123,-0.100
-0.308,0.009,0.401,4.000,0.039,0.123,-0.100
-0.308,0.009,0.401,4.000,0.039,0.123,-0.100
-0.308,0.009,0.401,4.000,0.039,0.123,-0.100
-0.308,0.009,0.401,4.000,0.039,0.123,-0.100
-0.308,0.009,0.401,4.000,0.039,0.123,-0.100
-0.308,0.009,0.401,4.000,0.039,0.123,-0.100
-0.308,0.009,0.401,0.000,0.039,0.123,-0.100
-0.296,-0.002,0.373,0.100,0.037,0.121,-0.100
-0.284,-0.013,0.346,0.200,0.035,0.120,-0.100
-0.271,-0.023,0.320,0.300,0.033,0.119,-0.100
-0.258,-0.032,0.295,0.400,0.031,0.118,-0.100
-0.245,-0.040,0.271,0.500,0.029,0.117,-0.100
-0.231,-0.049,0.248,0.600,0.027,0.116,-0.100
-0.217,-0.056,0.226,0.700,0.025,0.115,-0.100
-0.203,-0.063,0.205,0.800,0.023,0.114,-0.100
-0.188,-0.070,0.184,0.900,0.021,0.112,-0.100
-0.173,-0.076,0.165,1.000,0.019,0.111,-0.100
-0.158,-0.081,0.145,1.100,0.018,0.110,-0.100
-0.142,-0.087,0.127,1.200,0.016,0.109,-0.100
-0.126,-0.091,0.110,1.300,0.014,0.108,-0.100
-0.109,-0.096,0.093,1.400,0.012,0.107,-0.100
-0.092,-0.100,0.076,1.500,0.010,0.106,-0.100
-0.074,-0.104,0.061,1.600,0.008,0.105,-0.100
-0.056,-0.107,0.046,1.700,0.006,0.103,-0.100
-0.038,-0.110,0.032,1.800,0.004,0.102,-0.100
-0.019,-0.113,0.018,1.900,0.002,0.101,-0.100
0.000,-0.115,0.005,2.000,-0.000,0.100,-0.100
0.020,-0.117,-0.007,2.100,-0.002,0.099,-0.100
0.040,-0.119,-0.019,2.200,-0.004,0.098,-0.100
0.060,-0.121,-0.030,2.300,-0.006,0.097,-0.100
0.081,-0.122,-0.041,2.400,-0.008,0.095,-0.100
0.103,-0.123,-0.050,2.500,-0.010,0.094,-0.100
0.125,-0.124,-0.060,2.600,-0.012,0.093,-0.100
0.147,-0.125,-0.068,2.700,-0.014,0.092,-0.100
0.170,-0.126,-0.077,2.800,-0.016,0.091,-0.100
0.193,-0.126,-0.084,2.900,-0.018,0.090,-0.100
0.216,-0.127,-0.091,3.000,-0.019,0.089,-0.100
0.240,-0.127,-0.098,3.100,-0.021,0.088,-0.100
0.264,-0.128,-0.103,3.200,-0.023,0.086,-0.100
0.288,-0.128,-0.109,3.300,-0.025,0.085,-0.100
0.313,-0.128,-0.114,3.400,-0.027,0.084,-0.100
0.338,-0.128,-0.118,3.500,-0.029,0.083,-0.100
0.363,-0.128,-0.121,3.600,-0.031,0.082,-0.100
0.389,-0.128,-0.125,3.700,-0.033,0.081,-0.100
0.414,-0.128,-0.127,3.800,-0.035,0.080,-0.100
0.440,-0.128,-0.129,3.900,-0.037,0.079,-0.100
0.466,-0.128,-0.131,4.000,-0.039,0.078,-0.100
0.466,-0.128,-0.131,4.000,-0.039,0.078,-0.100
0.466,-0.128,-0.131,4.000,-0.039,0.078,-0.100
0.466,-0.128,-0.131,4.000,-0.039,0.078,-0.100
0.466,-0.128,-0.131,4.000,-0.039,0.078,-0.100
0.466,-0.128,-0.131,4.000,-0.039,0.078,-0.100
0.466,-0.128,-0.131,4.000,-0.039,0.078,-0.100
0.466,-0.128,-0.131,4.000,-0.039,0.078,-0.100
0.466,-0.128,-0.131,4.000,-0.039,0.078,-0.100
0.466,-0.128,-0.131,4.000,-0.039,0.078,-0.100
0.466,-0.128,-0.131,4.000,-0.039,0.078,-0.100
0.466,-0.128,-0.131,4.000,-0.039,0.078,-0.100
0.466,-0.128,-0.131,4.000,-0.039,0.078,-0.100
0.466,-0.128,-0.131,4.000,-0.039,0.078,-0.100
0.466,-0.128,-0.131,4.000,-0.039,0.078,-0.100
0.466,-0.128,-0.131,4.000,-0.039,0.078,-0.100
0.466,-0.128,-0.131,4.000,-0.039,0.078,-0.100
0.466,-0.128,-0.131,4.000,-0.039,0.078,-0.100
0.466,-0.128,-0.131,4.000,-0.039,0.078,-0.100
0.466,-0.128,-0.131,0.000,-0.039,0.077,-0.100
0.464,-0.155,-0.155,0.100,-0.039,0.078,-0.098
0.460,-0.181,-0.179,0.200,-0.038,0.078,-0.097
0.452,-0.208,-0.202,0.300,-0.038,0.078,-0.095
0.441,-0.234,-0.224,0.400,-0.037,0.079,-0.094
0.427,-0.259,-0.245,0.500,-0.036,0.079,-0.092
0.410,-0.284,-0.265,0.600,-0.035,0.080,-0.091
0.390,-0.308,-0.283,0.700,-0.033,0.081,-0.090
0.368,-0.330,-0.299,0.800,-0.032,0.082,-0.088
0.343,-0.352,-0.313,0.900,-0.030,0.083,-0.087
0.317,-0.372,-0.325,1.000,-0.028,0.084,-0.086
0.288,-0.390,-0.334,1.100,-0.025,0.085,-0.085
0.258,-0.407,-0.341,1.200,-0.023,0.087,-0.084
0.227,-0.421,-0.344,1.300,-0.020,0.088,-0.083
0.195,-0.434,-0.345,1.400,-0.018,0.090,-0.082
0.162,-0.443,-0.342,1.500,-0.015,0.091,-0.082
0.129,-0.451,-0.336,1.600,-0.012,0.093,-0.081
0.096,-0.455,-0.327,1.700,-0.009,0.095,-0.081
0.063,-0.457,-0.315,1.800,-0.006,0.096,-0.080
0.031,-0.456,-0.299,1.900,-0.003,0.098,-0.080
0.000,-0.452,-0.280,2.000,-0.000,0.100,-0.080
-0.030,-0.446,-0.257,2.100,0.003,0.102,-0.080
-0.059,-0.436,-0.232,2.200,0.006,0.104,-0.080
-0.086,-0.424,-0.205,2.300,0.009,0.105,-0.081
-0.112,-0.409,-0.174,2.400,0.012,0.107,-0.081
-0.136,-0.392,-0.142,2.500,0.015,0.109,-0.082
-0.159,-0.373,-0.107,2.600,0.018,0.110,-0.082
-0.180,-0.351,-0.071,2.700,0.020,0.112,-0.083
-0.200,-0.328,-0.034,2.800,0.023,0.113,-0.084
-0.217,-0.303,0.005,2.900,0.025,0.115,-0.085
-0.233,-0.277,0.044,3.000,0.028,0.116,-0.086
-0.248,-0.249,0.083,3.100,0.030,0.117,-0.087
-0.261,-0.221,0.123,3.200,0.032,0.118,-0.088
-0.272,-0.192,0.162,3.300,0.033,0.119,-0.090
-0.282,-0.163,0.201,3.400,0.035,0.120,-0.091
-0.290,-0.133,0.238,3.500,0.036,0.121,-0.092
-0.296,-0.104,0.275,3.600,0.037,0.121,-0.094
-0.301,-0.075,0.309,3.700,0.038,0.122,-0.095
-0.305,-0.046,0.342,3.800,0.038,0.122,-0.097
-0.307,-0.018,0.373,3.900,0.039,0.122,-0.098
-0.308,0.009,0.401,4.000,0.039,0.123,-0.100
-0.308,0.009,0.401,4.000,0.039,0.123,-0.100
-0.308,0.009,0.401,4.000,0.039,0.123,-0.100
-0.308,0.009,0.401,4.000,0.039,0.123,-0.100
-0.308,0.009,0.401,4.000,0.039,0.123,-0.100
-0.308,0.009,0.401,4.000,0.039,0.123,-0.100
-0.308,0.009,0.401,4.000,0.039,0.123,-0.100
-0.308,0.009,0.401,4.000,0.039,0.123,-0.100
-0.308,0.009,0.401,4.000,0.039,0.123,-0.100
-0.308,0.009,0.401,4.000,0.039,0.123,-0.100
-0.308,0.009,0.401,4.000,0.039,0.123,-0.100
-0.308,0.009,0.401,4.000,0.039,0.123,-0.100
-0.308,0.009,0.401,4.000,0.039,0.123,-0.100
-0.308,0.009,0.401,4.000,0.039,0.123,-0.100
-0.308,0.009,0.401,4.000,0.039,0.123,-0.100
-0.308,0.009,0.401,4.000,0.039,0.123,-0.100
-0.308,0.009,0.401,4.000,0.039,0.123,-0.100
-0.308,0.009,0.401,4.000,0.039,0.123,-0.100
-0.308,0.009,0.401,4.000,0.039,0.123,-0.100
-0.308,0.009,0.401,0.000,0.039,0.123,-0.100
-0.296,-0.002,0.373,0.100,0.037,0.121,-0.100
-0.284,-0.013,0.346,0.200,0.035,0.120,-0.100
-0.271,-0.023,0.320,0.300,0.033,0.119,-0.100
-0.258,-0.032,0.295,0.400,0.031,0.118,-0.100
-0.245,-0.040,0.271,0.500,0.029,0.117,-0.100
-0.231,-0.049,0.248,0.600,0.027,0.116,-0.100
-0.217,-0.056,0.226,0.700,0.025,0.115,-0.100
-0.203,-0.063,0.205,0.800,0.023,0.114,-0.100
-0.188,-0.070,0.184,0.900,0.021,0.112,-0.100
-0.173,-0.076,0.165,1.000,0.019,0.111,-0.100
-0.158,-0.081,0.145,1.100,0.018,0.110,-0.100
-0.142,-0.087,0.127,1.200,0.016,0.109,-0.100
-0.126,-0.091,0.110,1.300,0.014,0.108,-0.100
-0.109,-0.096,0.093,1.400,0.012,0.107,-0.100
-0.092,-0.100,0.076,1.500,0.010,0.106,-0.100
-0.074,-0.104,0.061,1.600,0.008,0.105,-0.100
-0.056,-0.107,0.046,1.700,0.006,0.103,-0.100
-0.038,-0.110,0.032,1.800,0.004,0.102,-0.100
-0.019,-0.113,0.018,1.900,0.002,0.101,-0.100
0.000,-0.115,0.005,2.000,-0.000,0.100,-0.100
0.020,-0.117,-0.007,2.100,-0.002,0.099,-0.100
0.040,-0.119,-0.019,2.200,-0.004,0.098,-0.100
0.060,-0.121,-0.030,2.300,-0.006,0.097,-0.100
0.081,-0.122,-0.041,2.400,-0.008,0.095,-0.100
0.103,-0.123,-0.050,2.500,-0.010,0.094,-0.100
0.125,-0.124,-0.060,2.600,-0.012,0.093,-0.100
0.147,-0.125,-0.068,2.700,-0.014,0.092,-0.100
0.170,-0.126,-0.077,2.800,-0.016,0.091,-0.100
0.193,-0.126,-0.084,2.900,-0.018,0.090,-0.100
0.216,-0.127,-0.091,3.000,-0.019,0.089,-0.100
0.240,-0.127,-0.098,3.100,-0.021,0.088,-0.100
0.264,-0.128,-0.103,3.200,-0.023,0.086,-0.100
0.288,-0.128,-0.109,3.300,-0.025,0.085,-0.100
0.313,-0.128,-0.114,3.400,-0.027,0.084,-0.100
0.338,-0.128,-0.118,3.500,-0.029,0.083,-0.100
0.363,-0.128,-0.121,3.600,-0.031,0.082,-0.100
0.389,-0.128,-0.125,3.700,-0.033,0.081,-0.100
0.414,-0.128,-0.127,3.800,-0.035,0.080,-0.100
0.440,-0.128,-0.129,3.900,-0.037,0.079,-0.100
0.466,-0.128,-0.131,4.000,-0.039,0.078,-0.100
0.466,-0.128,-0.131,4.000,-0.039,0.078,-0.100
0.466,-0.128,-0.131,4.000,-0.039,0.078,-0.100
0.466,-0.128,-0.131,4.000,-0.039,0.078,-0.100
0.466,-0.128,-0.131,4.000,-0.039,0.078,-0.100
0.466,-0.128,-0.131,4.000,-0.039,0.078,-0.100
0.466,-0.128,-0.131,4.000,-0.039,0.078,-0.100
0.466,-0.128,-0.131,4.000,-0.039,0.078,-0.100
0.466,-0.128,-0.131,4.000,-0.039,0.078,-0.100
0.466,-0.128,-0.131,4.000,-0.039,0.078,-0.100
0.466,-0.128,-0.131,4.000,-0.039,0.078,-0.100
0.466,-0.128,-0.131,4.000,-0.039,0.078,-0.100
0.466,-0.128,-0.131,4.000,-0.039,0.078,-0.100
0.466,-0.128,-0.131,4.000,-0.039,0.078,-0.100
0.466,-0.128,-0.131,4.000,-0.039,0.078,-0.100
0.466,-0.128,-0.131,4.000,-0.039,0.078,-0.100
0.466,-0.128,-0.131,4.000,-0.039,0.078,-0.100
0.466,-0.128,-0.131,4.000,-0.039,0.078,-0.100
0.466,-0.128,-0.131,4.000,-0.039,0.078,-0.100
0.466,-0.128,-0.131,4.000,-0.039,0.078,-0.100
0.466,-0.128,-0.131,4.000,-0.039,0.078,-0.100
0.466,-0.128,-0.131,4.000,-0.039,0.078,-0.100
0.466,-0.128,-0.131,0.000,-0.039,0.077,-0.100
0.464,-0.155,-0.155,0.100,-0.039,0.078,-0.098
0.460,-0.181,-0.179,0.200,-0.038,0.078,-0.097
0.452,-0.208,-0.202,0.300,-0.038,0.078,-0.095
0.441,-0.234,-0.224,0.400,-0.037,0.079,-0.094
0.427,-0.259,-0.245,0.500,-0.036,0.079,-0.092
0.410,-0.284,-0.265,0.600,-0.035,0.080,-0.091
0.390,-0.308,-0.283,0.700,-0.033,0.081,-0.090
0.368,-0.330,-0.299,0.800,-0.032,0.082,-0.088
0.343,-0.352,-0.313,0.900,-0.030,0.083,-0.087
0.317,-0.372,-0.325,1.000,-0.028,0.084,-0.086
0.288,-0.390,-0.334,1.100,-0.025,0.085,-0.085
0.258,-0.407,-0.341,1.200,-0.023,0.087,-0.084
0.227,-0.421,-0.344,1.300,-0.020,0.088,-0.083
0.195,-0.434,-0.345,1.400,-0.018,0.090,-0.082
0.162,-0.443,-0.342,1.500,-0.015,0.091,-0.082
0.129,-0.451,-0.336,1.600,-0.012,0.093,-0.081
0.096,-0.455,-0.327,1.700,-0.009,0.095,-0.081
0.063,-0.457,-0.315,1.800,-0.006,0.096,-0.080
0.031,-0.456,-0.299,1.900,-0.003,0.098,-0.080
0.000,-0.452,-0.280,2.000,-0.000,0.100,-0.080
-0.030,-0.446,-0.257,2.100,0.003,0.102,-0.080
-0.059,-0.436,-0.232,2.200,0.006,0.104,-0.080
-0.086,-0.424,-0.205,2.300,0.009,0.105,-0.081
-0.112,-0.409,-0.174,2.400,0.012,0.107,-0.081
-0.136,-0.392,-0.142,2.500,0.015,0.109,-0.082
-0.159,-0.373,-0.107,2.600,0.018,0.110,-0.082
-0.180,-0.351,-0.071,2.700,0.020,0.112,-0.083
-0.200,-0.328,-0.034,2.800,0.023,0.113,-0.084
-0.217,-0.303,0.005,2.900,0.025,0.115,-0.085
-0.233,-0.277,0.044,3.000,0.028,0.116,-0.086
-0.248,-0.249,0.083,3.100,0.030,0.117,-0.087
-0.261,-0.221,0.123,3.200,0.032,0.118,-0.088
-0.272,-0.192,0.162,3.300,0.033,0.119,-0.090
-0.282,-0.163,0.201,3.400,0.035,0.120,-0.091
-0.290,-0.133,0.238,3.500,0.036,0.121,-0.092
-0.296,-0.104,0.275,3.600,0.037,0.121,-0.094
-0.301,-0.075,0.309,3.700,0.038,0.122,-0.095
-0.305,-0.046,0.342,3.800,0.038,0.122,-0.097
-0.307,-0.018,0.373,3.900,0.039,0.122,-0.098
-0.308,0.009,0.401,4.000,0.039,0.123,-0.100
-0.308,0.009,0.401,4.000,0.039,0.123,-0.100
-0.308,0.009,0.401,4.000,0.039,0.123,-0.100
-0.308,0.009,0.401,4.000,0.039,0.123,-0.100
-0.308,0.009,0.401,4.000,0.039,0.123,-0.100
-0.308,0.009,0.401,4.000,0.039,0.123,-0.100
-0.308,0.009,0.401,4.000,0.039,0.123,-0.100
-0.308,0.009,0.401,4.000,0.039,0.123,-0.100
-0.308,0.009,0.401,4.000,0.039,0.123,-0.100
-0.308,0.009,0.401,4.000,0.039,0.123,-0.100
-0.308,0.009,0.401,4.000,0.039,0.123,-0.100
-0.308,0.009,0.401,4.000,0.039,0.123,-0.100
-0.308,0.009,0.401,4.000,0.039,0.123,-0.100
-0.308,0.009,0.401,4.000,0.039,0.123,-0.100
-0.308,0.009,0.401,4.000,0.039,0.123,-0.100
-0.308,0.009,0.401,4.000,0.039,0.123,-0.100
-0.308,0.009,0.401,4.000,0.039,0.123,-0.100
-0.308,0.009,0.401,4.000,0.039,0.123,-0.100
-0.308,0.009,0.401,4.000,0.039,0.123,-0.100
-0.308,0.009,0.401,0.000,0.039,0.123,-0.100
-0.296,-0.002,0.373,0.100,0.037,0.121,-0.100
-0.284,-0.013,0.346,0.200,0.035,0.120,-0.100
-0.271,-0.023,0.320,0.300,0.033,0.119,-0.100
-0.258,-0.032,0.295,0.400,0.031,0.118,-0.100
-0.245,-0.040,0.271,0.500,0.029,0.117,-0.100
-0.231,-0.049,0.248,0.600,0.027,0.116,-0.100
-0.217,-0.056,0.226,0.700,0.025,0.115,-0.100
-0.203,-0.063,0.205,0.800,0.023,0.114,-0.100
-0.188,-0.070,0.184,0.900,0.021,0.112,-0.100
-0.173,-0.076,0.165,1.000,0.019,0.111,-0.100
-0.158,-0.081,0.145,1.100,0.018,0.110,-0.100
-0.142,-0.087,0.127,1.200,0.016,0.109,-0.100
-0.126,-0.091,0.110,1.300,0.014,0.108,-0.100
-0.109,-0.096,0.093,1.400,0.012,0.107,-0.100
-0.092,-0.100,0.076,1.500,0.010,0.106,-0.100
-0.074,-0.104,0.061,1.600,0.008,0.105,-0.100
-0.056,-0.107,0.046,1.700,0.006,0.103,-0.100
-0.038,-0.110,0.032,1.800,0.004,0.102,-0.100
-0.019,-0.113,0.018,1.900,0.002,0.101,-0.100
0.000,-0.115,0.005,2.000,-0.000,0.100,-0.100
0.020,-0.117,-0.007,2.100,-0.002,0.099,-0.100
0.040,-0.119,-0.019,2.200,-0.004,0.098,-0.100
0.060,-0.121,-0.030,2.300,-0.006,0.097,-0.100
0.081,-0.122,-0.041,2.400,-0.008,0.095,-0.100
0.103,-0.123,-0.050,2.500,-0.010,0.094,-0.100
0.125,-0.124,-0.060,2.600,-0.012,0.093,-0.100
0.147,-0.125,-0.068,2.700,-0.014,0.092,-0.100
0.170,-0.126,-0.077,2.800,-0.016,0.091,-0.100
0.193,-0.126,-0.084,2.900,-0.018,0.090,-0.100
0.216,-0.127,-0.091,3.000,-0.019,0.089,-0.100
0.240,-0.127,-0.098,3.100,-0.021,0.088,-0.100
0.264,-0.128,-0.103,3.200,-0.023,0.086,-0.100
0.288,-0.128,-0.109,3.300,-0.025,0.085,-0.100
0.313,-0.128,-0.114,3.400,-0.027,0.084,-0.100
0.338,-0.128,-0.118,3.500,-0.029,0.083,-0.100
0.363,-0.128,-0.121,3.600,-0.031,0.082,-0.100
0.389,-0.128,-0.125,3.700,-0.033,0.081,-0.100
0.414,-0.128,-0.127,3.800,-0.035,0.080,-0.100
0.440,-0.128,-0.129,3.900,-0.037,0.079,-0.100
0.466,-0.128,-0.131,4.000,-0.039,0.078,-0.100
0.466,-0.128,-0.131,4.000,-0.039,0.078,-0.100
0.466,-0.128,-0.131,4.000,-0.039,0.078,-0.100
0.466,-0.128,-0.131,4.000,-0.039,0.078,-0.100
0.466,-0.128,-0.131,4.000,-0.039,0.078,-0.100
0.466,-0.128,-0.131,4.000,-0.039,0.078,-0.100
0.466,-0.128,-0.131,4.000,-0.039,0.078,-0.100
0.466,-0.128,-0.131,4.000,-0.039,0.078,-0.100
0.466,-0.128,-0.131,4.000,-0.039,0.078,-0.100
0.466,-0.128,-0.131,4.000,-0.039,0.078,-0.100
0.466,-0.128,-0.131,4.000,-0.039,0.078,-0.100
0.466,-0.128,-0.131,4.000,-0.039,0.078,-0.100
0.466,-0.128,-0.131,4.000,-0.039,0.078,-0.100
0.466,-0.128,-0.131,4.000,-0.039,0.078,-0.100
0.466,-0.128,-0.131,4.000,-0.039,0.078,-0.100
0.466,-0.128,-0.131,4.000,-0.039,0.078,-0.100
0.466,-0.128,-0.131,4.000,-0.039,0.078,-0.100
0.466,-0.128,-0.131,4.000,-0.039,0.078,-0.100
0.466,-0.128,-0.131,4.000,-0.039,0.078,-0.100
0.466,-0.128,-0.131,4.000,-0.039,0.078,-0.100
0.466,-0.128,-0.131,4.000,-0.039,0.078,-0.100
0.466,-0.128,-0.131,4.000,-0.039,0.078,-0.100
0.466,-0.128,-0.131,4.000,-0.039,0.078,-0.100
0.466,-0.128,-0.131,4.000,-0.039,0.078,-0.100
0.466,-0.128,-0.131,4.000,-0.039,0.078,-0.100
0.466,-0.128,-0.131,0.000,-0.039,0.077,-0.100
0.464,-0.155,-0.155,0.100,-0.039,0.078,-0.098
0.460,-0.181,-0.179,0.200,-0.038,0.078,-0.097
0.452,-0.208,-0.202,0.300,-0.038,0.078,-0.095
0.441,-0.234,-0.224,0.400,-0.037,0.079,-0.094
0.427,-0.259,-0.245,0.500,-0.036,0.079,-0.092
0.410,-0.284,-0.265,0.600,-0.035,0.080,-0.091
0.390,-0.308,-0.283,0.700,-0.033,0.081,-0.090
0.368,-0.330,-0.299,0.800,-0.032,0.082,-0.088
0.343,-0.352,-0.313,0.900,-0.030,0.083,-0.087
0.317,-0.372,-0.325,1.000,-0.028,0.084,-0.086
0.288,-0.390,-0.334,1.100,-0.025,0.085,-0.085
0.258,-0.407,-0.341,1.200,-0.023,0.087,-0.084
0.227,-0.421,-0.344,1.300,-0.020,0.088,-0.083
0.195,-0.434,-0.345,1.400,-0.018,0.090,-0.082
0.162,-0.443,-0.342,1.500,-0.015,0.091,-0.082
0.129,-0.451,-0.336,1.600,-0.012,0.093,-0.081
0.096,-0.455,-0.327,1.700,-0.009,0.095,-0.081
0.063,-0.457,-0.315,1.800,-0.006,0.096,-0.080
0.031,-0.456,-0.299,1.900,-0.003,0.098,-0.080
0.000,-0.452,-0.280,2.000,-0.000,0.100,-0.080
-0.030,-0.446,-0.257,2.100,0.003,0.102,-0.080
-0.059,-0.436,-0.232,2.200,0.006,0.104,-0.080
-0.086,-0.424,-0.205,2.300,0.009,0.105,-0.081
-0.112,-0.409,-0.174,2.400,0.012,0.107,-0.081
-0.136,-0.392,-0.142,2.500,0.015,0.109,-0.082
-0.159,-0.373,-0.107,2.600,0.018,0.110,-0.082
-0.180,-0.351,-0.071,2.700,0.020,0.112,-0.083
-0.200,-0.328,-0.034,2.800,0.023,0.113,-0.084
-0.217,-0.303,0.005,2.900,0.025,0.115,-0.085
-0.233,-0.277,0.044,3.000,0.028,0.116,-0.086
-0.248,-0.249,0.083,3.100,0.030,0.117,-0.087
-0.261,-0.221,0.123,3.200,0.032,0.118,-0.088
-0.272,-0.192,0.162,3.300,0.033,0.119,-0.090
-0.282,-0.163,0.201,3.400,0.035,0.120,-0.091
-0.290,-0.133,0.238,3.500,0.036,0.121,-0.092
-0.296,-0.104,0.275,3.600,0.037,0.121,-0.094
-0.301,-0.075,0.309,3.700,0.038,0.122,-0.095
-0.305,-0.046,0.342,3.800,0.038,0.122,-0.097
-0.307,-0.018,0.373,3.900,0.039,0.122,-0.098
-0.308,0.009,0.401,4.000,0.039,0.123,-0.100
-0.308,0.009,0.401,4.000,0.039,0.123,-0.100
-0.308,0.009,0.401,4.000,0.039,0.123,-0.100
-0.308,0.009,0.401,4.000,0.039,0.123,-0.100
-0.308,0.009,0.401,4.000,0.039,0.123,-0.100
-0.308,0.009,0.401,4.000,0.039,0.123,-0.100
-0.308,0.009,0.401,4.000,0.039,0.123,-0.100
-0.308,0.009,0.401,4.000,0.039,0.123,-0.100
-0.308,0.009,0.401,4.000,0.039,0.123,-0.100
-0.308,0.009,0.401,4.000,0.039,0.123,-0.100
-0.308,0.009,0.401,4.000,0.039,0.123,-0.100
-0.308,0.009,0.401,4.000,0.039,0.123,-0.100
-0.308,0.009,0.401,4.000,0.039,0.123,-0.100
-0.308,0.009,0.401,4.000,0.039,0.123,-0.100
-0.308,0.009,0.401,4.000,0.039,0.123,-0.100
-0.308,0.009,0.401,4.000,0.039,0.123,-0.100
-0.308,0.009,0.401,4.000,0.039,0.123,-0.100
-0.308,0.009,0.401,4.000,0.039,0.123,-0.100
-0.308,0.009,0.401,0.000,0.039,0.123,-0.100
-0.296,-0.002,0.373,0.100,0.037,0.121,-0.100
-0.284,-0.013,0.346,0.200,0.035,0.120,-0.100
-0.271,-0.023,0.320,0.300,0.033,0.119,-0.100
-0.258,-0.032,0.295,0.400,0.031,0.118,-0.100
-0.245,-0.040,0.271,0.500,0.029,0.117,-0.100
-0.231,-0.049,0.248,0.600,0.027,0.116,-0.100
-0.217,-0.056,0.226,0.700,0.025,0.115,-0.100
-0.203,-0.063,0.205,0.800,0.023,0.114,-0.100
-0.188,-0.070,0.184,0.900,0.021,0.112,-0.100
-0.173,-0.076,0.165,1.000,0.019,0.111,-0.100
-0.158,-0.081,0.145,1.100,0.018,0.110,-0.100
-0.142,-0.087,0.127,1.200,0.016,0.109,-0.100
-0.126,-0.091,0.110,1.300,0.014,0.108,-0.100
-0.109,-0.096,0.093,1.400,0.012,0.107,-0.100
-0.092,-0.100,0.076,1.500,0.010,0.106,-0.100
-0.074,-0.104,0.061,1.600,0.008,0.105,-0.100
-0.056,-0.107,0.046,1.700,0.006,0.103,-0.100
-0.038,-0.110,0.032,1.800,0.004,0.102,-0.100
-0.019,-0.113,0.018,1.900,0.002,0.101,-0.100
0.000,-0.115,0.005,2.000,-0.000,0.100,-0.100
0.020,-0.117,-0.007,2.100,-0.002,0.099,-0.100
0.040,-0.119,-0.019,2.200,-0.004,0.098,-0.100
0.060,-0.121,-0.030,2.300,-0.006,0.097,-0.100
0.081,-0.122,-0.041,2.400,-0.008,0.095,-0.100
0.103,-0.123,-0.050,2.500,-0.010,0.094,-0.100
0.125,-0.124,-0.060,2.600,-0.012,0.093,-0.100
0.147,-0.125,-0.068,2.700,-0.014,0.092,-0.100
0.170,-0.126,-0.077,2.800,-0.016,0.091,-0.100
0.193,-0.126,-0.084,2.900,-0.018,0.090,-0.100
0.216,-0.127,-0.091,3.000,-0.019,0.089,-0.100
0.240,-0.127,-0.098,3.100,-0.021,0.088,-0.100
0.264,-0.128,-0.103,3.200,-0.023,0.086,-0.100
0.288,-0.128,-0.109,3.300,-0.025,0.085,-0.100
0.313,-0.128,-0.114,3.400,-0.027,0.084,-0.100
0.338,-0.128,-0.118,3.500,-0.029,0.083,-0.100
0.363,-0.128,-0.121,3.600,-0.031,0.082,-0.100
0.389,-0.128,-0.125,3.700,-0.033,0.081,-0.100
0.414,-0.128,-0.127,3.800,-0.035,0.080,-0.100
0.440,-0.128,-0.129,3.900,-0.037,0.079,-0.100
0.466,-0.128,-0.131,4.000,-0.039,0.078,-0.100
0.466,-0.128,-0.131,4.000,-0.039,0.078,-0.100
0.466,-0.128,-0.131,4.000,-0.039,0.078,-0.100
0.466,-0.128,-0.131,4.000,-0.039,0.078,-0.100
0.466,-0.128,-0.131,4.000,-0.039,0.078,-0.100
0.466,-0.128,-0.131,4.000,-0.039,0.078,-0.100
0.466,-0.128,-0.131,4.000,-0.039,0.078,-0.100
0.466,-0.128,-0.131,4.000,-0.039,0.078,-0.100
0.466,-0.128,-0.131,4.000,-0.039,0.078,-0.100
0.466,-0.128,-0.131,4.000,-0.039,0.078,-0.100
0.466,-0.128,-0.131,4.000,-0.039,0.078,-0.100
0.466,-0.128,-0.131,4.000,-0.039,0.078,-0.100
0.466,-0.128,-0.131,4.000,-0.039,0.078,-0.100
0.466,-0.128,-0.131,4.000,-0.039,0.078,-0.100
0.466,-0.128,-0.131,4.000,-0.039,0.078,-0.100
0.466,-0.128,-0.131,4.000,-0.039,0.078,-0.100
0.466,-0.128,-0.131,4.000,-0.039,0.078,-0.100
0.466,-0.128,-0.131,4.000,-0.039,0.078,-0.100
0.466,-0.128,-0.131,4.000,-0.039,0.078,-0.100
0.466,-0.128,-0.131,4.000,-0.039,0.078,-0.100
0.466,-0.128,-0.131,0.000,-0.039,0.077,-0.100
0.464,-0.155,-0.155,0.100,-0.039,0.078,-0.098
0.460,-0.181,-0.179,0.200,-0.038,0.078,-0.097
0.452,-0.208,-0.202,0.300,-0.038,0.078,-0.095
0.441,-0.234,-0.224,0.400,-0.037,0.079,-0.094
0.427,-0.259,-0.245,0.500,-0.036,0.079,-0.092
0.410,-0.284,-0.265,0.600,-0.035,0.080,-0.091
0.390,-0.308,-0.283,0.700,-0.033,0.081,-0.090
0.368,-0.330,-0.299,0.800,-0.032,0.082,-0.088
0.343,-0.352,-0.313,0.900,-0.030,0.083,-0.087
0.317,-0.372,-0.325,1.000,-0.028,0.084,-0.086
0.288,-0.390,-0.334,1.100,-0.025,0.085,-0.085
0.258,-0.407,-0.341,1.200,-0.023,0.087,-0.084
0.227,-0.421,-0.344,1.300,-0.020,0.088,-0.083
0.195,-0.434,-0.345,1.400,-0.018,0.090,-0.082
0.162,-0.443,-0.342,1.500,-0.015,0.091,-0.082
0.129,-0.451,-0.336,1.600,-0.012,0.093,-0.081
0.096,-0.455,-0.327,1.700,-0.009,0.095,-0.081
0.063,-0.457,-0.315,1.800,-0.006,0.096,-0.080
0.031,-0.456,-0.299,1.900,-0.003,0.098,-0.080
0.000,-0.452,-0.280,2.000,-0.000,0.100,-0.080
-0.030,-0.446,-0.257,2.100,0.003,0.102,-0.080
-0.059,-0.436,-0.232,2.200,0.006,0.104,-0.080
-0.086,-0.424,-0.205,2.300,0.009,0.105,-0.081
-0.112,-0.409,-0.174,2.400,0.012,0.107,-0.081
-0.136,-0.392,-0.142,2.500,0.015,0.109,-0.082
-0.159,-0.373,-0.107,2.600,0.018,0.110,-0.082
-0.180,-0.351,-0.071,2.700,0.020,0.112,-0.083
-0.200,-0.328,-0.034,2.800,0.023,0.113,-0.084
-0.217,-0.303,0.005,2.900,0.025,0.115,-0.085
-0.233,-0.277,0.044,3.000,0.028,0.116,-0.086
-0.248,-0.249,0.083,3.100,0.030,0.117,-0.087
-0.261,-0.221,0.123,3.200,0.032,0.118,-0.088
-0.272,-0.192,0.162,3.300,0.033,0.119,-0.090
-0.282,-0.163,0.201,3.400,0.035,0.120,-0.091
-0.290,-0.133,0.238,3.500,0.036,0.121,-0.092
-0.296,-0.104,0.275,3.600,0.037,0.121,-0.094
-0.301,-0.075,0.309,3.700,0.038,0.122,-0.095
-0.305,-0.046,0.342,3.800,0.038,0.122,-0.097
-0.307,-0.018,0.373,3.900,0.039,0.122,-0.098
-0.308,0.009,0.401,4.000,0.039,0.123,-0.100
-0.308,0.009,0.401,4.000,0.039,0.123,-0.100
-0.308,0.009,0.401,4.000,0.039,0.123,-0.100
-0.308,0.009,0.401,4.000,0.039,0.123,-0.100
-0.308,0.009,0.401,4.000,0.039,0.123,-0.100
-0.308,0.009,0.401,4.000,0.039,0.123,-0.100
-0.308,0.009,0.401,4.000,0.039,0.123,-0.100
-0.308,0.009,0.401,4.000,0.039,0.123,-0.100
-0.308,0.009,0.401,4.000,0.039,0.123,-0.100
-0.308,0.009,0.401,4.000,0.039,0.123,-0.100
-0.308,0.009,0.401,4.000,0.039,0.123,-0.100
-0.308,0.009,0.401,4.000,0.039,0.123,-0.100
-0.308,0.009,0.401,4.000,0.039,0.123,-0.100
-0.308,0.009,0.401,4.000,0.039,0.123,-0.100
-0.308,0.009,0.401,4.000,0.039,0.123,-0.100
-0.308,0.009,0.401,4.000,0.039,0.123,-0.100
-0.308,0.009,0.401,4.000,0.039,0.123,-0.100
-0.308,0.009,0.401,4.000,0.039,0.123,-0.100
-0.308,0.009,0.401,4.000,0.039,0.123,-0.100
-0.308,0.009,0.401,4.000,0.039,0.123,-0.100
-0.308,0.009,0.401,0.000,0.039,0.123,-0.100
-0.296,-0.002,0.373,0.100,0.037,0.121,-0.100
-0.284,-0.013,0.346,0.200,0.035,0.120,-0.100
-0.271,-0.023,0.320,0.300,0.033,0.119,-0.100
-0.258,-0.032,0.295,0.400,0.031,0.118,-0.100
-0.245,-0.040,0.271,0.500,0.029,0.117,-0.100
-0.231,-0.049,0.248,0.600,0.027,0.116,-0.100
-0.217,-0.056,0.226,0.700,0.025,0.115,-0.100
-0.203,-0.063,0.205,0.800,0.023,0.114,-0.100
-0.188,-0.070,0.184,0.900,0.021,0.112,-0.100
-0.173,-0.076,0.165,1.000,0.019,0.111,-0.100
-0.158,-0.081,0.145,1.100,0.018,0.110,-0.100
-0.142,-0.087,0.127,1.200,0.016,0.109,-0.100
-0.126,-0.091,0.110,1.300,0.014,0.108,-0.100
-0.109,-0.096,0.093,1.400,0.012,0.107,-0.100
-0.092,-0.100,0.076,1.500,0.010,0.106,-0.100
-0.074,-0.104,0.061,1.600,0.008,0.105,-0.100
-0.056,-0.107,0.046,1.700,0.006,0.103,-0.100
-0.038,-0.110,0.032,1.800,0.004,0.102,-0.100
-0.019,-0.113,0.018,1.900,0.002,0.101,-0.100
0.000,-0.115,0.005,2.000,-0.000,0.100,-0.100
0.020,-0.117,-0.007,2.100,-0.002,0.099,-0.100
0.040,-0.119,-0.019,2.200,-0.004,0.098,-0.100
0.060,-0.121,-0.030,2.300,-0.006,0.097,-0.100
0.081,-0.122,-0.041,2.400,-0.008,0.095,-0.100
0.103,-0.123,-0.050,2.500,-0.010,0.094,-0.100
0.125,-0.124,-0.060,2.600,-0.012,0.093,-0.100
0.147,-0.125,-0.068,2.700,-0.014,0.092,-0.100
0.170,-0.126,-0.077,2.800,-0.016,0.091,-0.100
0.193,-0.126,-0.084,2.900,-0.018,0.090,-0.100
0.216,-0.127,-0.091,3.000,-0.019,0.089,-0.100
0.240,-0.127,-0.098,3.100,-0.021,0.088,-0.100
0.264,-0.128,-0.103,3.200,-0.023,0.086,-0.100
0.288,-0.128,-0.109,3.300,-0.025,0.085,-0.100
0.313,-0.128,-0.114,3.400,-0.027,0.084,-0.100
0.338,-0.128,-0.118,3.500,-0.029,0.083,-0.100
0.363,-0.128,-0.121,3.600,-0.031,0.082,-0.100
0.389,-0.128,-0.125,3.700,-0.033,0.081,-0.100
0.414,-0.128,-0.127,3.800,-0.035,0.080,-0.100
0.440,-0.128,-0.129,3.900,-0.037,0.079,-0.100
0.466,-0.128,-0.131,4.000,-0.039,0.078,-0.100
0.466,-0.128,-0.131,4.000,-0.039,0.078,-0.100
0.466,-0.128,-0.131,4.000,-0.039,0.078,-0.100
0.466,-0.128,-0.131,4.000,-0.039,0.078,-0.100
0.466,-0.128,-0.131,4.000,-0.039,0.078,-0.100
0.466,-0.128,-0.131,4.000,-0.039,0.078,-0.100
0.466,-0.128,-0.131,4.000,-0.039,0.078,-0.100
0.466,-0.128,-0.131,4.000,-0.039,0.078,-0.100
0.466,-0.128,-0.131,4.000,-0.039,0.078,-0.100
0.466,-0.128,-0.131,4.000,-0.039,0.078,-0.100
0.466,-0.128,-0.131,4.000,-0.039,0.078,-0.100
0.466,-0.128,-0.131,4.000,-0.039,0.078,-0.100
0.466,-0.128,-0.131,4.000,-0.039,0.078,-0.100
0.466,-0.128,-0.131,4.000,-0.039,0.078,-0.100
0.466,-0.128,-0.131,4.000,-0.039,0.078,-0.100
0.466,-0.128,-0.131,4.000,-0.039,0.078,-0.100
0.466,-0.128,-0.131,4.000,-0.039,0.078,-0.100
0.466,-0.128,-0.131,4.000,-0.039,0.078,-0.100
0.466,-0.128,-0.131,4.000,-0.039,0.078,-0.100
0.466,-0.128,-0.131,4.000,-0.039,0.078,-0.100
0.466,-0.128,-0.131,4.000,-0.039,0.078,-0.100
0.466,-0.128,-0.131,4.000,-0.039,0.078,-0.100
0.466,-0.128,-0.131,4.000,-0.039,0.078,-0.100
0.466,-0.128,-0.131,0.000,-0.039,0.077,-0.100
0.464,-0.168,-0.167,0.100,-0.039,0.078,-0.098
0.457,-0.208,-0.203,0.200,-0.038,0.078,-0.095
0.445,-0.247,-0.236,0.300,-0.037,0.078,-0.093
0.430,-0.285,-0.267,0.400,-0.036,0.079,-0.091
0.410,-0.320,-0.295,0.500,-0.035,0.080,-0.089
0.387,-0.353,-0.320,0.600,-0.033,0.081,-0.087
0.360,-0.383,-0.341,0.700,-0.031,0.082,-0.085
0.331,-0.410,-0.357,0.800,-0.029,0.083,-0.084
0.299,-0.432,-0.369,0.900,-0.026,0.085,-0.082
0.266,-0.449,-0.375,1.000,-0.024,0.086,-0.081
0.232,-0.462,-0.376,1.100,-0.021,0.088,-0.081
0.197,-0.469,-0.372,1.200,-0.018,0.090,-0.080
0.163,-0.470,-0.363,1.300,-0.015,0.091,-0.080
0.129,-0.467,-0.349,1.400,-0.012,0.093,-0.080
0.097,-0.458,-0.329,1.500,-0.009,0.095,-0.080
0.066,-0.444,-0.306,1.600,-0.006,0.096,-0.081
0.037,-0.425,-0.278,1.700,-0.004,0.098,-0.082
0.011,-0.401,-0.246,1.800,-0.001,0.099,-0.083
-0.013,-0.374,-0.212,1.900,0.001,0.101,-0.084
-0.034,-0.343,-0.175,2.000,0.003,0.102,-0.086
-0.052,-0.310,-0.137,2.100,0.005,0.103,-0.088
-0.067,-0.274,-0.097,2.200,0.007,0.104,-0.090
-0.079,-0.237,-0.056,2.300,0.008,0.105,-0.092
-0.089,-0.198,-0.016,2.400,0.009,0.105,-0.094
-0.095,-0.158,0.024,2.500,0.010,0.106,-0.096
-0.098,-0.119,0.063,2.600,0.010,0.106,-0.099
-0.098,-0.119,0.063,2.600,0.010,0.106,-0.099
-0.098,-0.119,0.063,2.600,0.010,0.106,-0.099
-0.098,-0.119,0.063,2.600,0.010,0.106,-0.099
-0.098,-0.119,0.063,2.600,0.010,0.106,-0.099
-0.098,-0.119,0.063,2.600,0.010,0.106,-0.099
-0.098,-0.119,0.063,2.600,0.010,0.106,-0.099
-0.098,-0.119,0.063,2.600,0.010,0.106,-0.099
-0.098,-0.119,0.063,2.600,0.010,0.106,-0.099
-0.098,-0.119,0.063,2.600,0.010,0.106,-0.099
-0.098,-0.119,0.063,2.600,0.010,0.106,-0.099
-0.098,-0.119,0.063,2.600,0.010,0.106,-0.099
-0.098,-0.119,0.063,2.600,0.010,0.106,-0.099
-0.098,-0.119,0.063,2.600,0.010,0.106,-0.099
-0.098,-0.119,0.063,2.600,0.010,0.106,-0.099
-0.098,-0.119,0.063,2.600,0.010,0.106,-0.099
-0.098,-0.119,0.063,2.600,0.010,0.106,-0.099
-0.098,-0.119,0.063,2.600,0.010,0.106,-0.099
-0.098,-0.119,0.063,2.600,0.010,0.106,-0.099
-0.098,-0.119,0.063,2.600,0.010,0.106,-0.099
-0.098,-0.119,0.063,2.600,0.010,0.106,-0.099
-0.098,-0.119,0.063,2.600,0.010,0.106,-0.099
-0.098,-0.119,0.063,2.600,0.010,0.106,-0.099
-0.098,-0.098,0.082,0.000,0.010,0.106,-0.100
-0.081,-0.102,0.066,0.100,0.008,0.105,-0.100
-0.063,-0.106,0.051,0.200,0.007,0.104,-0.100
-0.045,-0.109,0.037,0.300,0.005,0.103,-0.100
-0.026,-0.112,0.023,0.400,0.003,0.102,-0.100
-0.007,-0.114,0.010,0.500,0.001,0.100,-0.100
0.013,-0.116,-0.003,0.600,-0.001,0.099,-0.100
0.033,-0.118,-0.015,0.700,-0.003,0.098,-0.100
0.053,-0.120,-0.026,0.800,-0.005,0.097,-0.100
0.074,-0.122,-0.037,0.900,-0.007,0.096,-0.100
0.095,-0.123,-0.047,1.000,-0.009,0.095,-0.100
0.117,-0.124,-0.056,1.100,-0.011,0.094,-0.100
0.139,-0.125,-0.065,1.200,-0.013,0.093,-0.100
0.161,-0.126,-0.074,1.300,-0.015,0.091,-0.100
0.184,-0.126,-0.082,1.400,-0.017,0.090,-0.100
0.208,-0.127,-0.089,1.500,-0.019,0.089,-0.100
0.231,-0.127,-0.095,1.600,-0.021,0.088,-0.100
0.255,-0.127,-0.101,1.700,-0.023,0.087,-0.100
0.280,-0.128,-0.107,1.800,-0.025,0.086,-0.100
0.304,-0.128,-0.112,1.900,-0.027,0.085,-0.100
0.329,-0.128,-0.116,2.000,-0.029,0.084,-0.100
0.354,-0.128,-0.120,2.100,-0.030,0.082,-0.100
0.380,-0.128,-0.123,2.200,-0.032,0.081,-0.100
0.405,-0.128,-0.126,2.300,-0.034,0.080,-0.100
0.431,-0.128,-0.128,2.400,-0.036,0.079,-0.100
0.457,-0.128,-0.130,2.500,-0.038,0.078,-0.100
0.457,-0.128,-0.130,2.500,-0.038,0.078,-0.100
0.457,-0.128,-0.130,2.500,-0.038,0.078,-0.100
0.457,-0.128,-0.130,2.500,-0.038,0.078,-0.100
0.457,-0.128,-0.130,2.500,-0.038,0.078,-0.100
0.457,-0.128,-0.130,2.500,-0.038,0.078,-0.100
0.457,-0.128,-0.130,2.500,-0.038,0.078,-0.100
0.457,-0.128,-0.130,2.500,-0.038,0.078,-0.100
0.457,-0.128,-0.130,2.500,-0.038,0.078,-0.100
0.457,-0.128,-0.130,2.500,-0.038,0.078,-0.100
0.457,-0.128,-0.130,2.500,-0.038,0.078,-0.100
0.457,-0.128,-0.130,2.500,-0.038,0.078,-0.100
0.457,-0.128,-0.130,2.500,-0.038,0.078,-0.100
0.457,-0.128,-0.130,2.500,-0.038,0.078,-0.100
0.457,-0.128,-0.130,2.500,-0.038,0.078,-0.100
0.457,-0.128,-0.130,2.500,-0.038,0.078,-0.100
0.457,-0.128,-0.130,2.500,-0.038,0.078,-0.100
0.457,-0.128,-0.130,2.500,-0.038,0.078,-0.100
0.457,-0.128,-0.130,2.500,-0.038,0.078,-0.100
0.457,-0.128,-0.130,2.500,-0.038,0.078,-0.100
0.457,-0.128,-0.130,2.500,-0.038,0.078,-0.100
0.457,-0.128,-0.130,2.500,-0.038,0.078,-0.100
0.466,-0.128,-0.131,0.000,-0.039,0.077,-0.100
0.463,-0.164,-0.163,0.100,-0.039,0.078,-0.098
0.455,-0.199,-0.194,0.200,-0.038,0.078,-0.096
0.441,-0.234,-0.224,0.300,-0.037,0.079,-0.094
0.421,-0.267,-0.252,0.400,-0.036,0.079,-0.092
0.397,-0.300,-0.277,0.500,-0.034,0.081,-0.090
0.368,-0.330,-0.299,0.600,-0.032,0.082,-0.088
0.335,-0.359,-0.317,0.700,-0.029,0.083,-0.087
0.298,-0.384,-0.331,0.800,-0.026,0.085,-0.085
0.258,-0.407,-0.341,0.900,-0.023,0.087,-0.084
0.216,-0.426,-0.345,1.000,-0.019,0.089,-0.083
0.173,-0.440,-0.344,1.100,-0.016,0.091,-0.082
0.129,-0.451,-0.336,1.200,-0.012,0.093,-0.081
0.085,-0.456,-0.323,1.300,-0.008,0.095,-0.080
0.041,-0.457,-0.304,1.400,-0.004,0.098,-0.080
-0.000,-0.452,-0.279,1.500,0.000,0.100,-0.080
-0.040,-0.443,-0.249,1.600,0.004,0.102,-0.080
-0.077,-0.428,-0.214,1.700,0.008,0.105,-0.080
-0.112,-0.409,-0.174,1.800,0.012,0.107,-0.081
-0.144,-0.386,-0.130,1.900,0.016,0.109,-0.082
-0.174,-0.358,-0.083,2.000,0.020,0.111,-0.083
-0.200,-0.328,-0.033,2.100,0.023,0.113,-0.084
-0.223,-0.294,0.018,2.200,0.026,0.115,-0.085
-0.243,-0.258,0.071,2.300,0.029,0.117,-0.087
-0.261,-0.221,0.123,2.400,0.032,0.118,-0.088
-0.275,-0.182,0.175,2.500,0.034,0.119,-0.090
-0.287,-0.143,0.226,2.600,0.036,0.121,-0.092
-0.296,-0.103,0.275,2.700,0.037,0.121,-0.094
-0.303,-0.065,0.321,2.800,0.038,0.122,-0.096
-0.307,-0.027,0.363,2.900,0.039,0.122,-0.098
-0.307,-0.027,0.363,2.900,0.039,0.122,-0.098
-0.307,-0.027,0.363,2.900,0.039,0.122,-0.098
-0.307,-0.027,0.363,2.900,0.039,0.122,-0.098
-0.307,-0.027,0.363,2.900,0.039,0.122,-0.098
-0.307,-0.027,0.363,2.900,0.039,0.122,-0.098
-0.307,-0.027,0.363,2.900,0.039,0.122,-0.098
-0.307,-0.027,0.363,2.900,0.039,0.122,-0.098
-0.307,-0.027,0.363,2.900,0.039,0.122,-0.098
-0.307,-0.027,0.363,2.900,0.039,0.122,-0.098
-0.307,-0.027,0.363,2.900,0.039,0.122,-0.098
-0.307,-0.027,0.363,2.900,0.039,0.122,-0.098
-0.307,-0.027,0.363,2.900,0.039,0.122,-0.098
-0.307,-0.027,0.363,2.900,0.039,0.122,-0.098
-0.307,-0.027,0.363,2.900,0.039,0.122,-0.098
-0.307,-0.027,0.363,2.900,0.039,0.122,-0.098
-0.307,-0.027,0.363,2.900,0.039,0.122,-0.098
-0.307,-0.027,0.363,2.900,0.039,0.122,-0.098
-0.307,-0.027,0.363,2.900,0.039,0.122,-0.098
-0.307,-0.027,0.363,2.900,0.039,0.122,-0.098
-0.307,-0.027,0.363,2.900,0.039,0.122,-0.098
-0.307,-0.027,0.363,2.900,0.039,0.122,-0.098
-0.307,-0.027,0.363,2.900,0.039,0.122,-0.098
-0.307,-0.027,0.363,2.900,0.039,0.122,-0.098
-0.307,-0.027,0.363,2.900,0.039,0.122,-0.098
-0.307,-0.027,0.363,2.900,0.039,0.122,-0.098
-0.308,0.009,0.401,0.000,0.039,0.123,-0.100
-0.296,-0.002,0.373,0.100,0.037,0.121,-0.100
-0.284,-0.013,0.346,0.200,0.035,0.120,-0.100
-0.271,-0.023,0.320,0.300,0.033,0.119,-0.100
-0.258,-0.032,0.295,0.400,0.031,0.118,-0.100
-0.245,-0.040,0.271,0.500,0.029,0.117,-0.100
-0.231,-0.049,0.248,0.600,0.027,0.116,-0.100
-0.217,-0.056,0.226,0.700,0.025,0.115,-0.100
-0.203,-0.063,0.205,0.800,0.023,0.114,-0.100
-0.188,-0.070,0.184,0.900,0.021,0.112,-0.100
-0.173,-0.076,0.165,1.000,0.019,0.111,-0.100
-0.158,-0.081,0.145,1.100,0.018,0.110,-0.100
-0.142,-0.087,0.127,1.200,0.016,0.109,-0.100
-0.126,-0.091,0.110,1.300,0.014,0.108,-0.100
-0.109,-0.096,0.093,1.400,0.012,0.107,-0.100
-0.092,-0.100,0.076,1.500,0.010,0.106,-0.100
-0.074,-0.104,0.061,1.600,0.008,0.105,-0.100
-0.056,-0.107,0.046,1.700,0.006,0.103,-0.100
-0.038,-0.110,0.032,1.800,0.004,0.102,-0.100
-0.019,-0.113,0.018,1.900,0.002,0.101,-0.100
0.000,-0.115,0.005,2.000,-0.000,0.100,-0.100
0.020,-0.117,-0.007,2.100,-0.002,0.099,-0.100
0.040,-0.119,-0.019,2.200,-0.004,0.098,-0.100
0.060,-0.121,-0.030,2.300,-0.006,0.097,-0.100
0.081,-0.122,-0.041,2.400,-0.008,0.095,-0.100
0.103,-0.123,-0.050,2.500,-0.010,0.094,-0.100
0.125,-0.124,-0.060,2.600,-0.012,0.093,-0.100
0.147,-0.125,-0.068,2.700,-0.014,0.092,-0.100
0.170,-0.126,-0.077,2.800,-0.016,0.091,-0.100
0.193,-0.126,-0.084,2.900,-0.018,0.090,-0.100
0.216,-0.127,-0.091,3.000,-0.019,0.089,-0.100
0.240,-0.127,-0.098,3.100,-0.021,0.088,-0.100
0.264,-0.128,-0.103,3.200,-0.023,0.086,-0.100
0.288,-0.128,-0.109,3.300,-0.025,0.085,-0.100
0.313,-0.128,-0.114,3.400,-0.027,0.084,-0.100
0.338,-0.128,-0.118,3.500,-0.029,0.083,-0.100
0.363,-0.128,-0.121,3.600,-0.031,0.082,-0.100
0.389,-0.128,-0.125,3.700,-0.033,0.081,-0.100
0.414,-0.128,-0.127,3.800,-0.035,0.080,-0.100
0.440,-0.128,-0.129,3.900,-0.037,0.079,-0.100
0.466,-0.128,-0.131,4.000,-0.039,0.078,-0.100
0.466,-0.128,-0.131,4.000,-0.039,0.078,-0.100
0.466,-0.128,-0.131,4.000,-0.039,0.078,-0.100
0.466,-0.128,-0.131,4.000,-0.039,0.078,-0.100
0.466,-0.128,-0.131,4.000,-0.039,0.078,-0.100
0.466,-0.128,-0.131,4.000,-0.039,0.078,-0.100
0.466,-0.128,-0.131,4.000,-0.039,0.078,-0.100
0.466,-0.128,-0.131,4.000,-0.039,0.078,-0.100
0.466,-0.128,-0.131,4.000,-0.039,0.078,-0.100
0.466,-0.128,-0.131,4.000,-0.039,0.078,-0.100
0.466,-0.128,-0.131,4.000,-0.039,0.078,-0.100
0.466,-0.128,-0.131,4.000,-0.039,0.078,-0.100
0.466,-0.128,-0.131,4.000,-0.039,0.078,-0.100
0.466,-0.128,-0.131,4.000,-0.039,0.078,-0.100
0.466,-0.128,-0.131,4.000,-0.039,0.078,-0.100
0.466,-0.128,-0.131,4.000,-0.039,0.078,-0.100
0.466,-0.128,-0.131,4.000,-0.039,0.078,-0.100
0.466,-0.128,-0.131,4.000,-0.039,0.078,-0.100
0.466,-0.128,-0.131,4.000,-0.039,0.078,-0.100
0.466,-0.128,-0.131,0.000,-0.039,0.077,-0.100
0.465,-0.155,-0.155,0.100,-0.039,0.078,-0.098
0.462,-0.181,-0.179,0.200,-0.039,0.078,-0.097
0.456,-0.208,-0.202,0.300,-0.038,0.078,-0.095
0.449,-0.234,-0.225,0.400,-0.038,0.078,-0.094
0.440,-0.259,-0.246,0.500,-0.037,0.079,-0.092
0.429,-0.284,-0.266,0.600,-0.036,0.079,-0.091
0.415,-0.308,-0.285,0.700,-0.035,0.080,-0.090
0.401,-0.331,-0.303,0.800,-0.034,0.080,-0.088
0.384,-0.352,-0.319,0.900,-0.033,0.081,-0.087
0.366,-0.373,-0.333,1.000,-0.031,0.082,-0.086
0.347,-0.391,-0.345,1.100,-0.030,0.083,-0.085
0.326,-0.408,-0.355,1.200,-0.028,0.084,-0.084
0.305,-0.424,-0.363,1.300,-0.027,0.085,-0.083
0.282,-0.437,-0.369,1.400,-0.025,0.086,-0.082
0.259,-0.448,-0.373,1.500,-0.023,0.087,-0.082
0.236,-0.457,-0.374,1.600,-0.021,0.088,-0.081
0.212,-0.464,-0.373,1.700,-0.019,0.089,-0.081
0.188,-0.468,-0.369,1.800,-0.017,0.090,-0.080
0.164,-0.470,-0.363,1.900,-0.015,0.091,-0.080
0.141,-0.469,-0.355,2.000,-0.013,0.092,-0.080
0.118,-0.466,-0.344,2.100,-0.011,0.094,-0.080
0.095,-0.461,-0.331,2.200,-0.009,0.095,-0.080
0.073,-0.453,-0.316,2.300,-0.007,0.096,-0.081
0.052,-0.443,-0.299,2.400,-0.005,0.097,-0.081
0.032,-0.431,-0.280,2.500,-0.003,0.098,-0.082
0.014,-0.417,-0.260,2.600,-0.001,0.099,-0.082
-0.004,-0.401,-0.238,2.700,0.000,0.100,-0.083
-0.021,-0.383,-0.215,2.800,0.002,0.101,-0.084
-0.036,-0.364,-0.190,2.900,0.004,0.102,-0.085
-0.050,-0.343,-0.165,3.000,0.005,0.103,-0.086
-0.063,-0.321,-0.139,3.100,0.007,0.104,-0.087
-0.075,-0.298,-0.112,3.200,0.008,0.105,-0.088
-0.085,-0.274,-0.085,3.300,0.009,0.105,-0.090
-0.094,-0.250,-0.057,3.400,0.010,0.106,-0.091
-0.101,-0.224,-0.030,3.500,0.011,0.106,-0.092
-0.108,-0.198,-0.003,3.600,0.012,0.107,-0.094
-0.112,-0.172,0.025,3.700,0.012,0.107,-0.095
-0.116,-0.146,0.051,3.800,0.012,0.107,-0.097
-0.118,-0.120,0.077,3.900,0.013,0.107,-0.098
-0.119,-0.093,0.102,4.000,0.013,0.107,-0.100
-0.119,-0.093,0.102,4.000,0.013,0.107,-0.100
-0.119,-0.093,0.102,4.000,0.013,0.107,-0.100
-0.119,-0.093,0.102,4.000,0.013,0.107,-0.100
-0.119,-0.093,0.102,4.000,0.013,0.107,-0.100
-0.119,-0.093,0.102,4.000,0.013,0.107,-0.100
-0.119,-0.093,0.102,4.000,0.013,0.107,-0.100
-0.119,-0.093,0.102,4.000,0.013,0.107,-0.100
-0.119,-0.093,0.102,4.000,0.013,0.107,-0.100
-0.119,-0.093,0.102,4.000,0.013,0.107,-0.100
-0.119,-0.093,0.102,4.000,0.013,0.107,-0.100
-0.119,-0.093,0.102,4.000,0.013,0.107,-0.100
-0.119,-0.093,0.102,4.000,0.013,0.107,-0.100
-0.119,-0.093,0.102,4.000,0.013,0.107,-0.100
-0.119,-0.093,0.102,4.000,0.013,0.107,-0.100
-0.119,-0.093,0.102,4.000,0.013,0.107,-0.100
-0.119,-0.093,0.102,4.000,0.013,0.107,-0.100
-0.119,-0.093,0.102,4.000,0.013,0.107,-0.100
-0.119,-0.093,0.102,4.000,0.013,0.107,-0.100
-0.119,-0.093,0.102,4.000,0.013,0.107,-0.100
-0.119,-0.093,0.102,4.000,0.013,0.107,-0.100
-0.119,-0.093,0.102,0.000,0.013,0.107,-0.100
-0.102,-0.098,0.085,0.100,0.011,0.106,-0.100
-0.084,-0.102,0.070,0.200,0.009,0.105,-0.100
-0.067,-0.105,0.054,0.300,0.007,0.104,-0.100
-0.048,-0.108,0.040,0.400,0.005,0.103,-0.100
-0.030,-0.111,0.026,0.500,0.003,0.102,-0.100
-0.011,-0.114,0.012,0.600,0.001,0.101,-0.100
0.009,-0.116,-0.000,0.700,-0.001,0.100,-0.100
0.028,-0.118,-0.012,0.800,-0.003,0.098,-0.100
0.049,-0.120,-0.024,0.900,-0.005,0.097,-0.100
0.070,-0.121,-0.035,1.000,-0.007,0.096,-0.100
0.091,-0.123,-0.045,1.100,-0.009,0.095,-0.100
0.112,-0.124,-0.055,1.200,-0.011,0.094,-0.100
0.134,-0.125,-0.064,1.300,-0.013,0.093,-0.100
0.157,-0.125,-0.072,1.400,-0.014,0.092,-0.100
0.180,-0.126,-0.080,1.500,-0.016,0.091,-0.100
0.203,-0.127,-0.087,1.600,-0.018,0.089,-0.100
0.227,-0.127,-0.094,1.700,-0.020,0.088,-0.100
0.250,-0.127,-0.100,1.800,-0.022,0.087,-0.100
0.275,-0.128,-0.106,1.900,-0.024,0.086,-0.100
0.299,-0.128,-0.111,2.000,-0.026,0.085,-0.100
0.324,-0.128,-0.115,2.100,-0.028,0.084,-0.100
0.349,-0.128,-0.119,2.200,-0.030,0.083,-0.100
0.374,-0.128,-0.123,2.300,-0.032,0.082,-0.100
0.400,-0.128,-0.126,2.400,-0.034,0.080,-0.100
0.426,-0.128,-0.128,2.500,-0.036,0.079,-0.100
0.451,-0.128,-0.130,2.600,-0.038,0.078,-0.100
0.451,-0.128,-0.130,2.600,-0.038,0.078,-0.100
0.451,-0.128,-0.130,2.600,-0.038,0.078,-0.100
0.451,-0.128,-0.130,2.600,-0.038,0.078,-0.100
0.451,-0.128,-0.130,2.600,-0.038,0.078,-0.100
0.451,-0.128,-0.130,2.600,-0.038,0.078,-0.100
0.451,-0.128,-0.130,2.600,-0.038,0.078,-0.100
0.451,-0.128,-0.130,2.600,-0.038,0.078,-0.100
0.451,-0.128,-0.130,2.600,-0.038,0.078,-0.100
0.451,-0.128,-0.130,2.600,-0.038,0.078,-0.100
0.451,-0.128,-0.130,2.600,-0.038,0.078,-0.100
0.451,-0.128,-0.130,2.600,-0.038,0.078,-0.100
0.451,-0.128,-0.130,2.600,-0.038,0.078,-0.100
0.451,-0.128,-0.130,2.600,-0.038,0.078,-0.100
0.451,-0.128,-0.130,2.600,-0.038,0.078,-0.100
0.451,-0.128,-0.130,2.600,-0.038,0.078,-0.100
0.451,-0.128,-0.130,2.600,-0.038,0.078,-0.100
0.451,-0.128,-0.130,2.600,-0.038,0.078,-0.100
0.451,-0.128,-0.130,2.600,-0.038,0.078,-0.100
0.451,-0.128,-0.130,2.600,-0.038,0.078,-0.100
0.451,-0.128,-0.130,2.600,-0.038,0.078,-0.100
0.451,-0.128,-0.130,2.600,-0.038,0.078,-0.100
0.466,-0.128,-0.131,0.000,-0.039,0.077,-0.100
0.464,-0.155,-0.155,0.100,-0.039,0.078,-0.098
0.460,-0.181,-0.179,0.200,-0.038,0.078,-0.097
0.452,-0.208,-0.202,0.300,-0.038,0.078,-0.095
0.441,-0.234,-0.224,0.400,-0.037,0.079,-0.094
0.427,-0.259,-0.245,0.500,-0.036,0.079,-0.092
0.410,-0.284,-0.265,0.600,-0.035,0.080,-0.091
0.390,-0.308,-0.283,0.700,-0.033,0.081,-0.090
0.368,-0.330,-0.299,0.800,-0.032,0.082,-0.088
0.343,-0.352,-0.313,0.900,-0.030,0.083,-0.087
0.317,-0.372,-0.325,1.000,-0.028,0.084,-0.086
0.288,-0.390,-0.334,1.100,-0.025,0.085,-0.085
0.258,-0.407,-0.341,1.200,-0.023,0.087,-0.084
0.227,-0.421,-0.344,1.300,-0.020,0.088,-0.083
0.195,-0.434,-0.345,1.400,-0.018,0.090,-0.082
0.162,-0.443,-0.342,1.500,-0.015,0.091,-0.082
0.129,-0.451,-0.336,1.600,-0.012,0.093,-0.081
0.096,-0.455,-0.327,1.700,-0.009,0.095,-0.081
0.063,-0.457,-0.315,1.800,-0.006,0.096,-0.080
0.031,-0.456,-0.299,1.900,-0.003,0.098,-0.080
0.000,-0.452,-0.280,2.000,-0.000,0.100,-0.080
-0.030,-0.446,-0.257,2.100,0.003,0.102,-0.080
-0.059,-0.436,-0.232,2.200,0.006,0.104,-0.080
-0.086,-0.424,-0.205,2.300,0.009,0.105,-0.081
-0.112,-0.409,-0.174,2.400,0.012,0.107,-0.081
-0.136,-0.392,-0.142,2.500,0.015,0.109,-0.082
-0.159,-0.373,-0.107,2.600,0.018,0.110,-0.082
-0.180,-0.351,-0.071,2.700,0.020,0.112,-0.083
-0.200,-0.328,-0.034,2.800,0.023,0.113,-0.084
-0.217,-0.303,0.005,2.900,0.025,0.115,-0.085
-0.233,-0.277,0.044,3.000,0.028,0.116,-0.086
-0.248,-0.249,0.083,3.100,0.030,0.117,-0.087
-0.261,-0.221,0.123,3.200,0.032,0.118,-0.088
-0.272,-0.192,0.162,3.300,0.033,0.119,-0.090
-0.282,-0.163,0.201,3.400,0.035,0.120,-0.091
-0.290,-0.133,0.238,3.500,0.036,0.121,-0.092
-0.296,-0.104,0.275,3.600,0.037,0.121,-0.094
-0.301,-0.075,0.309,3.700,0.038,0.122,-0.095
-0.305,-0.046,0.342,3.800,0.038,0.122,-0.097
-0.307,-0.018,0.373,3.900,0.039,0.122,-0.098
-0.308,0.009,0.401,4.000,0.039,0.123,-0.100
-0.308,0.009,0.401,4.000,0.039,0.123,-0.100
-0.308,0.009,0.401,4.000,0.039,0.123,-0.100
-0.308,0.009,0.401,4.000,0.039,0.123,-0.100
-0.308,0.009,0.401,4.000,0.039,0.123,-0.100
-0.308,0.009,0.401,4.000,0.039,0.123,-0.100
-0.308,0.009,0.401,4.000,0.039,0.123,-0.100
-0.308,0.009,0.401,4.000,0.039,0.123,-0.100
-0.308,0.009,0.401,4.000,0.039,0.123,-0.100
-0.308,0.009,0.401,4.000,0.039,0.123,-0.100
-0.308,0.009,0.401,4.000,0.039,0.123,-0.100
-0.308,0.009,0.401,4.000,0.039,0.123,-0.100
-0.308,0.009,0.401,4.000,0.039,0.123,-0.100
-0.308,0.009,0.401,4.000,0.039,0.123,-0.100
-0.308,0.009,0.401,4.000,0.039,0.123,-0.100
-0.308,0.009,0.401,4.000,0.039,0.123,-0.100
-0.308,0.009,0.401,4.000,0.039,0.123,-0.100
-0.308,0.009,0.401,4.000,0.039,0.123,-0.100
-0.308,0.009,0.401,4.000,0.039,0.123,-0.100
-0.308,0.009,0.401,0.000,0.039,0.123,-0.100
-0.296,-0.002,0.373,0.100,0.037,0.121,-0.100
-0.284,-0.013,0.346,0.200,0.035,0.120,-0.100
-0.271,-0.023,0.320,0.300,0.033,0.119,-0.100
-0.258,-0.032,0.295,0.400,0.031,0.118,-0.100
-0.245,-0.040,0.271,0.500,0.029,0.117,-0.100
-0.231,-0.049,0.248,0.600,0.027,0.116,-0.100
-0.217,-0.056,0.226,0.700,0.025,0.115,-0.100
-0.203,-0.063,0.205,0.800,0.023,0.114,-0.100
-0.188,-0.070,0.184,0.900,0.021,0.112,-0.100
-0.173,-0.076,0.165,1.000,0.019,0.111,-0.100
-0.158,-0.081,0.145,1.100,0.018,0.110,-0.100
-0.142,-0.087,0.127,1.200,0.016,0.109,-0.100
-0.126,-0.091,0.110,1.300,0.014,0.108,-0.100
-0.109,-0.096,0.093,1.400,0.012,0.107,-0.100
-0.092,-0.100,0.076,1.500,0.010,0.106,-0.100
-0.074,-0.104,0.061,1.600,0.008,0.105,-0.100
-0.056,-0.107,0.046,1.700,0.006,0.103,-0.100
-0.038,-0.110,0.032,1.800,0.004,0.102,-0.100
-0.019,-0.113,0.018,1.900,0.002,0.101,-0.100
0.000,-0.115,0.005,2.000,-0.000,0.100,-0.100
0.020,-0.117,-0.007,2.100,-0.002,0.099,-0.100
0.040,-0.119,-0.019,2.200,-0.004,0.098,-0.100
0.060,-0.121,-0.030,2.300,-0.006,0.097,-0.100
0.081,-0.122,-0.041,2.400,-0.008,0.095,-0.100
0.103,-0.123,-0.050,2.500,-0.010,0.094,-0.100
0.125,-0.124,-0.060,2.600,-0.012,0.093,-0.100
0.147,-0.125,-0.068,2.700,-0.014,0.092,-0.100
0.170,-0.126,-0.077,2.800,-0.016,0.091,-0.100
0.193,-0.126,-0.084,2.900,-0.018,0.090,-0.100
0.216,-0.127,-0.091,3.000,-0.019,0.089,-0.100
0.240,-0.127,-0.098,3.100,-0.021,0.088,-0.100
0.264,-0.128,-0.103,3.200,-0.023,0.086,-0.100
0.288,-0.128,-0.109,3.300,-0.025,0.085,-0.100
0.313,-0.128,-0.114,3.400,-0.027,0.084,-0.100
0.338,-0.128,-0.118,3.500,-0.029,0.083,-0.100
0.363,-0.128,-0.121,3.600,-0.031,0.082,-0.100
0.389,-0.128,-0.125,3.700,-0.033,0.081,-0.100
0.414,-0.128,-0.127,3.800,-0.035,0.080,-0.100
0.440,-0.128,-0.129,3.900,-0.037,0.079,-0.100
0.466,-0.128,-0.131,4.000,-0.039,0.078,-0.100
0.466,-0.128,-0.131,4.000,-0.039,0.078,-0.100
0.466,-0.128,-0.131,4.000,-0.039,0.078,-0.100
0.466,-0.128,-0.131,4.000,-0.039,0.078,-0.100
0.466,-0.128,-0.131,4.000,-0.039,0.078,-0.100
0.466,-0.128,-0.131,4.000,-0.039,0.078,-0.100
0.466,-0.128,-0.131,4.000,-0.039,0.078,-0.100
0.466,-0.128,-0.131,4.000,-0.039,0.078,-0.100
0.466,-0.128,-0.131,4.000,-0.039,0.078,-0.100
0.466,-0.128,-0.131,4.000,-0.039,0.078,-0.100
0.466,-0.128,-0.131,4.000,-0.039,0.078,-0.100
0.466,-0.128,-0.131,4.000,-0.039,0.078,-0.100
0.466,-0.128,-0.131,4.000,-0.039,0.078,-0.100
0.466,-0.128,-0.131,4.000,-0.039,0.078,-0.100
0.466,-0.128,-0.131,4.000,-0.039,0.078,-0.100
0.466,-0.128,-0.131,4.000,-0.039,0.078,-0.100
0.466,-0.128,-0.131,4.000,-0.039,0.078,-0.100
0.466,-0.128,-0.131,4.000,-0.039,0.078,-0.100
0.466,-0.128,-0.131,4.000,-0.039,0.078,-0.100
0.466,-0.128,-0.131,0.000,-0.039,0.077,-0.100
0.464,-0.155,-0.155,0.100,-0.039,0.078,-0.098
0.460,-0.181,-0.179,0.200,-0.038,0.078,-0.097
0.452,-0.208,-0.202,0.300,-0.038,0.078,-0.095
0.441,-0.234,-0.224,0.400,-0.037,0.079,-0.094
0.427,-0.259,-0.245,0.500,-0.036,0.079,-0.092
0.410,-0.284,-0.265,0.600,-0.035,0.080,-0.091
0.390,-0.308,-0.283,0.700,-0.033,0.081,-0.090
0.368,-0.330,-0.299,0.800,-0.032,0.082,-0.088
0.343,-0.352,-0.313,0.900,-0.030,0.083,-0.087
0.317,-0.372,-0.325,1.000,-0.028,0.084,-0.086
0.288,-0.390,-0.334,1.100,-0.025,0.085,-0.085
0.258,-0.407,-0.341,1.200,-0.023,0.087,-0.084
0.227,-0.421,-0.344,1.300,-0.020,0.088,-0.083
0.195,-0.434,-0.345,1.400,-0.018,0.090,-0.082
0.162,-0.443,-0.342,1.500,-0.015,0.091,-0.082
0.129,-0.451,-0.336,1.600,-0.012,0.093,-0.081
0.096,-0.455,-0.327,1.700,-0.009,0.095,-0.081
0.063,-0.457,-0.315,1.800,-0.006,0.096,-0.080
0.031,-0.456,-0.299,1.900,-0.003,0.098,-0.080
0.000,-0.452,-0.280,2.000,-0.000,0.100,-0.080
-0.030,-0.446,-0.257,2.100,0.003,0.102,-0.080
-0.059,-0.436,-0.232,2.200,0.006,0.104,-0.080
-0.086,-0.424,-0.205,2.300,0.009,0.105,-0.081
-0.112,-0.409,-0.174,2.400,0.012,0.107,-0.081
-0.136,-0.392,-0.142,2.500,0.015,0.109,-0.082
-0.159,-0.373,-0.107,2.600,0.018,0.110,-0.082
-0.180,-0.351,-0.071,2.700,0.020,0.112,-0.083
-0.200,-0.328,-0.034,2.800,0.023,0.113,-0.084
-0.217,-0.303,0.005,2.900,0.025,0.115,-0.085
-0.233,-0.277,0.044,3.000,0.028,0.116,-0.086
-0.248,-0.249,0.083,3.100,0.030,0.117,-0.087
-0.261,-0.221,0.123,3.200,0.032,0.118,-0.088
-0.272,-0.192,0.162,3.300,0.033,0.119,-0.090
-0.282,-0.163,0.201,3.400,0.035,0.120,-0.091
-0.290,-0.133,0.238,3.500,0.036,0.121,-0.092
-0.296,-0.104,0.275,3.600,0.037,0.121,-0.094
-0.301,-0.075,0.309,3.700,0.038,0.122,-0.095
-0.305,-0.046,0.342,3.800,0.038,0.122,-0.097
-0.307,-0.018,0.373,3.900,0.039,0.122,-0.098
-0.308,0.009,0.401,4.000,0.039,0.123,-0.100
-0.308,0.009,0.401,4.000,0.039,0.123,-0.100
-0.308,0.009,0.401,4.000,0.039,0.123,-0.100
-0.308,0.009,0.401,4.000,0.039,0.123,-0.100
-0.308,0.009,0.401,4.000,0.039,0.123,-0.100
-0.308,0.009,0.401,4.000,0.039,0.123,-0.100
-0.308,0.009,0.401,4.000,0.039,0.123,-0.100
-0.308,0.009,0.401,4.000,0.039,0.123,-0.100
-0.308,0.009,0.401,4.000,0.039,0.123,-0.100
-0.308,0.009,0.401,4.000,0.039,0.123,-0.100
-0.308,0.009,0.401,4.000,0.039,0.123,-0.100
-0.308,0.009,0.401,4.000,0.039,0.123,-0.100
-0.308,0.009,0.401,4.000,0.039,0.123,-0.100
-0.308,0.009,0.401,4.000,0.039,0.123,-0.100
-0.308,0.009,0.401,4.000,0.039,0.123,-0.100
-0.308,0.009,0.401,4.000,0.039,0.123,-0.100
-0.308,0.009,0.401,4.000,0.039,0.123,-0.100
-0.308,0.009,0.401,4.000,0.039,0.123,-0.100
-0.308,0.009,0.401,4.000,0.039,0.123,-0.100
-0.308,0.009,0.401,4.000,0.039,0.123,-0.100
-0.308,0.009,0.401,4.000,0.039,0.123,-0.100
-0.308,0.009,0.401,4.000,0.039,0.123,-0.100
-0.308,0.009,0.401,4.000,0.039,0.123,-0.100
-0.308,0.009,0.401,4.000,0.039,0.123,-0.100
-0.308,0.009,0.401,0.000,0.039,0.123,-0.100
-0.296,-0.002,0.373,0.100,0.037,0.121,-0.100
-0.284,-0.013,0.346,0.200,0.035,0.120,-0.100
-0.271,-0.023,0.320,0.300,0.033,0.119,-0.100
-0.258,-0.032,0.295,0.400,0.031,0.118,-0.100
-0.245,-0.040,0.271,0.500,0.029,0.117,-0.100
-0.231,-0.049,0.248,0.600,0.027,0.116,-0.100
-0.217,-0.056,0.226,0.700,0.025,0.115,-0.100
-0.203,-0.063,0.205,0.800,0.023,0.114,-0.100
-0.188,-0.070,0.184,0.900,0.021,0.112,-0.100
-0.173,-0.076,0.165,1.000,0.019,0.111,-0.100
-0.158,-0.081,0.145,1.100,0.018,0.110,-0.100
-0.142,-0.087,0.127,1.200,0.016,0.109,-0.100
-0.126,-0.091,0.110,1.300,0.014,0.108,-0.100
-0.109,-0.096,0.093,1.400,0.012,0.107,-0.100
-0.092,-0.100,0.076,1.500,0.010,0.106,-0.100
-0.074,-0.104,0.061,1.600,0.008,0.105,-0.100
-0.056,-0.107,0.046,1.700,0.006,0.103,-0.100
-0.038,-0.110,0.032,1.800,0.004,0.102,-0.100
-0.019,-0.113,0.018,1.900,0.002,0.101,-0.100
0.000,-0.115,0.005,2.000,-0.000,0.100,-0.100
0.020,-0.117,-0.007,2.100,-0.002,0.099,-0.100
0.040,-0.119,-0.019,2.200,-0.004,0.098,-0.100
0.060,-0.121,-0.030,2.300,-0.006,0.097,-0.100
0.081,-0.122,-0.041,2.400,-0.008,0.095,-0.100
0.103,-0.123,-0.050,2.500,-0.010,0.094,-0.100
0.125,-0.124,-0.060,2.600,-0.012,0.093,-0.100
0.147,-0.125,-0.068,2.700,-0.014,0.092,-0.100
0.170,-0.126,-0.077,2.800,-0.016,0.091,-0.100
0.193,-0.126,-0.084,2.900,-0.018,0.090,-0.100
0.216,-0.127,-0.091,3.000,-0.019,0.089,-0.100
0.240,-0.127,-0.098,3.100,-0.021,0.088,-0.100
0.264,-0.128,-0.103,3.200,-0.023,0.086,-0.100
0.288,-0.128,-0.109,3.300,-0.025,0.085,-0.100
0.313,-0.128,-0.114,3.400,-0.027,0.084,-0.100
0.338,-0.128,-0.118,3.500,-0.029,0.083,-0.100
0.363,-0.128,-0.121,3.600,-0.031,0.082,-0.100
0.389,-0.128,-0.125,3.700,-0.033,0.081,-0.100
0.414,-0.128,-0.127,3.800,-0.035,0.080,-0.100
0.440,-0.128,-0.129,3.900,-0.037,0.079,-0.100
0.466,-0.128,-0.131,4.000,-0.039,0.078,-0.100
0.466,-0.128,-0.131,4.000,-0.039,0.078,-0.100
0.466,-0.128,-0.131,4.000,-0.039,0.078,-0.100
0.466,-0.128,-0.131,4.000,-0.039,0.078,-0.100
0.466,-0.128,-0.131,4.000,-0.039,0.078,-0.100
0.466,-0.128,-0.131,4.000,-0.039,0.078,-0.100
0.466,-0.128,-0.131,4.000,-0.039,0.078,-0.100
0.466,-0.128,-0.131,4.000,-0.039,0.078,-0.100
0.466,-0.128,-0.131,4.000,-0.039,0.078,-0.100
0.466,-0.128,-0.131,4.000,-0.039,0.078,-0.100
0.466,-0.128,-0.131,4.000,-0.039,0.078,-0.100
0.466,-0.128,-0.131,4.000,-0.039,0.078,-0.100
0.466,-0.128,-0.131,4.000,-0.039,0.078,-0.100
0.466,-0.128,-0.131,4.000,-0.039,0.078,-0.100
0.466,-0.128,-0.131,4.000,-0.039,0.078,-0.100
0.466,-0.128,-0.131,4.000,-0.039,0.078,-0.100
0.466,-0.128,-0.131,4.000,-0.039,0.078,-0.100
0.466,-0.128,-0.131,4.000,-0.039,0.078,-0.100
0.466,-0.128,-0.131,4.000,-0.039,0.078,-0.100
0.466,-0.128,-0.131,4.000,-0.039,0.078,-0.100
0.466,-0.128,-0.131,0.000,-0.039,0.077,-0.100
0.464,-0.155,-0.155,0.100,-0.039,0.078,-0.098
0.460,-0.181,-0.179,0.200,-0.038,0.078,-0.097
0.452,-0.208,-0.202,0.300,-0.038,0.078,-0.095
0.441,-0.234,-0.224,0.400,-0.037,0.079,-0.094
0.427,-0.259,-0.245,0.500,-0.036,0.079,-0.092
0.410,-0.284,-0.265,0.600,-0.035,0.080,-0.091
0.390,-0.308,-0.283,0.700,-0.033,0.081,-0.090
0.368,-0.330,-0.299,0.800,-0.032,0.082,-0.088
0.343,-0.352,-0.313,0.900,-0.030,0.083,-0.087
0.317,-0.372,-0.325,1.000,-0.028,0.084,-0.086
0.288,-0.390,-0.334,1.100,-0.025,0.085,-0.085
0.258,-0.407,-0.341,1.200,-0.023,0.087,-0.084
0.227,-0.421,-0.344,1.300,-0.020,0.088,-0.083
0.195,-0.434,-0.345,1.400,-0.018,0.090,-0.082
0.162,-0.443,-0.342,1.500,-0.015,0.091,-0.082
0.129,-0.451,-0.336,1.600,-0.012,0.093,-0.081
0.096,-0.455,-0.327,1.700,-0.009,0.095,-0.081
0.063,-0.457,-0.315,1.800,-0.006,0.096,-0.080
0.031,-0.456,-0.299,1.900,-0.003,0.098,-0.080
0.000,-0.452,-0.280,2.000,-0.000,0.100,-0.080
-0.030,-0.446,-0.257,2.100,0.003,0.102,-0.080
-0.059,-0.436,-0.232,2.200,0.006,0.104,-0.080
-0.086,-0.424,-0.205,2.300,0.009,0.105,-0.081
-0.112,-0.409,-0.174,2.400,0.012,0.107,-0.081
-0.136,-0.392,-0.142,2.500,0.015,0.109,-0.082
-0.159,-0.373,-0.107,2.600,0.018,0.110,-0.082
-0.180,-0.351,-0.071,2.700,0.020,0.112,-0.083
-0.200,-0.328,-0.034,2.800,0.023,0.113,-0.084
-0.217,-0.303,0.005,2.900,0.025,0.115,-0.085
-0.233,-0.277,0.044,3.000,0.028,0.116,-0.086
-0.248,-0.249,0.083,3.100,0.030,0.117,-0.087
-0.261,-0.221,0.123,3.200,0.032,0.118,-0.088
-0.272,-0.192,0.162,3.300,0.033,0.119,-0.090
-0.282,-0.163,0.201,3.400,0.035,0.120,-0.091
-0.290,-0.133,0.238,3.500,0.036,0.121,-0.092
-0.296,-0.104,0.275,3.600,0.037,0.121,-0.094
-0.301,-0.075,0.309,3.700,0.038,0.122,-0.095
-0.305,-0.046,0.342,3.800,0.038,0.122,-0.097
-0.307,-0.018,0.373,3.900,0.039,0.122,-0.098
-0.308,0.009,0.401,4.000,0.039,0.123,-0.100
-0.308,0.009,0.401,4.000,0.039,0.123,-0.100
-0.308,0.009,0.401,4.000,0.039,0.123,-0.100
-0.308,0.009,0.401,4.000,0.039,0.123,-0.100
-0.308,0.009,0.401,4.000,0.039,0.123,-0.100
-0.308,0.009,0.401,4.000,0.039,0.123,-0.100
-0.308,0.009,0.401,4.000,0.039,0.123,-0.100
-0.308,0.009,0.401,4.000,0.039,0.123,-0.100
-0.308,0.009,0.401,4.000,0.039,0.123,-0.100
-0.308,0.009,0.401,4.000,0.039,0.123,-0.100
-0.308,0.009,0.401,4.000,0.039,0.123,-0.100
-0.308,0.009,0.401,4.000,0.039,0.123,-0.100
-0.308,0.009,0.401,4.000,0.039,0.123,-0.100
-0.308,0.009,0.401,4.000,0.039,0.123,-0.100
-0.308,0.009,0.401,4.000,0.039,0.123,-0.100
-0.308,0.009,0.401,4.000,0.039,0.123,-0.100
-0.308,0.009,0.401,4.000,0.039,0.123,-0.100
-0.308,0.009,0.401,4.000,0.039,0.123,-0.100
-0.308,0.009,0.401,4.000,0.039,0.123,-0.100
-0.308,0.009,0.401,4.000,0.039,0.123,-0.100
-0.308,0.009,0.401,0.000,0.039,0.123,-0.100
-0.296,-0.002,0.373,0.100,0.037,0.121,-0.100
-0.284,-0.013,0.346,0.200,0.035,0.120,-0.100
-0.271,-0.023,0.320,0.300,0.033,0.119,-0.100
-0.258,-0.032,0.295,0.400,0.031,0.118,-0.100
-0.245,-0.040,0.271,0.500,0.029,0.117,-0.100
-0.231,-0.049,0.248,0.600,0.027,0.116,-0.100
-0.217,-0.056,0.226,0.700,0.025,0.115,-0.100
-0.203,-0.063,0.205,0.800,0.023,0.114,-0.100
-0.188,-0.070,0.184,0.900,0.021,0.112,-0.100
-0.173,-0.076,0.165,1.000,0.019,0.111,-0.100
-0.158,-0.081,0.145,1.100,0.018,0.110,-0.100
-0.142,-0.087,0.127,1.200,0.016,0.109,-0.100
-0.126,-0.091,0.110,1.300,0.014,0.108,-0.100
-0.109,-0.096,0.093,1.400,0.012,0.107,-0.100
-0.092,-0.100,0.076,1.500,0.010,0.106,-0.100
-0.074,-0.104,0.061,1.600,0.008,0.105,-0.100
-0.056,-0.107,0.046,1.700,0.006,0.103,-0.100
-0.038,-0.110,0.032,1.800,0.004,0.102,-0.100
-0.019,-0.113,0.018,1.900,0.002,0.101,-0.100
0.000,-0.115,0.005,2.000,-0.000,0.100,-0.100
0.020,-0.117,-0.007,2.100,-0.002,0.099,-0.100
0.040,-0.119,-0.019,2.200,-0.004,0.098,-0.100
0.060,-0.121,-0.030,2.300,-0.006,0.097,-0.100
0.081,-0.122,-0.041,2.400,-0.008,0.095,-0.100
0.103,-0.123,-0.050,2.500,-0.010,0.094,-0.100
0.125,-0.124,-0.060,2.600,-0.012,0.093,-0.100
0.147,-0.125,-0.068,2.700,-0.014,0.092,-0.100
0.170,-0.126,-0.077,2.800,-0.016,0.091,-0.100
0.193,-0.126,-0.084,2.900,-0.018,0.090,-0.100
0.216,-0.127,-0.091,3.000,-0.019,0.089,-0.100
0.240,-0.127,-0.098,3.100,-0.021,0.088,-0.100
0.264,-0.128,-0.103,3.200,-0.023,0.086,-0.100
0.288,-0.128,-0.109,3.300,-0.025,0.085,-0.100
0.313,-0.128,-0.114,3.400,-0.027,0.084,-0.100
0.338,-0.128,-0.118,3.500,-0.029,0.083,-0.100
0.363,-0.128,-0.121,3.600,-0.031,0.082,-0.100
0.389,-0.128,-0.125,3.700,-0.033,0.081,-0.100
0.414,-0.128,-0.127,3.800,-0.035,0.080,-0.100
0.440,-0.128,-0.129,3.900,-0.037,0.079,-0.100
0.466,-0.128,-0.131,4.000,-0.039,0.078,-0.100
0.466,-0.128,-0.131,4.000,-0.039,0.078,-0.100
0.466,-0.128,-0.131,4.000,-0.039,0.078,-0.100
0.466,-0.128,-0.131,4.000,-0.039,0.078,-0.100
0.466,-0.128,-0.131,4.000,-0.039,0.078,-0.100
0.466,-0.128,-0.131,4.000,-0.039,0.078,-0.100
0.466,-0.128,-0.131,4.000,-0.039,0.078,-0.100
0.466,-0.128,-0.131,4.000,-0.039,0.078,-0.100
0.466,-0.128,-0.131,4.000,-0.039,0.078,-0.100
0.466,-0.128,-0.131,4.000,-0.039,0.078,-0.100
0.466,-0.128,-0.131,4.000,-0.039,0.078,-0.100
0.466,-0.128,-0.131,4.000,-0.039,0.078,-0.100
0.466,-0.128,-0.131,4.000,-0.039,0.078,-0.100
0.466,-0.128,-0.131,4.000,-0.039,0.078,-0.100
0.466,-0.128,-0.131,4.000,-0.039,0.078,-0.100
0.466,-0.128,-0.131,4.000,-0.039,0.078,-0.100
0.466,-0.128,-0.131,4.000,-0.039,0.078,-0.100
0.466,-0.128,-0.131,4.000,-0.039,0.078,-0.100
0.466,-0.128,-0.131,0.000,-0.039,0.077,-0.100
0.465,-0.155,-0.155,0.100,-0.039,0.078,-0.098
0.462,-0.181,-0.179,0.200,-0.039,0.078,-0.097
0.457,-0.208,-0.202,0.300,-0.038,0.078,-0.095
0.449,-0.234,-0.225,0.400,-0.038,0.078,-0.094
0.440,-0.259,-0.246,0.500,-0.037,0.079,-0.092
0.429,-0.284,-0.266,0.600,-0.036,0.079,-0.091
0.417,-0.308,-0.285,0.700,-0.035,0.080,-0.090
0.402,-0.331,-0.303,0.800,-0.034,0.080,-0.088
0.386,-0.352,-0.319,0.900,-0.033,0.081,-0.087
0.368,-0.373,-0.333,1.000,-0.032,0.082,-0.086
0.349,-0.391,-0.345,1.100,-0.030,0.083,-0.085
0.329,-0.408,-0.356,1.200,-0.029,0.084,-0.084
0.308,-0.424,-0.364,1.300,-0.027,0.084,-0.083
0.286,-0.437,-0.370,1.400,-0.025,0.085,-0.082
0.264,-0.448,-0.374,1.500,-0.023,0.087,-0.082
0.241,-0.457,-0.375,1.600,-0.021,0.088,-0.081
0.217,-0.464,-0.374,1.700,-0.020,0.089,-0.081
0.194,-0.468,-0.371,1.800,-0.018,0.090,-0.080
0.170,-0.470,-0.365,1.900,-0.016,0.091,-0.080
0.147,-0.470,-0.357,2.000,-0.014,0.092,-0.080
0.125,-0.467,-0.347,2.100,-0.012,0.093,-0.080
0.103,-0.461,-0.335,2.200,-0.010,0.094,-0.080
0.081,-0.454,-0.320,2.300,-0.008,0.096,-0.081
0.060,-0.444,-0.304,2.400,-0.006,0.097,-0.081
0.041,-0.432,-0.285,2.500,-0.004,0.098,-0.082
0.022,-0.418,-0.265,2.600,-0.002,0.099,-0.082
0.005,-0.402,-0.244,2.700,-0.000,0.100,-0.083
-0.012,-0.385,-0.221,2.800,0.001,0.101,-0.084
-0.027,-0.366,-0.197,2.900,0.003,0.102,-0.085
-0.041,-0.345,-0.172,3.000,0.004,0.102,-0.086
-0.054,-0.323,-0.146,3.100,0.006,0.103,-0.087
-0.065,-0.300,-0.120,3.200,0.007,0.104,-0.088
-0.075,-0.277,-0.093,3.300,0.008,0.105,-0.090
-0.084,-0.252,-0.066,3.400,0.009,0.105,-0.091
-0.092,-0.227,-0.039,3.500,0.010,0.106,-0.092
-0.098,-0.201,-0.012,3.600,0.010,0.106,-0.094
-0.102,-0.175,0.015,3.700,0.011,0.106,-0.095
-0.106,-0.148,0.041,3.800,0.011,0.107,-0.097
-0.108,-0.122,0.067,3.900,0.012,0.107,-0.098
-0.109,-0.096,0.092,4.000,0.012,0.107,-0.100
-0.109,-0.096,0.092,4.000,0.012,0.107,-0.100
-0.109,-0.096,0.092,4.000,0.012,0.107,-0.100
-0.109,-0.096,0.092,4.000,0.012,0.107,-0.100
-0.109,-0.096,0.092,4.000,0.012,0.107,-0.100
-0.109,-0.096,0.092,4.000,0.012,0.107,-0.100
-0.109,-0.096,0.092,4.000,0.012,0.107,-0.100
-0.109,-0.096,0.092,4.000,0.012,0.107,-0.100
-0.109,-0.096,0.092,4.000,0.012,0.107,-0.100
-0.109,-0.096,0.092,4.000,0.012,0.107,-0.100
-0.109,-0.096,0.092,4.000,0.012,0.107,-0.100
-0.109,-0.096,0.092,4.000,0.012,0.107,-0.100
-0.109,-0.096,0.092,4.000,0.012,0.107,-0.100
-0.109,-0.096,0.092,4.000,0.012,0.107,-0.100
-0.109,-0.096,0.092,4.000,0.012,0.107,-0.100
-0.109,-0.096,0.092,4.000,0.012,0.107,-0.100
-0.109,-0.096,0.092,4.000,0.012,0.107,-0.100
-0.109,-0.096,0.092,4.000,0.012,0.107,-0.100
-0.109,-0.096,0.092,4.000,0.012,0.107,-0.100
-0.109,-0.096,0.092,4.000,0.012,0.107,-0.100
-0.109,-0.096,0.092,0.000,0.012,0.107,-0.100
-0.091,-0.100,0.076,0.100,0.010,0.106,-0.100
-0.074,-0.104,0.060,0.200,0.008,0.104,-0.100
-0.056,-0.107,0.046,0.300,0.006,0.103,-0.100
-0.038,-0.110,0.031,0.400,0.004,0.102,-0.100
-0.019,-0.113,0.018,0.500,0.002,0.101,-0.100
0.001,-0.115,0.005,0.600,-0.000,0.100,-0.100
0.020,-0.117,-0.008,0.700,-0.002,0.099,-0.100
0.040,-0.119,-0.019,0.800,-0.004,0.098,-0.100
0.061,-0.121,-0.030,0.900,-0.006,0.097,-0.100
0.082,-0.122,-0.041,1.000,-0.008,0.095,-0.100
0.104,-0.123,-0.051,1.100,-0.010,0.094,-0.100
0.125,-0.124,-0.060,1.200,-0.012,0.093,-0.100
0.148,-0.125,-0.069,1.300,-0.014,0.092,-0.100
0.170,-0.126,-0.077,1.400,-0.016,0.091,-0.100
0.193,-0.126,-0.084,1.500,-0.018,0.090,-0.100
0.217,-0.127,-0.091,1.600,-0.020,0.089,-0.100
0.241,-0.127,-0.098,1.700,-0.021,0.088,-0.100
0.265,-0.128,-0.104,1.800,-0.023,0.086,-0.100
0.289,-0.128,-0.109,1.900,-0.025,0.085,-0.100
0.314,-0.128,-0.114,2.000,-0.027,0.084,-0.100
0.339,-0.128,-0.118,2.100,-0.029,0.083,-0.100
0.364,-0.128,-0.122,2.200,-0.031,0.082,-0.100
0.390,-0.128,-0.125,2.300,-0.033,0.081,-0.100
0.415,-0.128,-0.127,2.400,-0.035,0.080,-0.100
0.441,-0.128,-0.129,2.500,-0.037,0.079,-0.100
0.441,-0.128,-0.129,2.500,-0.037,0.079,-0.100
0.441,-0.128,-0.129,2.500,-0.037,0.079,-0.100
0.441,-0.128,-0.129,2.500,-0.037,0.079,-0.100
0.441,-0.128,-0.129,2.500,-0.037,0.079,-0.100
0.441,-0.128,-0.129,2.500,-0.037,0.079,-0.100
0.441,-0.128,-0.129,2.500,-0.037,0.079,-0.100
0.441,-0.128,-0.129,2.500,-0.037,0.079,-0.100
0.441,-0.128,-0.129,2.500,-0.037,0.079,-0.100
0.441,-0.128,-0.129,2.500,-0.037,0.079,-0.100
0.441,-0.128,-0.129,2.500,-0.037,0.079,-0.100
0.441,-0.128,-0.129,2.500,-0.037,0.079,-0.100
0.441,-0.128,-0.129,2.500,-0.037,0.079,-0.100
0.441,-0.128,-0.129,2.500,-0.037,0.079,-0.100
0.441,-0.128,-0.129,2.500,-0.037,0.079,-0.100
0.441,-0.128,-0.129,2.500,-0.037,0.079,-0.100
0.441,-0.128,-0.129,2.500,-0.037,0.079,-0.100
0.441,-0.128,-0.129,2.500,-0.037,0.079,-0.100
0.441,-0.128,-0.129,2.500,-0.037,0.079,-0.100
0.441,-0.128,-0.129,2.500,-0.037,0.079,-0.100
0.466,-0.128,-0.131,0.000,-0.039,0.077,-0.100
0.464,-0.155,-0.155,0.100,-0.039,0.078,-0.098
0.460,-0.181,-0.179,0.200,-0.038,0.078,-0.097
0.452,-0.208,-0.202,0.300,-0.038,0.078,-0.095
0.441,-0.234,-0.224,0.400,-0.037,0.079,-0.094
0.427,-0.259,-0.245,0.500,-0.036,0.079,-0.092
0.410,-0.284,-0.265,0.600,-0.035,0.080,-0.091
0.390,-0.308,-0.283,0.700,-0.033,0.081,-0.090
0.368,-0.330,-0.299,0.800,-0.032,0.082,-0.088
0.343,-0.352,-0.313,0.900,-0.030,0.083,-0.087
0.317,-0.372,-0.325,1.000,-0.028,0.084,-0.086
0.288,-0.390,-0.334,1.100,-0.025,0.085,-0.085
0.258,-0.407,-0.341,1.200,-0.023,0.087,-0.084
0.227,-0.421,-0.344,1.300,-0.020,0.088,-0.083
0.195,-0.434,-0.345,1.400,-0.018,0.090,-0.082
0.162,-0.443,-0.342,1.500,-0.015,0.091,-0.082
0.129,-0.451,-0.336,1.600,-0.012,0.093,-0.081
0.096,-0.455,-0.327,1.700,-0.009,0.095,-0.081
0.063,-0.457,-0.315,1.800,-0.006,0.096,-0.080
0.031,-0.456,-0.299,1.900,-0.003,0.098,-0.080
0.000,-0.452,-0.280,2.000,-0.000,0.100,-0.080
-0.030,-0.446,-0.257,2.100,0.003,0.102,-0.080
-0.059,-0.436,-0.232,2.200,0.006,0.104,-0.080
-0.086,-0.424,-0.205,2.300,0.009,0.105,-0.081
-0.112,-0.409,-0.174,2.400,0.012,0.107,-0.081
-0.136,-0.392,-0.142,2.500,0.015,0.109,-0.082
-0.159,-0.373,-0.107,2.600,0.018,0.110,-0.082
-0.180,-0.351,-0.071,2.700,0.020,0.112,-0.083
-0.200,-0.328,-0.034,2.800,0.023,0.113,-0.084
-0.217,-0.303,0.005,2.900,0.025,0.115,-0.085
-0.233,-0.277,0.044,3.000,0.028,0.116,-0.086
-0.248,-0.249,0.083,3.100,0.030,0.117,-0.087
-0.261,-0.221,0.123,3.200,0.032,0.118,-0.088
-0.272,-0.192,0.162,3.300,0.033,0.119,-0.090
-0.282,-0.163,0.201,3.400,0.035,0.120,-0.091
-0.290,-0.133,0.238,3.500,0.036,0.121,-0.092
-0.296,-0.104,0.275,3.600,0.037,0.121,-0.094
-0.301,-0.075,0.309,3.700,0.038,0.122,-0.095
-0.305,-0.046,0.342,3.800,0.038,0.122,-0.097
-0.307,-0.018,0.373,3.900,0.039,0.122,-0.098
-0.308,0.009,0.401,4.000,0.039,0.123,-0.100
-0.308,0.009,0.401,4.000,0.039,0.123,-0.100
-0.308,0.009,0.401,4.000,0.039,0.123,-0.100
-0.308,0.009,0.401,4.000,0.039,0.123,-0.100
-0.308,0.009,0.401,4.000,0.039,0.123,-0.100
-0.308,0.009,0.401,4.000,0.039,0.123,-0.100
-0.308,0.009,0.401,4.000,0.039,0.123,-0.100
-0.308,0.009,0.401,4.000,0.039,0.123,-0.100
-0.308,0.009,0.401,4.000,0.039,0.123,-0.100
-0.308,0.009,0.401,4.000,0.039,0.123,-0.100
-0.308,0.009,0.401,4.000,0.039,0.123,-0.100
-0.308,0.009,0.401,4.000,0.039,0.123,-0.100
-0.308,0.009,0.401,4.000,0.039,0.123,-0.100
-0.308,0.009,0.401,4.000,0.039,0.123,-0.100
-0.308,0.009,0.401,4.000,0.039,0.123,-0.100
-0.308,0.009,0.401,4.000,0.039,0.123,-0.100
-0.308,0.009,0.401,4.000,0.039,0.123,-0.100
-0.308,0.009,0.401,4.000,0.039,0.123,-0.100
-0.308,0.009,0.401,4.000,0.039,0.123,-0.100
-0.308,0.009,0.401,4.000,0.039,0.123,-0.100
-0.308,0.009,0.401,0.000,0.039,0.123,-0.100
-0.296,-0.002,0.373,0.100,0.037,0.121,-0.100
-0.284,-0.013,0.346,0.200,0.035,0.120,-0.100
-0.271,-0.023,0.320,0.300,0.033,0.119,-0.100
-0.258,-0.032,0.295,0.400,0.031,0.118,-0.100
-0.245,-0.040,0.271,0.500,0.029,0.117,-0.100
-0.231,-0.049,0.248,0.600,0.027,0.116,-0.100
-0.217,-0.056,0.226,0.700,0.025,0.115,-0.100
-0.203,-0.063,0.205,0.800,0.023,0.114,-0.100
-0.188,-0.070,0.184,0.900,0.021,0.112,-0.100
-0.173,-0.076,0.165,1.000,0.019,0.111,-0.100
-0.158,-0.081,0.145,1.100,0.018,0.110,-0.100
-0.142,-0.087,0.127,1.200,0.016,0.109,-0.100
-0.126,-0.091,0.110,1.300,0.014,0.108,-0.100
-0.109,-0.096,0.093,1.400,0.012,0.107,-0.100
-0.092,-0.100,0.076,1.500,0.010,0.106,-0.100
-0.074,-0.104,0.061,1.600,0.008,0.105,-0.100
-0.056,-0.107,0.046,1.700,0.006,0.103,-0.100
-0.038,-0.110,0.032,1.800,0.004,0.102,-0.100
-0.019,-0.113,0.018,1.900,0.002,0.101,-0.100
0.000,-0.115,0.005,2.000,-0.000,0.100,-0.100
0.020,-0.117,-0.007,2.100,-0.002,0.099,-0.100
0.040,-0.119,-0.019,2.200,-0.004,0.098,-0.100
0.060,-0.121,-0.030,2.300,-0.006,0.097,-0.100
0.081,-0.122,-0.041,2.400,-0.008,0.095,-0.100
0.103,-0.123,-0.050,2.500,-0.010,0.094,-0.100
0.125,-0.124,-0.060,2.600,-0.012,0.093,-0.100
0.147,-0.125,-0.068,2.700,-0.014,0.092,-0.100
0.170,-0.126,-0.077,2.800,-0.016,0.091,-0.100
0.193,-0.126,-0.084,2.900,-0.018,0.090,-0.100
0.216,-0.127,-0.091,3.000,-0.019,0.089,-0.100
0.240,-0.127,-0.098,3.100,-0.021,0.088,-0.100
0.264,-0.128,-0.103,3.200,-0.023,0.086,-0.100
0.288,-0.128,-0.109,3.300,-0.025,0.085,-0.100
0.313,-0.128,-0.114,3.400,-0.027,0.084,-0.100
0.338,-0.128,-0.118,3.500,-0.029,0.083,-0.100
0.363,-0.128,-0.121,3.600,-0.031,0.082,-0.100
0.389,-0.128,-0.125,3.700,-0.033,0.081,-0.100
0.414,-0.128,-0.127,3.800,-0.035,0.080,-0.100
0.440,-0.128,-0.129,3.900,-0.037,0.079,-0.100
0.466,-0.128,-0.131,4.000,-0.039,0.078,-0.100
0.466,-0.128,-0.131,4.000,-0.039,0.078,-0.100
0.466,-0.128,-0.131,4.000,-0.039,0.078,-0.100
0.466,-0.128,-0.131,4.000,-0.039,0.078,-0.100
0.466,-0.128,-0.131,4.000,-0.039,0.078,-0.100
0.466,-0.128,-0.131,4.000,-0.039,0.078,-0.100
0.466,-0.128,-0.131,4.000,-0.039,0.078,-0.100
0.466,-0.128,-0.131,4.000,-0.039,0.078,-0.100
0.466,-0.128,-0.131,4.000,-0.039,0.078,-0.100
0.466,-0.128,-0.131,4.000,-0.039,0.078,-0.100
0.466,-0.128,-0.131,4.000,-0.039,0.078,-0.100
0.466,-0.128,-0.131,4.000,-0.039,0.078,-0.100
0.466,-0.128,-0.131,4.000,-0.039,0.078,-0.100
0.466,-0.128,-0.131,4.000,-0.039,0.078,-0.100
0.466,-0.128,-0.131,4.000,-0.039,0.078,-0.100
0.466,-0.128,-0.131,4.000,-0.039,0.078,-0.100
0.466,-0.128,-0.131,4.000,-0.039,0.078,-0.100
0.466,-0.128,-0.131,4.000,-0.039,0.078,-0.100
0.466,-0.128,-0.131,4.000,-0.039,0.078,-0.100
0.466,-0.128,-0.131,4.000,-0.039,0.078,-0.100
0.466,-0.128,-0.131,0.000,-0.039,0.077,-0.100
0.464,-0.155,-0.155,0.100,-0.039,0.078,-0.098
0.460,-0.181,-0.179,0.200,-0.038,0.078,-0.097
0.452,-0.208,-0.202,0.300,-0.038,0.078,-0.095
0.441,-0.234,-0.224,0.400,-0.037,0.079,-0.094
0.427,-0.259,-0.245,0.500,-0.036,0.079,-0.092
0.410,-0.284,-0.265,0.600,-0.035,0.080,-0.091
0.390,-0.308,-0.283,0.700,-0.033,0.081,-0.090
0.368,-0.330,-0.299,0.800,-0.032,0.082,-0.088
0.343,-0.352,-0.313,0.900,-0.030,0.083,-0.087
0.317,-0.372,-0.325,1.000,-0.028,0.084,-0.086
0.288,-0.390,-0.334,1.100,-0.025,0.085,-0.085
0.258,-0.407,-0.341,1.200,-0.023,0.087,-0.084
0.227,-0.421,-0.344,1.300,-0.020,0.088,-0.083
0.195,-0.434,-0.345,1.400,-0.018,0.090,-0.082
0.162,-0.443,-0.342,1.500,-0.015,0.091,-0.082
0.129,-0.451,-0.336,1.600,-0.012,0.093,-0.081
0.096,-0.455,-0.327,1.700,-0.009,0.095,-0.081
0.063,-0.457,-0.315,1.800,-0.006,0.096,-0.080
0.031,-0.456,-0.299,1.900,-0.003,0.098,-0.080
0.000,-0.452,-0.280,2.000,-0.000,0.100,-0.080
-0.030,-0.446,-0.257,2.100,0.003,0.102,-0.080
-0.059,-0.436,-0.232,2.200,0.006,0.104,-0.080
-0.086,-0.424,-0.205,2.300,0.009,0.105,-0.081
-0.112,-0.409,-0.174,2.400,0.012,0.107,-0.081
-0.112,-0.409,-0.174,2.500,0.015,0.109,-0.082
