0.350	4	0.001	-1.366	0.202	-1.327	-0.005	-0.984	-0.198	-1.333	
0.350	6	0.000	-1.358	0.201	-1.324	0.198	-1.017	-0.005	-0.989	-0.205	-1.022	-0.199	-1.331	
0.350	6	-0.000	-1.353	0.201	-1.323	0.198	-1.015	-0.005	-0.992	-0.205	-1.020	-0.200	-1.329	
0.350	6	-0.000	-1.350	0.200	-1.322	0.198	-1.014	-0.005	-0.993	-0.205	-1.019	-0.200	-1.328	
0.350	6	-0.001	-1.349	0.200	-1.322	0.197	-1.014	-0.005	-0.993	-0.206	-1.019	-0.201	-1.328	
0.800	6	-0.001	-1.348	0.200	-1.322	0.197	-1.014	-0.005	-0.994	-0.206	-1.019	-0.201	-1.328	
0.800	6	-0.001	-1.348	0.200	-1.322	0.197	-1.014	-0.005	-0.994	-0.206	-1.019	-0.201	-1.328	
0.800	6	-0.001	-1.348	0.200	-1.322	0.197	-1.014	-0.006	-0.994	-0.206	-1.019	-0.201	-1.328	
0.800	3	-0.203	-1.309	0.199	-1.305	-0.007	-0.974	
0.800	4	0.201	-1.322	0.190	-1.041	-0.010	-1.001	-0.202	-1.311	
0.800	6	0.001	-1.370	0.198	-1.328	0.188	-1.033	-0.012	-1.005	-0.207	-1.046	-0.201	-1.332	
0.800	6	-0.001	-1.370	0.193	-1.331	0.188	-1.032	-0.011	-1.005	-0.208	-1.042	-0.200	-1.338	
0.800	3	-0.001	-1.371	0.188	-1.032	-0.207	-1.043	
1.250	3	-0.001	-1.373	0.188	-1.033	-0.207	-1.043	
1.250	3	-0.001	-1.374	0.189	-1.033	-0.207	-1.043	
1.250	3	-0.001	-1.375	0.189	-1.033	-0.207	-1.044	
1.250	3	-0.001	-1.375	0.189	-1.033	-0.207	-1.043	
1.250	3	-0.001	-1.376	0.189	-1.033	-0.206	-1.044	
1.250	3	-0.000	-1.377	0.189	-1.033	-0.206	-1.044	
1.250	3	-0.000	-1.377	0.189	-1.033	-0.206	-1.045	
1.250	3	-0.000	-1.378	0.189	-1.033	-0.206	-1.044	
1.250	3	-0.000	-1.378	0.189	-1.033	-0.206	-1.044	
1.700	3	-0.000	-1.379	0.190	-1.034	-0.206	-1.044	
1.700	3	-0.000	-1.379	0.190	-1.033	-0.206	-1.044	
1.700	3	-0.000	-1.380	0.190	-1.033	-0.206	-1.044	
1.700	3	-0.001	-1.380	0.190	-1.034	-0.206	-1.044	
1.700	3	-0.001	-1.380	0.190	-1.033	-0.206	-1.044	
1.700	3	-0.000	-1.381	0.190	-1.033	-0.206	-1.044	
1.700	3	-0.000	-1.381	0.190	-1.033	-0.206	-1.044	
2.200	3	-0.000	-1.382	0.190	-1.033	-0.206	-1.044	
2.200	3	0.000	-1.382	0.190	-1.033	-0.206	-1.044	
2.200	3	-0.000	-1.382	0.191	-1.033	-0.205	-1.044	
2.200	3	0.000	-1.382	0.191	-1.033	-0.206	-1.043	
2.200	3	0.001	-1.383	0.191	-1.032	-0.206	-1.043	
2.200	3	0.001	-1.383	0.191	-1.032	-0.205	-1.043	
2.200	3	0.001	-1.384	0.191	-1.032	-0.205	-1.043	
2.200	3	0.001	-1.384	0.191	-1.032	-0.205	-1.042	
2.700	3	0.001	-1.384	0.192	-1.031	-0.205	-1.041	
2.700	3	0.001	-1.384	0.192	-1.030	-0.205	-1.041	
2.700	3	0.001	-1.385	0.193	-1.029	-0.205	-1.040	
2.700	3	0.002	-1.385	0.193	-1.028	-0.205	-1.039	
3.150	6	0.003	-1.384	0.196	-1.184	0.193	-1.028	-0.014	-0.841	-0.205	-1.039	-0.196	-1.195	
3.150	3	-0.197	-1.197	0.197	-1.184	-0.014	-0.842	
3.150	3	-0.197	-1.197	0.197	-1.184	-0.014	-0.843	
3.450	3	-0.197	-1.197	0.196	-1.184	-0.013	-0.843	
3.450	3	-0.197	-1.196	0.196	-1.184	-0.013	-0.845	
3.450	3	-0.197	-1.195	0.197	-1.184	-0.013	-0.846	
3.450	3	-0.197	-1.195	0.197	-1.183	-0.013	-0.845	
3.450	3	-0.196	-1.195	0.197	-1.183	-0.013	-0.845	
3.450	3	-0.196	-1.194	0.197	-1.183	-0.013	-0.846	
3.850	3	-0.196	-1.193	0.197	-1.183	-0.013	-0.847	
3.850	3	-0.196	-1.193	0.197	-1.182	-0.013	-0.847	
3.850	3	-0.196	-1.193	0.197	-1.183	-0.013	-0.849	
3.850	3	-0.196	-1.194	0.197	-1.182	-0.012	-0.848	
3.850	3	-0.196	-1.194	0.197	-1.182	-0.012	-0.848	
3.850	3	-0.196	-1.194	0.197	-1.182	-0.012	-0.848	
3.850	3	-0.196	-1.193	0.197	-1.181	-0.012	-0.847	
4.200	3	-0.196	-1.193	0.197	-1.181	-0.012	-0.847	
4.200	3	-0.196	-1.194	0.197	-1.180	-0.011	-0.848	
4.200	3	-0.196	-1.193	0.198	-1.180	-0.011	-0.849	
4.200	3	-0.196	-1.193	0.198	-1.179	-0.011	-0.848	
4.200	3	-0.196	-1.193	0.198	-1.179	-0.011	-0.849	
4.200	3	-0.196	-1.192	0.198	-1.178	-0.011	-0.849	
4.200	3	-0.197	-1.192	0.197	-1.178	-0.010	-0.849	
4.700	3	-0.197	-1.191	0.197	-1.178	-0.010	-0.849	
4.700	3	-0.197	-1.191	0.197	-1.178	-0.010	-0.849	
4.700	3	-0.197	-1.190	0.197	-1.177	-0.010	-0.848	
4.700	3	-0.197	-1.190	0.197	-1.178	-0.010	-0.849	
4.700	3	-0.197	-1.190	0.197	-1.177	-0.010	-0.848	
4.700	3	-0.197	-1.189	0.197	-1.176	-0.010	-0.848	
4.700	3	-0.197	-1.189	0.197	-1.176	-0.009	-0.848	
4.700	4	0.002	-1.214	0.197	-1.177	-0.009	-0.849	-0.197	-1.189	
4.700	5	0.002	-1.210	0.197	-1.176	0.188	-0.874	-0.009	-0.849	-0.197	-1.189	
5.200	6	0.002	-1.209	0.196	-1.176	0.188	-0.872	-0.009	-0.850	-0.204	-0.883	-0.196	-1.189	
5.200	6	0.002	-1.210	0.195	-1.175	0.189	-0.871	-0.009	-0.850	-0.204	-0.884	-0.195	-1.187	
5.200	3	0.002	-1.212	0.190	-0.872	-0.204	-0.884	
5.200	3	0.003	-1.213	0.191	-0.872	-0.205	-0.884	
5.200	3	0.003	-1.214	0.191	-0.872	-0.205	-0.883	
5.600	3	0.003	-1.215	0.191	-0.872	-0.204	-0.884	
5.600	3	0.004	-1.217	0.192	-0.870	-0.204	-0.884	
6.000	3	0.005	-1.218	0.192	-0.871	-0.204	-0.884	
6.000	3	0.005	-1.220	0.192	-0.868	-0.203	-0.884	
6.000	3	0.006	-1.221	0.193	-0.869	-0.203	-0.884	
6.500	3	0.006	-1.221	0.193	-0.867	-0.203	-0.883	
6.500	3	0.006	-1.222	0.193	-0.867	-0.203	-0.882	
6.500	3	0.006	-1.222	0.194	-0.867	-0.203	-0.882	
6.500	3	0.006	-1.222	0.194	-0.866	-0.203	-0.881	
6.500	3	0.007	-1.222	0.194	-0.865	-0.203	-0.879	
6.850	6	0.007	-1.223	0.199	-1.021	0.195	-0.864	-0.013	-0.680	-0.203	-0.879	-0.193	-1.035	
6.850	5	-0.194	-1.035	0.199	-1.021	0.194	-0.864	-0.013	-0.680	-0.203	-0.879	
6.850	5	-0.194	-1.036	0.199	-1.021	0.194	-0.863	-0.013	-0.680	-0.203	-0.878	
6.850	3	-0.194	-1.036	0.200	-1.021	-0.013	-0.680	
6.850	3	-0.194	-1.038	0.200	-1.023	-0.014	-0.680	
7.350	3	-0.194	-1.038	0.200	-1.022	-0.014	-0.681	
7.350	3	-0.194	-1.039	0.199	-1.021	-0.013	-0.682	
7.350	3	-0.194	-1.039	0.199	-1.021	-0.013	-0.681	
7.350	3	-0.194	-1.040	0.199	-1.022	-0.013	-0.680	
7.350	3	-0.194	-1.039	0.199	-1.022	-0.013	-0.683	
7.350	3	-0.194	-1.038	0.199	-1.020	-0.014	-0.685	
7.850	3	-0.194	-1.037	0.199	-1.019	-0.014	-0.685	
7.850	3	-0.194	-1.037	0.199	-1.019	-0.014	-0.687	
7.850	3	-0.194	-1.036	0.199	-1.018	-0.014	-0.686	
7.850	3	-0.194	-1.035	0.199	-1.016	-0.014	-0.687	
8.300	3	-0.195	-1.035	0.199	-1.016	-0.014	-0.688	
8.300	3	-0.195	-1.034	0.198	-1.014	-0.014	-0.688	
8.300	3	-0.195	-1.033	0.198	-1.013	-0.014	-0.689	
8.650	6	0.004	-1.050	0.198	-1.013	0.183	-0.709	-0.015	-0.690	-0.209	-0.728	-0.194	-1.032	
8.650	6	0.004	-1.050	0.197	-1.012	0.183	-0.709	-0.015	-0.691	-0.209	-0.728	-0.194	-1.032	
8.650	5	0.004	-1.051	0.196	-1.011	0.184	-0.709	-0.015	-0.690	-0.209	-0.728	
8.650	4	0.004	-1.052	0.196	-1.011	0.184	-0.708	-0.210	-0.728	
8.650	3	0.004	-1.052	0.184	-0.709	-0.210	-0.729	
8.650	3	0.004	-1.053	0.184	-0.708	-0.211	-0.729	
8.650	3	0.003	-1.053	0.184	-0.709	-0.211	-0.729	
8.650	3	0.003	-1.055	0.184	-0.710	-0.211	-0.730	
9.100	3	0.003	-1.055	0.184	-0.709	-0.211	-0.730	
9.100	3	0.003	-1.056	0.184	-0.709	-0.211	-0.730	
9.100	3	0.003	-1.056	0.184	-0.708	-0.212	-0.729	
9.100	3	0.003	-1.056	0.183	-0.708	-0.212	-0.728	
9.100	3	0.003	-1.057	0.183	-0.708	-0.212	-0.729	
9.100	3	0.002	-1.058	0.183	-0.708	-0.212	-0.728	
9.100	3	0.002	-1.057	0.183	-0.708	-0.212	-0.728	
9.100	3	0.002	-1.058	0.183	-0.707	-0.212	-0.727	
9.100	3	0.001	-1.058	0.183	-0.708	-0.212	-0.727	
9.550	3	0.000	-1.059	0.183	-0.708	-0.212	-0.727	
9.550	3	0.000	-1.060	0.183	-0.708	-0.212	-0.726	
9.550	3	0.000	-1.060	0.183	-0.707	-0.212	-0.726	
9.550	3	0.000	-1.060	0.183	-0.707	-0.212	-0.725	
9.550	3	0.000	-1.060	0.183	-0.706	-0.213	-0.724	
9.550	3	-0.001	-1.061	0.183	-0.707	-0.213	-0.724	
9.550	3	-0.001	-1.061	0.184	-0.706	-0.213	-0.724	
9.550	3	-0.001	-1.061	0.184	-0.706	-0.213	-0.723	
9.550	3	-0.002	-1.061	0.184	-0.706	-0.213	-0.722	
10.000	3	-0.002	-1.061	0.184	-0.705	-0.213	-0.722	
10.000	3	-0.003	-1.061	0.184	-0.704	-0.213	-0.721	
10.000	3	-0.004	-1.062	0.184	-0.703	-0.213	-0.719	
10.000	3	-0.004	-1.062	0.184	-0.704	-0.213	-0.718	
10.000	3	-0.004	-1.062	0.184	-0.703	-0.214	-0.717	
10.000	3	-0.004	-1.062	0.184	-0.702	-0.214	-0.715	
10.000	3	-0.005	-1.063	0.184	-0.702	-0.214	-0.716	
10.000	4	-0.007	-1.063	0.185	-0.701	-0.214	-0.716	-0.206	-0.872	
10.000	5	-0.008	-1.060	0.186	-0.866	0.185	-0.702	-0.213	-0.715	-0.207	-0.873	
10.100	4	-0.207	-0.874	0.186	-0.865	0.184	-0.704	-0.021	-0.524	
