4,4.000,0.046,0.130,-0.100
4,4.100,0.046,0.129,-0.098
4,4.200,0.046,0.129,-0.097
4,4.300,0.045,0.129,-0.095
4,4.400,0.044,0.129,-0.094
4,4.500,0.043,0.128,-0.092
4,4.600,0.042,0.128,-0.091
4,4.700,0.040,0.127,-0.090
4,4.800,0.038,0.126,-0.088
4,4.900,0.036,0.125,-0.087
4,5.000,0.034,0.124,-0.086
4,5.100,0.032,0.123,-0.085
4,5.200,0.029,0.122,-0.084
4,5.300,0.026,0.121,-0.083
4,5.400,0.023,0.120,-0.082
4,5.500,0.020,0.119,-0.082
4,5.600,0.017,0.117,-0.081
4,5.700,0.014,0.116,-0.081
4,5.800,0.011,0.115,-0.080
4,5.900,0.008,0.113,-0.080
4,6.000,0.005,0.112,-0.080
4,6.100,0.001,0.111,-0.080
4,6.200,-0.002,0.109,-0.080
4,6.300,-0.005,0.108,-0.081
4,6.400,-0.008,0.107,-0.081
4,6.500,-0.011,0.105,-0.082
4,6.600,-0.014,0.104,-0.082
4,6.700,-0.017,0.103,-0.083
4,6.800,-0.020,0.102,-0.084
4,6.900,-0.022,0.101,-0.085
4,7.000,-0.025,0.100,-0.086
4,7.100,-0.027,0.099,-0.087
4,7.200,-0.029,0.098,-0.088
4,7.300,-0.031,0.097,-0.090
4,7.400,-0.032,0.096,-0.091
4,7.500,-0.034,0.096,-0.092
4,7.600,-0.035,0.095,-0.094
4,7.700,-0.036,0.095,-0.095
4,7.800,-0.036,0.095,-0.097
4,7.900,-0.037,0.094,-0.098
4,8.000,-0.037,0.094,-0.100
4,0.100,-0.035,0.095,-0.100
4,0.200,-0.033,0.096,-0.100
4,0.300,-0.031,0.097,-0.100
4,0.400,-0.029,0.098,-0.100
4,0.500,-0.026,0.099,-0.100
4,0.600,-0.024,0.100,-0.100
4,0.700,-0.022,0.101,-0.100
4,0.800,-0.020,0.101,-0.100
4,0.900,-0.018,0.102,-0.100
4,1.000,-0.016,0.103,-0.100
4,1.100,-0.014,0.104,-0.100
4,1.200,-0.012,0.105,-0.100
4,1.300,-0.010,0.106,-0.100
4,1.400,-0.008,0.107,-0.100
4,1.500,-0.006,0.108,-0.100
4,1.600,-0.004,0.108,-0.100
4,1.700,-0.002,0.109,-0.100
4,1.800,0.000,0.110,-0.100
4,1.900,0.003,0.111,-0.100
4,2.000,0.005,0.112,-0.100
4,2.100,0.007,0.113,-0.100
4,2.200,0.009,0.114,-0.100
4,2.300,0.011,0.115,-0.100
4,2.400,0.013,0.115,-0.100
4,2.500,0.015,0.116,-0.100
4,2.600,0.017,0.117,-0.100
4,2.700,0.019,0.118,-0.100
4,2.800,0.021,0.119,-0.100
4,2.900,0.023,0.120,-0.100
4,3.000,0.025,0.121,-0.100
4,3.100,0.027,0.122,-0.100
4,3.200,0.029,0.123,-0.100
4,3.300,0.032,0.123,-0.100
4,3.400,0.034,0.124,-0.100
4,3.500,0.036,0.125,-0.100
4,3.600,0.038,0.126,-0.100
4,3.700,0.040,0.127,-0.100
4,3.800,0.042,0.128,-0.100
4,3.900,0.044,0.129,-0.100
4,4.000,0.046,0.130,-0.100
4,4.100,0.046,0.129,-0.098
4,4.200,0.046,0.129,-0.097
4,4.300,0.045,0.129,-0.095
4,4.400,0.044,0.129,-0.094
4,4.500,0.043,0.128,-0.092
4,4.600,0.042,0.128,-0.091
4,4.700,0.040,0.127,-0.090
4,4.800,0.038,0.126,-0.088
4,4.900,0.036,0.125,-0.087
4,5.000,0.034,0.124,-0.086
4,5.100,0.032,0.123,-0.085
4,5.200,0.029,0.122,-0.084
4,5.300,0.026,0.121,-0.083
4,5.400,0.023,0.120,-0.082
4,5.500,0.020,0.119,-0.082
4,5.600,0.017,0.117,-0.081
4,5.700,0.014,0.116,-0.081
4,5.800,0.011,0.115,-0.080
4,5.900,0.008,0.113,-0.080
4,6.000,0.005,0.112,-0.080
4,6.100,0.001,0.111,-0.080
4,6.200,-0.002,0.109,-0.080
4,6.300,-0.005,0.108,-0.081
4,6.400,-0.008,0.107,-0.081
4,6.500,-0.011,0.105,-0.082
4,6.600,-0.014,0.104,-0.082
4,6.700,-0.017,0.103,-0.083
4,6.800,-0.020,0.102,-0.084
4,6.900,-0.022,0.101,-0.085
4,7.000,-0.025,0.100,-0.086
4,7.100,-0.027,0.099,-0.087
4,7.200,-0.029,0.098,-0.088
4,7.300,-0.031,0.097,-0.090
4,7.400,-0.032,0.096,-0.091
4,7.500,-0.034,0.096,-0.092
4,7.600,-0.035,0.095,-0.094
4,7.700,-0.036,0.095,-0.095
4,7.800,-0.036,0.095,-0.097
4,7.900,-0.037,0.094,-0.098
4,8.000,-0.037,0.094,-0.100
4,0.100,-0.035,0.095,-0.100
4,0.200,-0.033,0.096,-0.100
4,0.300,-0.031,0.097,-0.100
4,0.400,-0.029,0.098,-0.100
4,0.500,-0.026,0.099,-0.100
4,0.600,-0.024,0.100,-0.100
4,0.700,-0.022,0.101,-0.100
4,0.800,-0.020,0.101,-0.100
4,0.900,-0.018,0.102,-0.100
4,1.000,-0.016,0.103,-0.100
4,1.100,-0.014,0.104,-0.100
4,1.200,-0.012,0.105,-0.100
4,1.300,-0.010,0.106,-0.100
4,1.400,-0.008,0.107,-0.100
4,1.500,-0.006,0.108,-0.100
4,1.600,-0.004,0.108,-0.100
4,1.700,-0.002,0.109,-0.100
4,1.800,0.000,0.110,-0.100
4,1.900,0.003,0.111,-0.100
4,2.000,0.005,0.112,-0.100
4,2.100,0.007,0.113,-0.100
4,2.200,0.009,0.114,-0.100
4,2.300,0.011,0.115,-0.100
4,2.400,0.013,0.115,-0.100
4,2.500,0.015,0.116,-0.100
4,2.600,0.017,0.117,-0.100
4,2.700,0.019,0.118,-0.100
4,2.800,0.021,0.119,-0.100
4,2.900,0.023,0.120,-0.100
4,3.000,0.025,0.121,-0.100
4,3.100,0.027,0.122,-0.100
4,3.200,0.029,0.123,-0.100
4,3.300,0.032,0.123,-0.100
4,3.400,0.034,0.124,-0.100
4,3.500,0.036,0.125,-0.100
4,3.600,0.038,0.126,-0.100
4,3.700,0.040,0.127,-0.100
4,3.800,0.042,0.128,-0.100
4,3.900,0.044,0.129,-0.100
4,4.000,0.046,0.130,-0.100
4,4.100,0.046,0.129,-0.098
4,4.200,0.046,0.129,-0.097
4,4.300,0.045,0.129,-0.095
4,4.400,0.044,0.129,-0.094
4,4.500,0.043,0.128,-0.092
4,4.600,0.042,0.128,-0.091
4,4.700,0.040,0.127,-0.090
4,4.800,0.038,0.126,-0.088
4,4.900,0.036,0.125,-0.087
4,5.000,0.034,0.124,-0.086
4,5.100,0.032,0.123,-0.085
4,5.200,0.029,0.122,-0.084
4,5.300,0.026,0.121,-0.083
4,5.400,0.023,0.120,-0.082
4,5.500,0.020,0.119,-0.082
4,5.600,0.017,0.117,-0.081
4,5.700,0.014,0.116,-0.081
4,5.800,0.011,0.115,-0.080
4,5.900,0.008,0.113,-0.080
4,6.000,0.005,0.112,-0.080
4,6.100,0.001,0.111,-0.080
4,6.200,-0.002,0.109,-0.080
4,6.300,-0.005,0.108,-0.081
4,6.400,-0.008,0.107,-0.081
4,6.500,-0.011,0.105,-0.082
4,6.600,-0.014,0.104,-0.082
4,6.700,-0.017,0.103,-0.083
4,6.800,-0.020,0.102,-0.084
4,6.900,-0.022,0.101,-0.085
4,7.000,-0.025,0.100,-0.086
4,7.100,-0.027,0.099,-0.087
4,7.200,-0.029,0.098,-0.088
4,7.300,-0.031,0.097,-0.090
4,7.400,-0.032,0.096,-0.091
4,7.500,-0.034,0.096,-0.092
4,7.600,-0.035,0.095,-0.094
4,7.700,-0.036,0.095,-0.095
4,7.800,-0.036,0.095,-0.097
4,7.900,-0.037,0.094,-0.098
4,8.000,-0.037,0.094,-0.100
4,0.100,-0.035,0.095,-0.100
4,0.200,-0.033,0.096,-0.100
4,0.300,-0.031,0.097,-0.100
4,0.400,-0.029,0.098,-0.100
4,0.500,-0.026,0.099,-0.100
4,0.600,-0.024,0.100,-0.100
4,0.700,-0.022,0.101,-0.100
4,0.800,-0.020,0.101,-0.100
4,0.900,-0.018,0.102,-0.100
4,1.000,-0.016,0.103,-0.100
4,1.100,-0.014,0.104,-0.100
4,1.200,-0.012,0.105,-0.100
4,1.300,-0.010,0.106,-0.100
4,1.400,-0.008,0.107,-0.100
4,1.500,-0.006,0.108,-0.100
4,1.600,-0.004,0.108,-0.100
4,1.700,-0.002,0.109,-0.100
4,1.800,0.000,0.110,-0.100
4,1.900,0.003,0.111,-0.100
4,2.000,0.005,0.112,-0.100
4,2.100,0.007,0.113,-0.100
4,2.200,0.009,0.114,-0.100
4,2.300,0.011,0.115,-0.100
4,2.400,0.013,0.115,-0.100
4,2.500,0.015,0.116,-0.100
4,2.600,0.017,0.117,-0.100
4,2.700,0.019,0.118,-0.100
4,2.800,0.021,0.119,-0.100
4,2.900,0.023,0.120,-0.100
4,3.000,0.025,0.121,-0.100
4,3.100,0.027,0.122,-0.100
4,3.200,0.029,0.123,-0.100
4,3.300,0.032,0.123,-0.100
4,3.400,0.034,0.124,-0.100
4,3.500,0.036,0.125,-0.100
4,3.600,0.038,0.126,-0.100
4,3.700,0.040,0.127,-0.100
4,3.800,0.042,0.128,-0.100
4,3.900,0.044,0.129,-0.100
4,4.000,0.046,0.130,-0.100
4,4.100,0.046,0.129,-0.098
4,4.200,0.046,0.129,-0.097
4,4.300,0.045,0.129,-0.095
4,4.400,0.044,0.129,-0.094
4,4.500,0.043,0.128,-0.092
4,4.600,0.042,0.128,-0.091
4,4.700,0.040,0.127,-0.090
4,4.800,0.038,0.126,-0.088
4,4.900,0.036,0.125,-0.087
4,5.000,0.034,0.124,-0.086
4,5.100,0.032,0.123,-0.085
4,5.200,0.029,0.122,-0.084
4,5.300,0.026,0.121,-0.083
4,5.400,0.023,0.120,-0.082
4,5.500,0.020,0.119,-0.082
4,5.600,0.017,0.117,-0.081
4,5.700,0.014,0.116,-0.081
4,5.800,0.011,0.115,-0.080
4,5.900,0.008,0.113,-0.080
4,6.000,0.005,0.112,-0.080
4,6.100,0.001,0.111,-0.080
4,6.200,-0.002,0.109,-0.080
4,6.300,-0.005,0.108,-0.081
4,6.400,-0.008,0.107,-0.081
4,6.500,-0.011,0.105,-0.082
4,6.600,-0.014,0.104,-0.082
4,6.700,-0.017,0.103,-0.083
4,6.800,-0.020,0.102,-0.084
4,6.900,-0.022,0.101,-0.085
4,7.000,-0.025,0.100,-0.086
4,7.100,-0.027,0.099,-0.087
4,7.200,-0.029,0.098,-0.088
4,7.300,-0.031,0.097,-0.090
4,7.400,-0.032,0.096,-0.091
4,7.500,-0.034,0.096,-0.092
4,7.600,-0.035,0.095,-0.094
4,7.700,-0.036,0.095,-0.095
4,7.800,-0.036,0.095,-0.097
4,7.900,-0.037,0.094,-0.098
4,8.000,-0.037,0.094,-0.100
4,0.100,-0.035,0.095,-0.100
4,0.200,-0.033,0.096,-0.100
4,0.300,-0.031,0.097,-0.100
4,0.400,-0.029,0.098,-0.100
4,0.500,-0.026,0.099,-0.100
4,0.600,-0.024,0.100,-0.100
4,0.700,-0.022,0.101,-0.100
4,0.800,-0.020,0.101,-0.100
4,0.900,-0.018,0.102,-0.100
4,1.000,-0.016,0.103,-0.100
4,1.100,-0.014,0.104,-0.100
4,1.200,-0.012,0.105,-0.100
4,1.300,-0.010,0.106,-0.100
4,1.400,-0.008,0.107,-0.100
4,1.500,-0.006,0.108,-0.100
4,1.600,-0.004,0.108,-0.100
4,1.700,-0.002,0.109,-0.100
4,1.800,0.000,0.110,-0.100
4,1.900,0.003,0.111,-0.100
4,2.000,0.005,0.112,-0.100
4,2.100,0.007,0.113,-0.100
4,2.200,0.009,0.114,-0.100
4,2.300,0.011,0.115,-0.100
4,2.400,0.013,0.115,-0.100
4,2.500,0.015,0.116,-0.100
4,2.600,0.017,0.117,-0.100
4,2.700,0.019,0.118,-0.100
4,2.800,0.021,0.119,-0.100
4,2.900,0.023,0.120,-0.100
4,3.000,0.025,0.121,-0.100
4,3.100,0.027,0.122,-0.100
4,3.200,0.029,0.123,-0.100
4,3.300,0.032,0.123,-0.100
4,3.400,0.034,0.124,-0.100
4,3.500,0.036,0.125,-0.100
4,3.600,0.038,0.126,-0.100
4,3.700,0.040,0.127,-0.100
4,3.800,0.042,0.128,-0.100
4,3.900,0.044,0.129,-0.100
4,4.000,0.046,0.130,-0.100
4,4.100,0.046,0.129,-0.098
4,4.200,0.046,0.129,-0.097
4,4.300,0.045,0.129,-0.095
4,4.400,0.044,0.129,-0.094
4,4.500,0.043,0.128,-0.092
4,4.600,0.042,0.128,-0.091
4,4.700,0.040,0.127,-0.090
4,4.800,0.038,0.126,-0.088
4,4.900,0.036,0.125,-0.087
4,5.000,0.034,0.124,-0.086
4,5.100,0.032,0.123,-0.085
4,5.200,0.029,0.122,-0.084
4,5.300,0.026,0.121,-0.083
4,5.400,0.023,0.120,-0.082
4,5.500,0.020,0.119,-0.082
4,5.600,0.017,0.117,-0.081
4,5.700,0.014,0.116,-0.081
4,5.800,0.011,0.115,-0.080
4,5.900,0.008,0.113,-0.080
4,6.000,0.005,0.112,-0.080
4,6.100,0.001,0.111,-0.080
4,6.200,-0.002,0.109,-0.080
4,6.300,-0.005,0.108,-0.081
4,6.400,-0.008,0.107,-0.081
4,6.500,-0.011,0.105,-0.082
4,6.600,-0.014,0.104,-0.082
4,6.700,-0.017,0.103,-0.083
4,6.800,-0.020,0.102,-0.084
4,6.900,-0.022,0.101,-0.085
4,7.000,-0.025,0.100,-0.086
4,7.100,-0.027,0.099,-0.087
4,7.200,-0.029,0.098,-0.088
4,7.300,-0.031,0.097,-0.090
4,7.400,-0.032,0.096,-0.091
4,7.500,-0.034,0.096,-0.092
4,7.600,-0.035,0.095,-0.094
4,7.700,-0.036,0.095,-0.095
4,7.800,-0.036,0.095,-0.097
4,7.900,-0.037,0.094,-0.098
4,8.000,-0.037,0.094,-0.100
4,0.100,-0.035,0.095,-0.100
4,0.200,-0.033,0.096,-0.100
4,0.300,-0.031,0.097,-0.100
4,0.400,-0.029,0.098,-0.100
4,0.500,-0.026,0.099,-0.100
4,0.600,-0.024,0.100,-0.100
4,0.700,-0.022,0.101,-0.100
4,0.800,-0.020,0.101,-0.100
4,0.900,-0.018,0.102,-0.100
4,1.000,-0.016,0.103,-0.100
4,1.100,-0.014,0.104,-0.100
4,1.200,-0.012,0.105,-0.100
4,1.300,-0.010,0.106,-0.100
4,1.400,-0.008,0.107,-0.100
4,1.500,-0.006,0.108,-0.100
4,1.600,-0.004,0.108,-0.100
4,1.700,-0.002,0.109,-0.100
4,1.800,0.000,0.110,-0.100
4,1.900,0.003,0.111,-0.100
4,2.000,0.005,0.112,-0.100
4,2.100,0.007,0.113,-0.100
4,2.200,0.009,0.114,-0.100
4,2.300,0.011,0.115,-0.100
4,2.400,0.013,0.115,-0.100
4,2.500,0.015,0.116,-0.100
4,2.600,0.017,0.117,-0.100
4,2.700,0.019,0.118,-0.100
4,2.800,0.021,0.119,-0.100
4,2.900,0.023,0.120,-0.100
4,3.000,0.025,0.121,-0.100
4,3.100,0.027,0.122,-0.100
4,3.200,0.029,0.123,-0.100
4,3.300,0.032,0.123,-0.100
4,3.400,0.034,0.124,-0.100
4,3.500,0.036,0.125,-0.100
4,3.600,0.038,0.126,-0.100
4,3.700,0.040,0.127,-0.100
4,3.800,0.042,0.128,-0.100
4,3.900,0.044,0.129,-0.100
4,4.000,0.046,0.130,-0.100
4,4.100,0.046,0.129,-0.098
4,4.200,0.046,0.129,-0.097
4,4.300,0.045,0.129,-0.095
4,4.400,0.044,0.129,-0.094
4,4.500,0.043,0.128,-0.092
4,4.600,0.042,0.128,-0.091
4,4.700,0.040,0.127,-0.090
4,4.800,0.038,0.126,-0.088
4,4.900,0.036,0.125,-0.087
4,5.000,0.034,0.124,-0.086
4,5.100,0.032,0.123,-0.085
4,5.200,0.029,0.122,-0.084
4,5.300,0.026,0.121,-0.083
4,5.400,0.023,0.120,-0.082
4,5.500,0.020,0.119,-0.082
4,5.600,0.017,0.117,-0.081
4,5.700,0.014,0.116,-0.081
4,5.800,0.011,0.115,-0.080
4,5.900,0.008,0.113,-0.080
4,6.000,0.005,0.112,-0.080
4,6.100,0.001,0.111,-0.080
4,6.200,-0.002,0.109,-0.080
4,6.300,-0.005,0.108,-0.081
4,6.400,-0.008,0.107,-0.081
4,6.500,-0.011,0.105,-0.082
4,6.600,-0.014,0.104,-0.082
4,6.700,-0.017,0.103,-0.083
4,6.800,-0.020,0.102,-0.084
4,6.900,-0.022,0.101,-0.085
4,7.000,-0.025,0.100,-0.086
4,7.100,-0.027,0.099,-0.087
4,7.200,-0.029,0.098,-0.088
4,7.300,-0.031,0.097,-0.090
4,7.400,-0.032,0.096,-0.091
4,7.500,-0.034,0.096,-0.092
4,7.600,-0.035,0.095,-0.094
4,7.700,-0.036,0.095,-0.095
4,7.800,-0.036,0.095,-0.097
4,7.900,-0.037,0.094,-0.098
4,8.000,-0.037,0.094,-0.100
4,0.100,-0.035,0.095,-0.100
4,0.200,-0.033,0.096,-0.100
4,0.300,-0.031,0.097,-0.100
4,0.400,-0.029,0.098,-0.100
4,0.500,-0.026,0.099,-0.100
4,0.600,-0.024,0.100,-0.100
4,0.700,-0.022,0.101,-0.100
4,0.800,-0.020,0.101,-0.100
4,0.900,-0.018,0.102,-0.100
4,1.000,-0.016,0.103,-0.100
4,1.100,-0.014,0.104,-0.100
4,1.200,-0.012,0.105,-0.100
4,1.300,-0.010,0.106,-0.100
4,1.400,-0.008,0.107,-0.100
4,1.500,-0.006,0.108,-0.100
4,1.600,-0.004,0.108,-0.100
4,1.700,-0.002,0.109,-0.100
4,1.800,0.000,0.110,-0.100
4,1.900,0.003,0.111,-0.100
4,2.000,0.005,0.112,-0.100
4,2.100,0.007,0.113,-0.100
4,2.200,0.009,0.114,-0.100
4,2.300,0.011,0.115,-0.100
4,2.400,0.013,0.115,-0.100
4,2.500,0.015,0.116,-0.100
4,2.600,0.017,0.117,-0.100
4,2.700,0.019,0.118,-0.100
4,2.800,0.021,0.119,-0.100
4,2.900,0.023,0.120,-0.100
4,3.000,0.025,0.121,-0.100
4,3.100,0.027,0.122,-0.100
4,3.200,0.029,0.123,-0.100
4,3.300,0.032,0.123,-0.100
4,3.400,0.034,0.124,-0.100
4,3.500,0.036,0.125,-0.100
4,3.600,0.038,0.126,-0.100
4,3.700,0.040,0.127,-0.100
4,3.800,0.042,0.128,-0.100
4,3.900,0.044,0.129,-0.100
4,4.000,0.046,0.130,-0.100
4,4.100,0.046,0.129,-0.098
4,4.200,0.046,0.129,-0.097
4,4.300,0.045,0.129,-0.095
4,4.400,0.044,0.129,-0.094
4,4.500,0.043,0.128,-0.092
4,4.600,0.042,0.128,-0.091
4,4.700,0.040,0.127,-0.090
4,4.800,0.038,0.126,-0.088
4,4.900,0.036,0.125,-0.087
4,5.000,0.034,0.124,-0.086
4,5.100,0.032,0.123,-0.085
4,5.200,0.029,0.122,-0.084
4,5.300,0.026,0.121,-0.083
4,5.400,0.023,0.120,-0.082
4,5.500,0.020,0.119,-0.082
4,5.600,0.017,0.117,-0.081
4,5.700,0.014,0.116,-0.081
4,5.800,0.011,0.115,-0.080
4,5.900,0.008,0.113,-0.080
4,6.000,0.005,0.112,-0.080
4,6.100,0.001,0.111,-0.080
4,6.200,-0.002,0.109,-0.080
4,6.300,-0.005,0.108,-0.081
4,6.400,-0.008,0.107,-0.081
4,6.500,-0.011,0.105,-0.082
4,6.600,-0.014,0.104,-0.082
4,6.700,-0.017,0.103,-0.083
4,6.800,-0.020,0.102,-0.084
4,6.900,-0.022,0.101,-0.085
4,7.000,-0.025,0.100,-0.086
4,7.100,-0.027,0.099,-0.087
4,7.200,-0.029,0.098,-0.088
4,7.300,-0.031,0.097,-0.090
4,7.400,-0.032,0.096,-0.091
4,7.500,-0.034,0.096,-0.092
4,7.600,-0.035,0.095,-0.094
4,7.700,-0.036,0.095,-0.095
4,7.800,-0.036,0.095,-0.097
4,7.900,-0.037,0.094,-0.098
4,8.000,-0.037,0.094,-0.100
4,0.100,-0.035,0.095,-0.100
4,0.200,-0.033,0.096,-0.100
4,0.300,-0.031,0.097,-0.100
4,0.400,-0.029,0.098,-0.100
4,0.500,-0.026,0.099,-0.100
4,0.600,-0.024,0.100,-0.100
4,0.700,-0.022,0.101,-0.100
4,0.800,-0.020,0.101,-0.100
4,0.900,-0.018,0.102,-0.100
4,1.000,-0.016,0.103,-0.100
4,1.100,-0.014,0.104,-0.100
4,1.200,-0.012,0.105,-0.100
4,1.300,-0.010,0.106,-0.100
4,1.400,-0.008,0.107,-0.100
4,1.500,-0.006,0.108,-0.100
4,1.600,-0.004,0.108,-0.100
4,1.700,-0.002,0.109,-0.100
4,1.800,0.000,0.110,-0.100
4,1.900,0.003,0.111,-0.100
4,2.000,0.005,0.112,-0.100
4,2.100,0.007,0.113,-0.100
4,2.200,0.009,0.114,-0.100
4,2.300,0.011,0.115,-0.100
4,2.400,0.013,0.115,-0.100
4,2.500,0.015,0.116,-0.100
4,2.600,0.017,0.117,-0.100
4,2.700,0.019,0.118,-0.100
4,2.800,0.021,0.119,-0.100
4,2.900,0.023,0.120,-0.100
4,3.000,0.025,0.121,-0.100
