6,0.000,-0.000,0.070,-0.100
6,0.100,-0.000,0.072,-0.100
6,0.200,-0.000,0.074,-0.100
6,0.300,-0.000,0.077,-0.100
6,0.400,-0.000,0.079,-0.100
6,0.500,-0.000,0.081,-0.100
6,0.600,-0.000,0.083,-0.100
6,0.700,-0.000,0.086,-0.100
6,0.800,-0.000,0.088,-0.100
6,0.900,-0.000,0.090,-0.100
6,1.000,-0.000,0.093,-0.100
6,1.100,-0.000,0.095,-0.100
6,1.200,-0.000,0.097,-0.100
6,1.300,-0.000,0.099,-0.100
6,1.400,-0.000,0.102,-0.100
6,1.500,-0.000,0.104,-0.100
6,1.600,-0.000,0.106,-0.100
6,1.700,-0.000,0.108,-0.100
6,1.800,0.000,0.111,-0.100
6,1.900,0.000,0.113,-0.100
6,2.000,0.000,0.115,-0.100
6,2.100,0.000,0.117,-0.100
6,2.200,0.000,0.119,-0.100
6,2.300,0.000,0.122,-0.100
6,2.400,0.000,0.124,-0.100
6,2.500,0.000,0.126,-0.100
6,2.600,0.000,0.128,-0.100
6,2.700,0.000,0.131,-0.100
6,2.800,0.000,0.133,-0.100
6,2.900,0.000,0.135,-0.100
6,3.000,0.000,0.137,-0.100
6,3.100,0.000,0.140,-0.100
6,3.200,0.000,0.142,-0.100
6,3.300,0.000,0.144,-0.100
6,3.400,0.000,0.146,-0.100
6,3.500,0.000,0.149,-0.100
6,3.600,0.000,0.151,-0.100
6,3.700,0.000,0.153,-0.100
6,3.800,0.000,0.155,-0.100
6,3.900,0.000,0.158,-0.100
6,4.000,0.000,0.160,-0.100
6,4.100,0.000,0.160,-0.098
6,4.200,0.000,0.159,-0.097
6,4.300,0.000,0.159,-0.095
6,4.400,0.000,0.158,-0.094
6,4.500,0.000,0.157,-0.092
6,4.600,0.000,0.155,-0.091
6,4.700,0.000,0.153,-0.090
6,4.800,0.000,0.151,-0.088
6,4.900,0.000,0.149,-0.087
6,5.000,0.000,0.147,-0.086
6,5.100,0.000,0.144,-0.085
6,5.200,0.000,0.141,-0.084
6,5.300,0.000,0.139,-0.083
6,5.400,0.000,0.135,-0.082
6,5.500,0.000,0.132,-0.082
6,5.600,0.000,0.129,-0.081
6,5.700,0.000,0.126,-0.081
6,5.800,0.000,0.122,-0.080
6,5.900,0.000,0.119,-0.080
6,6.000,0.000,0.115,-0.080
6,6.100,0.000,0.111,-0.080
6,6.200,-0.000,0.108,-0.080
6,6.300,-0.000,0.104,-0.081
6,6.400,-0.000,0.101,-0.081
6,6.500,-0.000,0.098,-0.082
6,6.600,-0.000,0.095,-0.082
6,6.700,-0.000,0.091,-0.083
6,6.800,-0.000,0.089,-0.084
6,6.900,-0.000,0.086,-0.085
6,7.000,-0.000,0.083,-0.086
6,7.100,-0.000,0.081,-0.087
6,7.200,-0.000,0.079,-0.088
6,7.300,-0.000,0.077,-0.090
6,7.400,-0.000,0.075,-0.091
6,7.500,-0.000,0.073,-0.092
6,7.600,-0.000,0.072,-0.094
6,7.700,-0.000,0.071,-0.095
6,7.800,-0.000,0.071,-0.097
6,7.900,-0.000,0.070,-0.098
6,0.000,-0.000,0.070,-0.100
6,0.100,-0.000,0.072,-0.100
6,0.200,-0.000,0.074,-0.100
6,0.300,-0.000,0.077,-0.100
6,0.400,-0.000,0.079,-0.100
6,0.500,-0.000,0.081,-0.100
6,0.600,-0.000,0.083,-0.100
6,0.700,-0.000,0.086,-0.100
6,0.800,-0.000,0.088,-0.100
6,0.900,-0.000,0.090,-0.100
6,1.000,-0.000,0.093,-0.100
6,1.100,-0.000,0.095,-0.100
6,1.200,-0.000,0.097,-0.100
6,1.300,-0.000,0.099,-0.100
6,1.400,-0.000,0.102,-0.100
6,1.500,-0.000,0.104,-0.100
6,1.600,-0.000,0.106,-0.100
6,1.700,-0.000,0.108,-0.100
6,1.800,0.000,0.111,-0.100
6,1.900,0.000,0.113,-0.100
6,2.000,0.000,0.115,-0.100
6,2.100,0.000,0.117,-0.100
6,2.200,0.000,0.119,-0.100
6,2.300,0.000,0.122,-0.100
6,2.400,0.000,0.124,-0.100
6,2.500,0.000,0.126,-0.100
6,2.600,0.000,0.128,-0.100
6,2.700,0.000,0.131,-0.100
6,2.800,0.000,0.133,-0.100
6,2.900,0.000,0.135,-0.100
6,3.000,0.000,0.137,-0.100
6,3.100,0.000,0.140,-0.100
6,3.200,0.000,0.142,-0.100
6,3.300,0.000,0.144,-0.100
6,3.400,0.000,0.146,-0.100
6,3.500,0.000,0.149,-0.100
6,3.600,0.000,0.151,-0.100
6,3.700,0.000,0.153,-0.100
6,3.800,0.000,0.155,-0.100
6,3.900,0.000,0.158,-0.100
6,4.000,0.000,0.160,-0.100
6,4.100,0.000,0.160,-0.098
6,4.200,0.000,0.159,-0.097
6,4.300,0.000,0.159,-0.095
6,4.400,0.000,0.158,-0.094
6,4.500,0.000,0.157,-0.092
6,4.600,0.000,0.155,-0.091
6,4.700,0.000,0.153,-0.090
6,4.800,0.000,0.151,-0.088
6,4.900,0.000,0.149,-0.087
6,5.000,0.000,0.147,-0.086
6,5.100,0.000,0.144,-0.085
6,5.200,0.000,0.141,-0.084
6,5.300,0.000,0.139,-0.083
6,5.400,0.000,0.135,-0.082
6,5.500,0.000,0.132,-0.082
6,5.600,0.000,0.129,-0.081
6,5.700,0.000,0.126,-0.081
6,5.800,0.000,0.122,-0.080
6,5.900,0.000,0.119,-0.080
6,6.000,0.000,0.115,-0.080
6,6.100,0.000,0.111,-0.080
6,6.200,-0.000,0.108,-0.080
6,6.300,-0.000,0.104,-0.081
6,6.400,-0.000,0.101,-0.081
6,6.500,-0.000,0.098,-0.082
6,6.600,-0.000,0.095,-0.082
6,6.700,-0.000,0.091,-0.083
6,6.800,-0.000,0.089,-0.084
6,6.900,-0.000,0.086,-0.085
6,7.000,-0.000,0.083,-0.086
6,7.100,-0.000,0.081,-0.087
6,7.200,-0.000,0.079,-0.088
6,7.300,-0.000,0.077,-0.090
6,7.400,-0.000,0.075,-0.091
6,7.500,-0.000,0.073,-0.092
6,7.600,-0.000,0.072,-0.094
6,7.700,-0.000,0.071,-0.095
6,7.800,-0.000,0.071,-0.097
6,7.900,-0.000,0.070,-0.098
6,0.000,-0.000,0.070,-0.100
6,0.100,-0.000,0.072,-0.100
6,0.200,-0.000,0.074,-0.100
6,0.300,-0.000,0.077,-0.100
6,0.400,-0.000,0.079,-0.100
6,0.500,-0.000,0.081,-0.100
6,0.600,-0.000,0.083,-0.100
6,0.700,-0.000,0.086,-0.100
6,0.800,-0.000,0.088,-0.100
6,0.900,-0.000,0.090,-0.100
6,1.000,-0.000,0.093,-0.100
6,1.100,-0.000,0.095,-0.100
6,1.200,-0.000,0.097,-0.100
6,1.300,-0.000,0.099,-0.100
6,1.400,-0.000,0.102,-0.100
6,1.500,-0.000,0.104,-0.100
6,1.600,-0.000,0.106,-0.100
6,1.700,-0.000,0.108,-0.100
6,1.800,0.000,0.111,-0.100
6,1.900,0.000,0.113,-0.100
6,2.000,0.000,0.115,-0.100
6,2.100,0.000,0.117,-0.100
6,2.200,0.000,0.119,-0.100
6,2.300,0.000,0.122,-0.100
6,2.400,0.000,0.124,-0.100
6,2.500,0.000,0.126,-0.100
6,2.600,0.000,0.128,-0.100
6,2.700,0.000,0.131,-0.100
6,2.800,0.000,0.133,-0.100
6,2.900,0.000,0.135,-0.100
6,3.000,0.000,0.137,-0.100
6,3.100,0.000,0.140,-0.100
6,3.200,0.000,0.142,-0.100
6,3.300,0.000,0.144,-0.100
6,3.400,0.000,0.146,-0.100
6,3.500,0.000,0.149,-0.100
6,3.600,0.000,0.151,-0.100
6,3.700,0.000,0.153,-0.100
6,3.800,0.000,0.155,-0.100
6,3.900,0.000,0.158,-0.100
6,4.000,0.000,0.160,-0.100
6,4.100,0.000,0.160,-0.098
6,4.200,0.000,0.159,-0.097
6,4.300,0.000,0.159,-0.095
6,4.400,0.000,0.158,-0.094
6,4.500,0.000,0.157,-0.092
6,4.600,0.000,0.155,-0.091
6,4.700,0.000,0.153,-0.090
6,4.800,0.000,0.151,-0.088
6,4.900,0.000,0.149,-0.087
6,5.000,0.000,0.147,-0.086
6,5.100,0.000,0.144,-0.085
6,5.200,0.000,0.141,-0.084
6,5.300,0.000,0.139,-0.083
6,5.400,0.000,0.135,-0.082
6,5.500,0.000,0.132,-0.082
6,5.600,0.000,0.129,-0.081
6,5.700,0.000,0.126,-0.081
6,5.800,0.000,0.122,-0.080
6,5.900,0.000,0.119,-0.080
6,6.000,0.000,0.115,-0.080
6,6.100,0.000,0.111,-0.080
6,6.200,-0.000,0.108,-0.080
6,6.300,-0.000,0.104,-0.081
6,6.400,-0.000,0.101,-0.081
6,6.500,-0.000,0.098,-0.082
6,6.600,-0.000,0.095,-0.082
6,6.700,-0.000,0.091,-0.083
6,6.800,-0.000,0.089,-0.084
6,6.900,-0.000,0.086,-0.085
6,7.000,-0.000,0.083,-0.086
6,7.100,-0.000,0.081,-0.087
6,7.200,-0.000,0.079,-0.088
6,7.300,-0.000,0.077,-0.090
6,7.400,-0.000,0.075,-0.091
6,7.500,-0.000,0.073,-0.092
6,7.600,-0.000,0.072,-0.094
6,7.700,-0.000,0.071,-0.095
6,7.800,-0.000,0.071,-0.097
6,7.900,-0.000,0.070,-0.098
6,0.000,-0.000,0.070,-0.100
6,0.100,-0.000,0.072,-0.100
6,0.200,-0.000,0.074,-0.100
6,0.300,-0.000,0.077,-0.100
6,0.400,-0.000,0.079,-0.100
6,0.500,-0.000,0.081,-0.100
6,0.600,-0.000,0.083,-0.100
6,0.700,-0.000,0.086,-0.100
6,0.800,-0.000,0.088,-0.100
6,0.900,-0.000,0.090,-0.100
6,1.000,-0.000,0.093,-0.100
6,1.100,-0.000,0.095,-0.100
6,1.200,-0.000,0.097,-0.100
6,1.300,-0.000,0.099,-0.100
6,1.400,-0.000,0.102,-0.100
6,1.500,-0.000,0.104,-0.100
6,1.600,-0.000,0.106,-0.100
6,1.700,-0.000,0.108,-0.100
6,1.800,0.000,0.111,-0.100
6,1.900,0.000,0.113,-0.100
6,2.000,0.000,0.115,-0.100
6,2.100,0.000,0.117,-0.100
6,2.200,0.000,0.119,-0.100
6,2.300,0.000,0.122,-0.100
6,2.400,0.000,0.124,-0.100
6,2.500,0.000,0.126,-0.100
6,2.600,0.000,0.128,-0.100
6,2.700,0.000,0.131,-0.100
6,2.800,0.000,0.133,-0.100
6,2.900,0.000,0.135,-0.100
6,3.000,0.000,0.137,-0.100
6,3.100,0.000,0.140,-0.100
6,3.200,0.000,0.142,-0.100
6,3.300,0.000,0.144,-0.100
6,3.400,0.000,0.146,-0.100
6,3.500,0.000,0.149,-0.100
6,3.600,0.000,0.151,-0.100
6,3.700,0.000,0.153,-0.100
6,3.800,0.000,0.155,-0.100
6,3.900,0.000,0.158,-0.100
6,4.000,0.000,0.160,-0.100
6,4.100,0.000,0.160,-0.098
6,4.200,0.000,0.159,-0.097
6,4.300,0.000,0.159,-0.095
6,4.400,0.000,0.158,-0.094
6,4.500,0.000,0.157,-0.092
6,4.600,0.000,0.155,-0.091
6,4.700,0.000,0.153,-0.090
6,4.800,0.000,0.151,-0.088
6,4.900,0.000,0.149,-0.087
6,5.000,0.000,0.147,-0.086
6,5.100,0.000,0.144,-0.085
6,5.200,0.000,0.141,-0.084
6,5.300,0.000,0.139,-0.083
6,5.400,0.000,0.135,-0.082
6,5.500,0.000,0.132,-0.082
6,5.600,0.000,0.129,-0.081
6,5.700,0.000,0.126,-0.081
6,5.800,0.000,0.122,-0.080
6,5.900,0.000,0.119,-0.080
6,6.000,0.000,0.115,-0.080
6,6.100,0.000,0.111,-0.080
6,6.200,-0.000,0.108,-0.080
6,6.300,-0.000,0.104,-0.081
6,6.400,-0.000,0.101,-0.081
6,6.500,-0.000,0.098,-0.082
6,6.600,-0.000,0.095,-0.082
6,6.700,-0.000,0.091,-0.083
6,6.800,-0.000,0.089,-0.084
6,6.900,-0.000,0.086,-0.085
6,7.000,-0.000,0.083,-0.086
6,7.100,-0.000,0.081,-0.087
6,7.200,-0.000,0.079,-0.088
6,7.300,-0.000,0.077,-0.090
6,7.400,-0.000,0.075,-0.091
6,7.500,-0.000,0.073,-0.092
6,7.600,-0.000,0.072,-0.094
6,7.700,-0.000,0.071,-0.095
6,7.800,-0.000,0.071,-0.097
6,7.900,-0.000,0.070,-0.098
6,0.000,-0.000,0.070,-0.100
6,0.100,-0.000,0.072,-0.100
6,0.200,-0.000,0.074,-0.100
6,0.300,-0.000,0.077,-0.100
6,0.400,-0.000,0.079,-0.100
6,0.500,-0.000,0.081,-0.100
6,0.600,-0.000,0.083,-0.100
6,0.700,-0.000,0.086,-0.100
6,0.800,-0.000,0.088,-0.100
6,0.900,-0.000,0.090,-0.100
6,1.000,-0.000,0.093,-0.100
6,1.100,-0.000,0.095,-0.100
6,1.200,-0.000,0.097,-0.100
6,1.300,-0.000,0.099,-0.100
6,1.400,-0.000,0.102,-0.100
6,1.500,-0.000,0.104,-0.100
6,1.600,-0.000,0.106,-0.100
6,1.700,-0.000,0.108,-0.100
6,1.800,0.000,0.111,-0.100
6,1.900,0.000,0.113,-0.100
6,2.000,0.000,0.115,-0.100
6,2.100,0.000,0.117,-0.100
6,2.200,0.000,0.119,-0.100
6,2.300,0.000,0.122,-0.100
6,2.400,0.000,0.124,-0.100
6,2.500,0.000,0.126,-0.100
6,2.600,0.000,0.128,-0.100
6,2.700,0.000,0.131,-0.100
6,2.800,0.000,0.133,-0.100
6,2.900,0.000,0.135,-0.100
6,3.000,0.000,0.137,-0.100
6,3.100,0.000,0.140,-0.100
6,3.200,0.000,0.142,-0.100
6,3.300,0.000,0.144,-0.100
6,3.400,0.000,0.146,-0.100
6,3.500,0.000,0.149,-0.100
6,3.600,0.000,0.151,-0.100
6,3.700,0.000,0.153,-0.100
6,3.800,0.000,0.155,-0.100
6,3.900,0.000,0.158,-0.100
6,4.000,0.000,0.160,-0.100
6,4.100,0.000,0.160,-0.098
6,4.200,0.000,0.159,-0.097
6,4.300,0.000,0.159,-0.095
6,4.400,0.000,0.158,-0.094
6,4.500,0.000,0.157,-0.092
6,4.600,0.000,0.155,-0.091
6,4.700,0.000,0.153,-0.090
6,4.800,0.000,0.151,-0.088
6,4.900,0.000,0.149,-0.087
6,5.000,0.000,0.147,-0.086
6,5.100,0.000,0.144,-0.085
6,5.200,0.000,0.141,-0.084
6,5.300,0.000,0.139,-0.083
6,5.400,0.000,0.135,-0.082
6,5.500,0.000,0.132,-0.082
6,5.600,0.000,0.129,-0.081
6,5.700,0.000,0.126,-0.081
6,5.800,0.000,0.122,-0.080
6,5.900,0.000,0.119,-0.080
6,6.000,0.000,0.115,-0.080
6,6.100,0.000,0.111,-0.080
6,6.200,-0.000,0.108,-0.080
6,6.300,-0.000,0.104,-0.081
6,6.400,-0.000,0.101,-0.081
6,6.500,-0.000,0.098,-0.082
6,6.600,-0.000,0.095,-0.082
6,6.700,-0.000,0.091,-0.083
6,6.800,-0.000,0.089,-0.084
6,6.900,-0.000,0.086,-0.085
6,7.000,-0.000,0.083,-0.086
6,7.100,-0.000,0.081,-0.087
6,7.200,-0.000,0.079,-0.088
6,7.300,-0.000,0.077,-0.090
6,7.400,-0.000,0.075,-0.091
6,7.500,-0.000,0.073,-0.092
6,7.600,-0.000,0.072,-0.094
6,7.700,-0.000,0.071,-0.095
6,7.800,-0.000,0.071,-0.097
6,7.900,-0.000,0.070,-0.098
6,0.000,-0.000,0.070,-0.100
6,0.100,-0.000,0.072,-0.100
6,0.200,-0.000,0.074,-0.100
6,0.300,-0.000,0.077,-0.100
6,0.400,-0.000,0.079,-0.100
6,0.500,-0.000,0.081,-0.100
6,0.600,-0.000,0.083,-0.100
6,0.700,-0.000,0.086,-0.100
6,0.800,-0.000,0.088,-0.100
6,0.900,-0.000,0.090,-0.100
6,1.000,-0.000,0.093,-0.100
6,1.100,-0.000,0.095,-0.100
6,1.200,-0.000,0.097,-0.100
6,1.300,-0.000,0.099,-0.100
6,1.400,-0.000,0.102,-0.100
6,1.500,-0.000,0.104,-0.100
6,1.600,-0.000,0.106,-0.100
6,1.700,-0.000,0.108,-0.100
6,1.800,0.000,0.111,-0.100
6,1.900,0.000,0.113,-0.100
6,2.000,0.000,0.115,-0.100
6,2.100,0.000,0.117,-0.100
6,2.200,0.000,0.119,-0.100
6,2.300,0.000,0.122,-0.100
6,2.400,0.000,0.124,-0.100
6,2.500,0.000,0.126,-0.100
6,2.600,0.000,0.128,-0.100
6,2.700,0.000,0.131,-0.100
6,2.800,0.000,0.133,-0.100
6,2.900,0.000,0.135,-0.100
6,3.000,0.000,0.137,-0.100
6,3.100,0.000,0.140,-0.100
6,3.200,0.000,0.142,-0.100
6,3.300,0.000,0.144,-0.100
6,3.400,0.000,0.146,-0.100
6,3.500,0.000,0.149,-0.100
6,3.600,0.000,0.151,-0.100
6,3.700,0.000,0.153,-0.100
6,3.800,0.000,0.155,-0.100
6,3.900,0.000,0.158,-0.100
6,4.000,0.000,0.160,-0.100
6,4.100,0.000,0.160,-0.098
6,4.200,0.000,0.159,-0.097
6,4.300,0.000,0.159,-0.095
6,4.400,0.000,0.158,-0.094
6,4.500,0.000,0.157,-0.092
6,4.600,0.000,0.155,-0.091
6,4.700,0.000,0.153,-0.090
6,4.800,0.000,0.151,-0.088
6,4.900,0.000,0.149,-0.087
6,5.000,0.000,0.147,-0.086
6,5.100,0.000,0.144,-0.085
6,5.200,0.000,0.141,-0.084
6,5.300,0.000,0.139,-0.083
6,5.400,0.000,0.135,-0.082
6,5.500,0.000,0.132,-0.082
6,5.600,0.000,0.129,-0.081
6,5.700,0.000,0.126,-0.081
6,5.800,0.000,0.122,-0.080
6,5.900,0.000,0.119,-0.080
6,6.000,0.000,0.115,-0.080
6,6.100,0.000,0.111,-0.080
6,6.200,-0.000,0.108,-0.080
6,6.300,-0.000,0.104,-0.081
6,6.400,-0.000,0.101,-0.081
6,6.500,-0.000,0.098,-0.082
6,6.600,-0.000,0.095,-0.082
6,6.700,-0.000,0.091,-0.083
6,6.800,-0.000,0.089,-0.084
6,6.900,-0.000,0.086,-0.085
6,7.000,-0.000,0.083,-0.086
6,7.100,-0.000,0.081,-0.087
6,7.200,-0.000,0.079,-0.088
6,7.300,-0.000,0.077,-0.090
6,7.400,-0.000,0.075,-0.091
6,7.500,-0.000,0.073,-0.092
6,7.600,-0.000,0.072,-0.094
6,7.700,-0.000,0.071,-0.095
6,7.800,-0.000,0.071,-0.097
6,7.900,-0.000,0.070,-0.098
6,0.000,-0.000,0.070,-0.100
6,0.100,-0.000,0.072,-0.100
6,0.200,-0.000,0.074,-0.100
6,0.300,-0.000,0.077,-0.100
6,0.400,-0.000,0.079,-0.100
6,0.500,-0.000,0.081,-0.100
6,0.600,-0.000,0.083,-0.100
6,0.700,-0.000,0.086,-0.100
6,0.800,-0.000,0.088,-0.100
6,0.900,-0.000,0.090,-0.100
6,1.000,-0.000,0.093,-0.100
6,1.100,-0.000,0.095,-0.100
6,1.200,-0.000,0.097,-0.100
6,1.300,-0.000,0.099,-0.100
6,1.400,-0.000,0.102,-0.100
6,1.500,-0.000,0.104,-0.100
6,1.600,-0.000,0.106,-0.100
6,1.700,-0.000,0.108,-0.100
6,1.800,0.000,0.111,-0.100
6,1.900,0.000,0.113,-0.100
6,2.000,0.000,0.115,-0.100
6,2.100,0.000,0.117,-0.100
6,2.200,0.000,0.119,-0.100
6,2.300,0.000,0.122,-0.100
6,2.400,0.000,0.124,-0.100
6,2.500,0.000,0.126,-0.100
6,2.600,0.000,0.128,-0.100
6,2.700,0.000,0.131,-0.100
6,2.800,0.000,0.133,-0.100
6,2.900,0.000,0.135,-0.100
6,3.000,0.000,0.137,-0.100
6,3.100,0.000,0.140,-0.100
6,3.200,0.000,0.142,-0.100
6,3.300,0.000,0.144,-0.100
6,3.400,0.000,0.146,-0.100
6,3.500,0.000,0.149,-0.100
6,3.600,0.000,0.151,-0.100
6,3.700,0.000,0.153,-0.100
6,3.800,0.000,0.155,-0.100
6,3.900,0.000,0.158,-0.100
6,4.000,0.000,0.160,-0.100
6,4.100,0.000,0.160,-0.098
6,4.200,0.000,0.159,-0.097
6,4.300,0.000,0.159,-0.095
6,4.400,0.000,0.158,-0.094
6,4.500,0.000,0.157,-0.092
6,4.600,0.000,0.155,-0.091
6,4.700,0.000,0.153,-0.090
6,4.800,0.000,0.151,-0.088
6,4.900,0.000,0.149,-0.087
6,5.000,0.000,0.147,-0.086
6,5.100,0.000,0.144,-0.085
6,5.200,0.000,0.141,-0.084
6,5.300,0.000,0.139,-0.083
6,5.400,0.000,0.135,-0.082
6,5.500,0.000,0.132,-0.082
6,5.600,0.000,0.129,-0.081
6,5.700,0.000,0.126,-0.081
6,5.800,0.000,0.122,-0.080
6,5.900,0.000,0.119,-0.080
6,6.000,0.000,0.115,-0.080
6,6.100,0.000,0.111,-0.080
6,6.200,-0.000,0.108,-0.080
6,6.300,-0.000,0.104,-0.081
6,6.400,-0.000,0.101,-0.081
6,6.500,-0.000,0.098,-0.082
6,6.600,-0.000,0.095,-0.082
6,6.700,-0.000,0.091,-0.083
6,6.800,-0.000,0.089,-0.084
6,6.900,-0.000,0.086,-0.085
6,7.000,-0.000,0.083,-0.086
