0.500	3	-0.135	-1.340	0.285	-1.338	0.073	-0.979	
0.500	3	-0.135	-1.340	0.285	-1.338	0.073	-0.979	
0.500	3	-0.135	-1.341	0.286	-1.338	0.072	-0.979	
0.500	3	-0.135	-1.341	0.286	-1.338	0.072	-0.979	
0.500	6	0.076	-1.540	0.282	-1.332	0.279	-1.184	0.072	-0.981	-0.130	-1.187	-0.131	-1.334	
0.500	6	0.076	-1.544	0.282	-1.333	0.279	-1.191	0.072	-0.985	-0.129	-1.191	-0.130	-1.335	
0.900	6	0.077	-1.541	0.281	-1.335	0.278	-1.188	0.072	-0.988	-0.129	-1.190	-0.129	-1.337	
0.900	3	-0.130	-1.339	0.281	-1.335	0.072	-0.987	
0.900	3	-0.130	-1.340	0.281	-1.336	0.071	-0.988	
0.900	3	-0.130	-1.340	0.281	-1.336	0.071	-0.988	
0.900	3	-0.130	-1.340	0.281	-1.337	0.071	-0.986	
0.900	3	-0.130	-1.341	0.281	-1.336	0.071	-0.987	
1.300	3	-0.130	-1.342	0.281	-1.337	0.071	-0.986	
1.300	3	-0.130	-1.341	0.281	-1.336	0.071	-0.986	
1.300	3	-0.130	-1.341	0.281	-1.336	0.072	-0.987	
1.300	3	-0.131	-1.342	0.281	-1.335	0.072	-0.988	
1.300	3	-0.130	-1.342	0.281	-1.336	0.072	-0.987	
1.300	3	-0.130	-1.342	0.281	-1.336	0.072	-0.988	
1.300	3	-0.130	-1.342	0.282	-1.337	0.073	-0.987	
1.650	3	-0.130	-1.341	0.282	-1.337	0.072	-0.987	
1.650	3	-0.130	-1.340	0.282	-1.337	0.072	-0.987	
1.650	3	-0.130	-1.341	0.282	-1.337	0.072	-0.987	
1.650	3	-0.129	-1.341	0.283	-1.338	0.072	-0.987	
1.650	3	-0.129	-1.342	0.283	-1.338	0.072	-0.987	
1.650	3	-0.129	-1.342	0.283	-1.337	0.072	-0.985	
1.650	3	-0.129	-1.341	0.283	-1.337	0.072	-0.985	
2.100	3	-0.129	-1.342	0.283	-1.337	0.072	-0.985	
2.100	3	-0.129	-1.342	0.283	-1.337	0.072	-0.985	
2.100	3	-0.129	-1.341	0.283	-1.337	0.071	-0.986	
2.100	3	-0.129	-1.341	0.283	-1.336	0.072	-0.985	
2.100	3	-0.128	-1.341	0.283	-1.335	0.072	-0.985	
2.100	3	-0.128	-1.341	0.284	-1.335	0.072	-0.985	
2.450	3	-0.128	-1.342	0.284	-1.335	0.071	-0.984	
2.450	3	-0.128	-1.342	0.284	-1.334	0.071	-0.984	
2.450	3	-0.128	-1.341	0.284	-1.334	0.071	-0.984	
2.450	3	-0.128	-1.340	0.284	-1.333	0.071	-0.983	
2.450	3	-0.128	-1.341	0.284	-1.333	0.072	-0.983	
2.450	4	0.079	-1.373	0.285	-1.333	0.072	-0.983	-0.127	-1.342	
2.450	6	0.079	-1.369	0.284	-1.332	0.276	-1.014	0.072	-0.984	-0.129	-1.020	-0.127	-1.341	
2.450	6	0.079	-1.369	0.283	-1.331	0.277	-1.014	0.072	-0.984	-0.129	-1.018	-0.126	-1.344	
2.850	6	0.079	-1.371	0.283	-1.335	0.278	-1.012	0.072	-0.987	-0.130	-1.017	-0.126	-1.343	
2.850	6	0.078	-1.372	0.281	-1.336	0.279	-1.011	0.073	-0.986	-0.129	-1.019	-0.128	-1.341	
2.850	4	0.078	-1.375	0.281	-1.331	0.278	-1.016	-0.130	-1.021	
2.850	3	0.077	-1.374	0.278	-1.015	-0.130	-1.021	
2.850	3	0.077	-1.375	0.278	-1.014	-0.130	-1.020	
2.850	3	0.077	-1.378	0.278	-1.019	-0.131	-1.024	
2.850	3	0.078	-1.376	0.278	-1.017	-0.131	-1.022	
3.200	3	0.078	-1.376	0.278	-1.018	-0.131	-1.023	
3.200	3	0.078	-1.376	0.279	-1.018	-0.131	-1.023	
3.200	3	0.078	-1.376	0.279	-1.016	-0.131	-1.021	
3.200	3	0.078	-1.377	0.279	-1.016	-0.131	-1.020	
3.200	3	0.078	-1.380	0.279	-1.015	-0.130	-1.019	
3.200	3	0.077	-1.383	0.279	-1.014	-0.130	-1.017	
3.200	3	0.077	-1.386	0.279	-1.012	-0.130	-1.015	
3.200	3	0.077	-1.388	0.280	-1.024	-0.130	-1.027	
3.600	3	0.077	-1.383	0.280	-1.023	-0.131	-1.025	
3.600	3	0.077	-1.384	0.280	-1.021	-0.131	-1.023	
3.600	3	0.078	-1.385	0.280	-1.025	-0.130	-1.027	
3.600	3	0.078	-1.382	0.280	-1.024	-0.130	-1.025	
3.600	3	0.078	-1.383	0.280	-1.023	-0.130	-1.023	
3.600	3	0.078	-1.384	0.280	-1.024	-0.130	-1.026	
3.600	4	0.078	-1.384	0.281	-1.170	0.280	-1.023	-0.129	-1.024	
3.600	6	0.078	-1.383	0.281	-1.170	0.281	-1.022	0.073	-0.824	-0.129	-1.023	-0.127	-1.173	
4.000	5	0.079	-1.382	0.281	-1.169	0.281	-1.024	-0.129	-1.023	-0.127	-1.173	
4.000	6	0.078	-1.381	0.281	-1.168	0.280	-1.025	0.072	-0.820	-0.129	-1.026	-0.127	-1.172	
4.000	6	0.078	-1.381	0.281	-1.168	0.280	-1.026	0.072	-0.819	-0.128	-1.027	-0.127	-1.171	
4.000	6	0.078	-1.381	0.281	-1.167	0.280	-1.026	0.072	-0.819	-0.129	-1.028	-0.127	-1.171	
4.000	6	0.078	-1.381	0.281	-1.167	0.280	-1.026	0.072	-0.819	-0.129	-1.028	-0.127	-1.171	
4.000	6	0.078	-1.381	0.281	-1.167	0.280	-1.026	0.072	-0.819	-0.129	-1.028	-0.127	-1.171	
4.000	6	0.078	-1.381	0.280	-1.167	0.280	-1.026	0.072	-0.819	-0.129	-1.028	-0.127	-1.171	
4.000	6	0.078	-1.380	0.280	-1.167	0.280	-1.026	0.072	-0.819	-0.129	-1.028	-0.128	-1.171	
4.400	6	0.078	-1.380	0.280	-1.167	0.280	-1.026	0.072	-0.819	-0.129	-1.028	-0.128	-1.171	
4.400	6	0.078	-1.380	0.280	-1.167	0.280	-1.026	0.072	-0.819	-0.129	-1.028	-0.128	-1.171	
4.400	6	0.078	-1.380	0.280	-1.167	0.280	-1.026	0.072	-0.819	-0.129	-1.028	-0.128	-1.171	
4.400	6	0.078	-1.380	0.280	-1.167	0.280	-1.026	0.072	-0.819	-0.129	-1.028	-0.128	-1.171	
4.650	5	-0.129	-1.171	0.281	-1.166	0.279	-1.025	0.072	-0.820	-0.129	-1.026	
4.650	3	-0.129	-1.172	0.283	-1.171	0.070	-0.828	
4.650	3	-0.128	-1.175	0.283	-1.171	0.072	-0.821	
4.650	3	-0.128	-1.176	0.283	-1.171	0.072	-0.821	
4.900	3	-0.128	-1.176	0.283	-1.171	0.073	-0.822	
4.900	3	-0.128	-1.176	0.283	-1.172	0.073	-0.822	
4.900	3	-0.128	-1.177	0.283	-1.172	0.074	-0.822	
4.900	3	-0.128	-1.176	0.283	-1.171	0.074	-0.821	
4.900	3	-0.128	-1.176	0.284	-1.172	0.074	-0.823	
5.150	3	-0.128	-1.176	0.284	-1.172	0.074	-0.820	
5.150	3	-0.128	-1.175	0.284	-1.171	0.074	-0.821	
5.150	3	-0.128	-1.174	0.284	-1.170	0.074	-0.824	
5.150	3	-0.128	-1.176	0.285	-1.173	0.076	-0.825	
5.550	3	-0.128	-1.176	0.284	-1.173	0.076	-0.820	
5.550	3	-0.127	-1.175	0.284	-1.173	0.076	-0.821	
5.550	3	-0.127	-1.174	0.285	-1.172	0.076	-0.820	
5.550	3	-0.126	-1.173	0.285	-1.171	0.076	-0.823	
5.550	3	-0.128	-1.174	0.284	-1.171	0.077	-0.823	
5.550	3	-0.128	-1.173	0.284	-1.169	0.079	-0.825	
5.550	4	0.077	-1.217	0.284	-1.168	0.079	-0.825	-0.128	-1.173	
5.550	5	0.076	-1.215	0.283	-1.168	0.285	-0.867	0.080	-0.824	-0.129	-1.178	
5.550	6	0.077	-1.211	0.283	-1.180	0.285	-0.860	0.081	-0.829	-0.121	-0.855	-0.127	-1.176	
6.000	6	0.076	-1.209	0.281	-1.183	0.286	-0.859	0.081	-0.829	-0.121	-0.851	-0.128	-1.177	
6.000	6	0.075	-1.208	0.280	-1.183	0.285	-0.859	0.081	-0.829	-0.121	-0.851	-0.129	-1.177	
6.000	6	0.075	-1.208	0.280	-1.184	0.285	-0.859	0.081	-0.829	-0.121	-0.851	-0.129	-1.177	
6.000	6	0.075	-1.208	0.280	-1.184	0.285	-0.859	0.081	-0.829	-0.121	-0.851	-0.129	-1.177	
6.000	6	0.075	-1.208	0.280	-1.184	0.285	-0.859	0.081	-0.830	-0.121	-0.852	-0.129	-1.178	
6.000	6	0.075	-1.209	0.281	-1.184	0.285	-0.859	0.081	-0.830	-0.121	-0.852	-0.129	-1.178	
6.300	6	0.075	-1.209	0.281	-1.185	0.285	-0.859	0.081	-0.830	-0.120	-0.852	-0.128	-1.178	
6.300	6	0.076	-1.209	0.281	-1.185	0.285	-0.859	0.081	-0.830	-0.120	-0.853	-0.128	-1.178	
6.300	6	0.076	-1.209	0.281	-1.185	0.285	-0.859	0.081	-0.830	-0.120	-0.853	-0.128	-1.179	
6.300	6	0.076	-1.209	0.281	-1.185	0.285	-0.859	0.082	-0.831	-0.120	-0.853	-0.128	-1.179	
6.300	6	0.076	-1.210	0.281	-1.185	0.285	-0.860	0.082	-0.831	-0.120	-0.853	-0.128	-1.179	
6.300	6	0.076	-1.210	0.282	-1.184	0.286	-0.860	0.081	-0.831	-0.121	-0.853	-0.128	-1.179	
6.650	6	0.076	-1.211	0.281	-1.184	0.286	-0.860	0.081	-0.831	-0.120	-0.854	-0.127	-1.179	
6.650	6	0.077	-1.213	0.282	-1.184	0.286	-0.860	0.081	-0.830	-0.121	-0.854	-0.127	-1.179	
6.650	6	0.077	-1.216	0.282	-1.183	0.286	-0.859	0.081	-0.830	-0.121	-0.854	-0.127	-1.178	
6.650	6	0.077	-1.218	0.282	-1.182	0.286	-0.859	0.081	-0.829	-0.121	-0.853	-0.127	-1.178	
6.650	5	0.079	-1.222	0.284	-1.178	0.285	-0.868	0.081	-0.827	-0.121	-0.852	
6.650	3	0.076	-1.221	0.288	-0.868	-0.121	-0.860	
6.650	3	0.075	-1.220	0.288	-0.868	-0.121	-0.859	
6.950	3	0.075	-1.220	0.288	-0.869	-0.121	-0.860	
6.950	3	0.075	-1.222	0.288	-0.868	-0.121	-0.859	
6.950	3	0.075	-1.225	0.288	-0.867	-0.122	-0.858	
6.950	3	0.075	-1.224	0.288	-0.870	-0.121	-0.861	
7.250	3	0.074	-1.225	0.288	-0.869	-0.121	-0.858	
7.250	3	0.073	-1.224	0.288	-0.872	-0.121	-0.861	
7.250	3	0.073	-1.223	0.289	-0.872	-0.121	-0.860	
7.250	3	0.073	-1.222	0.289	-0.872	-0.121	-0.859	
7.250	3	0.073	-1.222	0.289	-0.873	-0.121	-0.859	
7.550	3	0.073	-1.222	0.289	-0.872	-0.121	-0.858	
7.550	3	0.072	-1.224	0.289	-0.871	-0.120	-0.860	
7.550	3	0.071	-1.224	0.289	-0.874	-0.120	-0.860	
7.550	3	0.072	-1.224	0.290	-0.873	-0.121	-0.858	
7.550	3	0.072	-1.225	0.290	-0.871	-0.120	-0.856	
7.850	5	0.071	-1.225	0.283	-1.024	0.290	-0.875	0.092	-0.666	-0.120	-0.858	
7.850	6	0.071	-1.223	0.283	-1.018	0.290	-0.876	0.092	-0.661	-0.119	-0.859	-0.124	-1.004	
7.850	6	0.071	-1.222	0.283	-1.018	0.290	-0.876	0.092	-0.661	-0.119	-0.859	-0.124	-1.003	
7.850	6	0.071	-1.222	0.284	-1.018	0.290	-0.877	0.092	-0.661	-0.119	-0.860	-0.124	-1.003	
7.850	6	0.071	-1.222	0.284	-1.018	0.290	-0.877	0.091	-0.661	-0.119	-0.860	-0.124	-1.003	
7.850	6	0.071	-1.222	0.284	-1.018	0.289	-0.877	0.091	-0.661	-0.119	-0.860	-0.124	-1.003	
7.850	6	0.072	-1.222	0.284	-1.018	0.289	-0.877	0.091	-0.661	-0.119	-0.860	-0.124	-1.003	
8.150	6	0.072	-1.222	0.284	-1.018	0.289	-0.877	0.091	-0.661	-0.119	-0.860	-0.124	-1.003	
8.150	6	0.072	-1.222	0.284	-1.018	0.289	-0.877	0.091	-0.661	-0.119	-0.860	-0.124	-1.003	
8.150	6	0.072	-1.222	0.284	-1.018	0.289	-0.877	0.091	-0.661	-0.119	-0.860	-0.124	-1.003	
8.150	6	0.072	-1.222	0.284	-1.017	0.290	-0.876	0.091	-0.661	-0.119	-0.861	-0.124	-1.003	
8.150	6	0.072	-1.222	0.284	-1.017	0.290	-0.876	0.091	-0.661	-0.119	-0.861	-0.124	-1.004	
8.150	6	0.072	-1.222	0.284	-1.017	0.290	-0.876	0.091	-0.661	-0.119	-0.861	-0.124	-1.004	
8.450	6	0.073	-1.222	0.284	-1.017	0.290	-0.876	0.091	-0.660	-0.119	-0.861	-0.124	-1.004	
8.450	6	0.073	-1.222	0.284	-1.017	0.290	-0.876	0.091	-0.661	-0.119	-0.861	-0.124	-1.004	
8.450	6	0.071	-1.219	0.285	-1.017	0.289	-0.876	0.092	-0.660	-0.118	-0.860	-0.125	-1.007	
8.450	4	0.285	-1.017	0.290	-0.875	0.093	-0.667	-0.126	-1.009	
8.450	4	0.285	-1.016	0.290	-0.874	0.094	-0.666	-0.126	-1.008	
8.450	3	0.285	-1.015	0.094	-0.672	-0.126	-1.008	
8.750	3	0.285	-1.014	0.095	-0.672	-0.125	-1.006	
8.750	3	0.285	-1.013	0.095	-0.673	-0.127	-1.010	
8.750	3	0.285	-1.013	0.096	-0.673	-0.127	-1.011	
8.750	3	-0.129	-1.016	0.284	-1.012	0.099	-0.680	
8.750	3	0.287	-1.024	0.096	-0.674	-0.127	-1.017	
8.750	3	0.287	-1.025	0.093	-0.669	-0.125	-1.016	
9.050	3	0.288	-1.028	0.092	-0.666	-0.125	-1.017	
9.050	3	0.288	-1.026	0.091	-0.672	-0.124	-1.016	
9.050	3	0.287	-1.025	0.091	-0.672	-0.124	-1.014	
9.050	3	0.287	-1.025	0.092	-0.672	-0.125	-1.020	
9.050	3	0.288	-1.030	0.091	-0.667	-0.124	-1.020	
9.050	3	0.288	-1.030	0.089	-0.663	-0.124	-1.020	
9.350	3	0.287	-1.029	0.088	-0.676	-0.126	-1.023	
9.350	3	0.287	-1.029	0.089	-0.674	-0.125	-1.022	
9.350	3	0.287	-1.027	0.088	-0.672	-0.124	-1.020	
9.350	4	0.080	-1.062	0.287	-1.028	0.088	-0.673	-0.125	-1.020	
9.350	6	0.079	-1.057	0.286	-1.028	0.291	-0.709	0.088	-0.672	-0.114	-0.699	-0.125	-1.020	
9.700	6	0.080	-1.054	0.286	-1.028	0.291	-0.706	0.088	-0.672	-0.114	-0.696	-0.125	-1.020	
9.700	6	0.080	-1.053	0.286	-1.028	0.291	-0.705	0.088	-0.671	-0.114	-0.695	-0.124	-1.020	
9.700	6	0.079	-1.052	0.285	-1.028	0.291	-0.705	0.088	-0.671	-0.115	-0.694	-0.124	-1.020	
10.000	6	0.079	-1.052	0.285	-1.028	0.292	-0.703	0.088	-0.673	-0.114	-0.694	-0.124	-1.020	
10.000	6	0.080	-1.052	0.285	-1.029	0.292	-0.704	0.088	-0.673	-0.114	-0.694	-0.124	-1.020	
10.000	6	0.080	-1.052	0.285	-1.029	0.292	-0.704	0.088	-0.674	-0.114	-0.695	-0.124	-1.020	
10.000	6	0.080	-1.053	0.286	-1.029	0.292	-0.704	0.088	-0.674	-0.114	-0.695	-0.124	-1.021	
10.200	6	0.080	-1.053	0.286	-1.029	0.292	-0.704	0.088	-0.674	-0.114	-0.695	-0.124	-1.021	
10.200	6	0.080	-1.053	0.286	-1.030	0.292	-0.704	0.088	-0.674	-0.114	-0.695	-0.123	-1.021	
10.200	6	0.081	-1.054	0.286	-1.029	0.292	-0.705	0.088	-0.674	-0.114	-0.695	-0.123	-1.021	
10.200	3	0.081	-1.059	0.293	-0.704	-0.114	-0.693	
10.450	3	0.081	-1.060	0.294	-0.708	-0.114	-0.698	
10.450	3	0.081	-1.060	0.294	-0.709	-0.115	-0.700	
10.450	3	0.081	-1.059	0.294	-0.708	-0.115	-0.699	
10.450	3	0.080	-1.060	0.294	-0.708	-0.115	-0.699	
10.800	3	0.079	-1.062	0.294	-0.706	-0.115	-0.699	
10.800	3	0.080	-1.063	0.294	-0.710	-0.115	-0.701	
10.800	3	0.081	-1.061	0.294	-0.708	-0.116	-0.699	
10.800	3	0.084	-1.063	0.294	-0.710	-0.116	-0.696	
10.800	3	0.083	-1.062	0.294	-0.709	-0.115	-0.699	
11.050	3	0.083	-1.061	0.294	-0.710	-0.115	-0.699	
11.050	3	0.082	-1.063	0.294	-0.709	-0.115	-0.700	
11.050	3	0.083	-1.062	0.294	-0.710	-0.116	-0.699	
11.050	3	0.084	-1.063	0.294	-0.710	-0.116	-0.697	
11.050	3	0.083	-1.063	0.294	-0.710	-0.116	-0.701	
11.050	3	0.083	-1.062	0.294	-0.709	-0.116	-0.701	
11.350	3	0.083	-1.060	0.294	-0.709	-0.116	-0.701	
11.350	4	0.083	-1.060	0.290	-0.856	0.294	-0.708	-0.116	-0.699	
11.350	5	0.084	-1.060	0.291	-0.852	0.294	-0.709	-0.116	-0.701	-0.117	-0.846	
11.350	6	0.084	-1.059	0.291	-0.850	0.294	-0.708	0.091	-0.498	-0.115	-0.701	-0.117	-0.845	
11.600	6	0.084	-1.059	0.291	-0.850	0.294	-0.708	0.091	-0.497	-0.115	-0.702	-0.117	-0.845	
11.600	6	0.084	-1.059	0.291	-0.850	0.295	-0.708	0.092	-0.497	-0.114	-0.702	-0.116	-0.845	
11.600	6	0.084	-1.059	0.291	-0.850	0.295	-0.708	0.092	-0.497	-0.114	-0.702	-0.116	-0.844	
11.600	6	0.085	-1.059	0.292	-0.850	0.295	-0.708	0.092	-0.497	-0.114	-0.701	-0.116	-0.844	
11.600	6	0.085	-1.059	0.292	-0.849	0.295	-0.708	0.092	-0.497	-0.114	-0.701	-0.116	-0.844	
11.600	6	0.085	-1.059	0.292	-0.849	0.295	-0.708	0.092	-0.497	-0.114	-0.701	-0.116	-0.844	
11.700	6	0.085	-1.059	0.292	-0.850	0.295	-0.708	0.092	-0.497	-0.114	-0.701	-0.116	-0.844	
