1	0.208	-0.386	0.001
1	0.210	-0.388	0.001
1	0.210	-0.389	0.001
1	0.210	-0.390	0.001
1	0.210	-0.390	0.001
1	0.210	-0.390	0.001
1	0.202	-0.382	0.001
1	0.198	-0.380	0.002
1	0.201	-0.380	0.001
1	0.201	-0.380	0.001
1	0.202	-0.382	0.001
1	0.202	-0.383	0.001
1	0.202	-0.384	0.001
1	0.203	-0.384	0.001
1	0.203	-0.384	0.001
1	0.203	-0.385	0.001
1	0.203	-0.385	0.001
1	0.203	-0.385	0.001
1	0.203	-0.384	0.001
1	0.203	-0.385	0.001
1	0.203	-0.386	0.001
1	0.203	-0.386	0.001
1	0.203	-0.386	0.001
1	0.203	-0.387	0.001
1	0.203	-0.386	0.001
1	0.203	-0.387	0.001
1	0.203	-0.386	0.001
1	0.203	-0.386	0.001
1	0.203	-0.387	0.001
1	0.203	-0.388	0.001
1	0.202	-0.387	0.001
1	0.203	-0.388	0.001
1	0.203	-0.388	0.001
1	0.203	-0.387	0.001
1	0.203	-0.386	0.001
1	0.202	-0.386	0.001
1	0.202	-0.385	0.001
1	0.201	-0.384	0.001
1	0.201	-0.380	0.001
1	0.201	-0.380	0.001
1	0.201	-0.398	0.001
1	0.200	-0.398	0.001
0	0.200	-0.395	0.004
0	0.201	-0.390	0.007
0	0.202	-0.385	0.008
0	0.203	-0.382	0.008
0	0.203	-0.370	0.015
0	0.203	-0.368	0.015
0	0.202	-0.367	0.016
0	0.205	-0.360	0.015
0	0.206	-0.341	0.019
0	0.205	-0.331	0.019
0	0.204	-0.328	0.019
0	0.204	-0.317	0.020
0	0.206	-0.304	0.020
0	0.207	-0.295	0.019
0	0.207	-0.290	0.019
0	0.208	-0.281	0.018
0	0.209	-0.275	0.017
0	0.209	-0.272	0.017
0	0.209	-0.266	0.015
0	0.209	-0.262	0.015
0	0.210	-0.259	0.015
0	0.211	-0.241	0.008
0	0.212	-0.234	0.007
0	0.212	-0.229	0.005
0	0.212	-0.224	0.004
1	0.213	-0.221	0.001
1	0.213	-0.221	0.001
1	0.213	-0.221	0.001
1	0.213	-0.221	0.001
1	0.213	-0.221	0.001
1	0.213	-0.220	0.001
1	0.213	-0.220	0.001
1	0.213	-0.220	0.001
1	0.213	-0.220	0.001
1	0.213	-0.220	0.001
1	0.213	-0.220	0.001
1	0.213	-0.220	0.001
1	0.213	-0.220	0.001
1	0.213	-0.220	0.001
1	0.213	-0.220	0.001
1	0.213	-0.220	0.001
1	0.213	-0.220	0.001
1	0.214	-0.219	0.001
1	0.214	-0.219	0.001
1	0.214	-0.219	0.001
1	0.214	-0.218	0.001
1	0.215	-0.223	0.001
1	0.215	-0.223	0.001
1	0.215	-0.224	0.001
1	0.215	-0.225	0.001
1	0.215	-0.225	0.001
1	0.215	-0.224	0.001
1	0.215	-0.225	0.001
1	0.215	-0.226	0.001
1	0.215	-0.225	0.001
1	0.215	-0.226	0.001
1	0.215	-0.227	0.001
1	0.215	-0.225	0.001
1	0.215	-0.225	0.001
1	0.215	-0.223	0.001
1	0.215	-0.226	0.001
1	0.216	-0.227	0.001
1	0.216	-0.226	0.001
1	0.216	-0.226	0.001
1	0.215	-0.225	0.001
1	0.216	-0.226	0.001
1	0.217	-0.226	0.001
1	0.216	-0.226	0.001
1	0.216	-0.225	0.001
1	0.215	-0.226	0.001
1	0.214	-0.226	0.001
1	0.214	-0.226	0.001
1	0.215	-0.226	0.001
1	0.215	-0.226	0.001
1	0.215	-0.226	0.001
1	0.215	-0.226	0.001
1	0.215	-0.226	0.001
1	0.215	-0.226	0.001
1	0.215	-0.226	0.001
1	0.215	-0.226	0.001
1	0.215	-0.226	0.001
1	0.215	-0.227	0.001
1	0.215	-0.227	0.001
1	0.215	-0.226	0.001
0	0.215	-0.223	0.004
0	0.216	-0.218	0.006
0	0.216	-0.214	0.008
0	0.216	-0.210	0.009
0	0.216	-0.208	0.009
0	0.217	-0.205	0.009
0	0.219	-0.194	0.014
0	0.219	-0.191	0.014
0	0.218	-0.183	0.017
0	0.218	-0.174	0.017
0	0.218	-0.159	0.019
0	0.219	-0.146	0.020
0	0.220	-0.141	0.020
0	0.221	-0.139	0.020
0	0.220	-0.120	0.019
0	0.222	-0.105	0.017
0	0.224	-0.088	0.015
0	0.224	-0.081	0.014
0	0.224	-0.073	0.012
0	0.224	-0.068	0.010
0	0.224	-0.065	0.010
0	0.225	-0.062	0.010
0	0.224	-0.058	0.010
1	0.225	-0.050	0.003
1	0.226	-0.045	0.002
1	0.226	-0.044	0.001
1	0.226	-0.044	0.001
1	0.226	-0.044	0.001
1	0.226	-0.044	0.001
1	0.226	-0.044	0.001
1	0.226	-0.044	0.001
1	0.226	-0.044	0.001
1	0.226	-0.045	0.001
1	0.226	-0.045	0.001
1	0.226	-0.045	0.001
1	0.226	-0.045	0.001
1	0.226	-0.045	0.001
1	0.227	-0.044	0.001
1	0.228	-0.047	0.001
1	0.228	-0.049	0.001
1	0.228	-0.048	0.001
1	0.228	-0.048	0.001
1	0.229	-0.049	0.001
1	0.228	-0.049	0.001
1	0.228	-0.048	0.001
1	0.227	-0.048	0.001
1	0.226	-0.047	0.001
1	0.226	-0.047	0.001
1	0.226	-0.047	0.001
1	0.228	-0.055	0.001
1	0.227	-0.053	0.001
1	0.227	-0.052	0.001
1	0.226	-0.051	0.001
1	0.227	-0.052	0.001
1	0.227	-0.053	0.001
1	0.227	-0.052	0.001
1	0.227	-0.051	0.001
1	0.228	-0.052	0.001
1	0.228	-0.052	0.001
1	0.227	-0.049	0.001
1	0.226	-0.051	0.001
1	0.226	-0.051	0.001
1	0.226	-0.052	0.001
1	0.225	-0.052	0.001
1	0.225	-0.052	0.001
1	0.225	-0.052	0.001
1	0.225	-0.052	0.001
1	0.225	-0.052	0.001
1	0.225	-0.052	0.001
1	0.225	-0.052	0.001
1	0.225	-0.052	0.001
1	0.225	-0.052	0.001
1	0.225	-0.052	0.001
1	0.225	-0.052	0.001
1	0.225	-0.051	0.003
1	0.225	-0.049	0.004
1	0.224	-0.048	0.004
0	0.223	-0.047	0.004
0	0.223	-0.045	0.004
1	0.225	-0.039	0.004
0	0.228	-0.018	0.015
0	0.228	-0.013	0.016
0	0.228	-0.011	0.016
