0.00021793138876092	-0.0038102513644844	0.46403878927231	-0.00034024752676487	-0.57605999708176	0.0024155713617802	-0.0052289334125817	0.0027022543363273	0.13764438033104	-0.096440114080906
-0.00028990153805353	-0.003926525823772	0.51496005058289	-0.0010552275925875	-0.58627283573151	0.005487397313118	-0.0052089518867433	0.0028626872226596	0.14234998822212	-0.094272576272488
-0.00036798519431613	-0.0042527164332569	0.52048671245575	-0.00093625299632549	-0.58837068080902	0.0060232691466808	-0.0032331296242774	0.0029102964326739	0.14289742708206	-0.093928121030331
-0.00029114328208379	-0.0041912761516869	0.52107918262482	-0.00049983896315098	-0.58835059404373	0.0058875307440758	-0.0032767965458333	0.0028844345360994	0.14293703436852	-0.093907482922077
-0.00027674055309035	-0.0041761882603168	0.52114289999008	-0.00028276070952415	-0.58842432498932	0.0058213211596012	-0.0033358198124915	0.0028798393905163	0.14294040203094	-0.09390589594841
-0.00027974904514849	-0.0041880696080625	0.52114987373352	-0.00018776953220367	-0.58866858482361	0.0058221109211445	-0.003336486639455	0.0028809481300414	0.14294308423996	-0.093902491033077
-0.00027863067225553	-0.0042038927786052	0.52115052938461	-5.6525692343712e-05	-0.58893877267838	0.0058444067835808	-0.0033307441044599	0.0028812335804105	0.14294651150703	-0.093896344304085
-0.0002751917054411	-0.0042022061534226	0.5211506485939	7.5589865446091e-05	-0.58918833732605	0.0058469772338867	-0.0033253901638091	0.0028798300772905	0.14294639229774	-0.093896999955177
-0.0002777304907795	-0.0042024734430015	0.52115076780319	0.00018551014363766	-0.58943539857864	0.0058483853936195	-0.0033266462851316	0.0028808265924454	0.14294663071632	-0.093896649777889
-0.00027818005764857	-0.00420290697366	0.52115058898926	0.00031278096139431	-0.58969128131866	0.0058497525751591	-0.0033264178782701	0.0028810733929276	0.14294669032097	-0.093896500766277
-0.00027709803543985	-0.0042032902128994	0.5211506485939	0.00043441914021969	-0.58994424343109	0.0058500692248344	-0.0033261820208281	0.0028806393966079	0.14294663071632	-0.093896366655827
-0.00027667923131958	-0.004203119315207	0.52115082740784	0.0005484614521265	-0.59019613265991	0.0058515258133411	-0.003325566649437	0.0028804643079638	0.14294677972794	-0.093896344304085
-0.0042504156008363	0.048769280314445	0.51801985502243	0.00054963119328022	-0.59221345186234	0.0014686398208141	-0.00348647730425	0.0033551836386323	0.13796889781952	-0.099093675613403
-0.0059285005554557	0.030961880460382	0.49040949344635	0.00070771016180515	-0.59279710054398	0.0014722794294357	-0.0029464464168996	0.0040202112868428	0.13692507147789	-0.098786234855652
-0.0053056972101331	0.0031810577493161	0.45680353045464	0.00066625885665417	-0.59130132198334	0.0025628954172134	-0.0031778928823769	0.0035703238099813	0.13628175854683	-0.097653843462467
-0.0052522532641888	-0.026612371206284	0.41900852322578	0.00036555156111717	-0.58930897712708	0.0034849718213081	-0.0031428732909262	0.0035291025415063	0.13538843393326	-0.096433639526367
-0.0052685234695673	-0.057636823505163	0.37789902091026	-0.00011243857443333	-0.58554905653	0.0048392117023468	-0.0032671026419848	0.0035465327091515	0.13422587513924	-0.09517665207386
-0.0051953038200736	-0.090504013001919	0.3342199921608	0.00043970160186291	-0.5811168551445	0.0061963275074959	-0.0032690882217139	0.0035367142409086	0.1329999268055	-0.093740418553352
-0.0049679577350616	-0.12403227388859	0.28818067908287	0.00038696080446243	-0.5774142742157	0.0076612532138824	-0.0034511971753091	0.0034812847152352	0.13155978918076	-0.092301547527313
-0.0048762238584459	-0.15771096944809	0.24020013213158	0.0008727665990591	-0.57389265298843	0.008941188454628	-0.0033425551373512	0.0034724529832602	0.12985420227051	-0.090946689248085
-0.0045930589549243	-0.19135801494122	0.19069050252438	0.0013558752834797	-0.57067447900772	0.010393261909485	-0.0034830409567803	0.0034111682325602	0.12793409824371	-0.089613050222397
-0.0044228499755263	-0.22457683086395	0.14005298912525	0.0020483955740929	-0.56589835882187	0.011676542460918	-0.0034423421602696	0.0033887661993504	0.12578013539314	-0.088363885879517
-0.0041262665763497	-0.25694152712822	0.088673919439316	0.0019802376627922	-0.56085675954819	0.012706756591797	-0.0034439018927515	0.0033334493637085	0.12338870763779	-0.087227053940296
-0.003834452945739	-0.28844651579857	0.036930404603481	0.0025685504078865	-0.55582118034363	0.013913001865149	-0.0036014902871102	0.003288671374321	0.12082996964455	-0.086123421788216
-0.0034928270615637	-0.3185068666935	-0.014810954220593	0.0024113897234201	-0.55015569925308	0.014818802475929	-0.0035423529334366	0.0032346388325095	0.11806797981262	-0.085150115191936
-0.0031591823790222	-0.34696152806282	-0.06618881970644	0.0021072644740343	-0.54613447189331	0.015680178999901	-0.0036084870807827	0.0031909663230181	0.1151442527771	-0.084259957075119
-0.0027722092345357	-0.37345317006111	-0.11684588342905	0.0022838413715363	-0.54089558124542	0.016547925770283	-0.0035335056018084	0.0031374245882034	0.11207273602486	-0.083488196134567
-0.0022711558267474	-0.39764562249184	-0.16642855107784	0.0029333457350731	-0.53509676456451	0.017143122851849	-0.0036287107504904	0.0030673407018185	0.10886850953102	-0.082807496190071
-0.0017913543852046	-0.41926944255829	-0.21458058059216	0.0027580093592405	-0.52872681617737	0.017711378633976	-0.0036674744915217	0.0030106604099274	0.10556358098984	-0.082241989672184
-0.0012676542392001	-0.43793201446533	-0.26094871759415	0.0024803206324577	-0.52373087406158	0.01807064563036	-0.0036694351583719	0.0029536532238126	0.10216051340103	-0.081789568066597
-0.00067743327235803	-0.45334899425507	-0.30517688393593	0.002541322261095	-0.51872569322586	0.018439248204231	-0.0036674668081105	0.002888479270041	0.098694115877151	-0.081465527415276
-4.6360040869331e-05	-0.46517217159271	-0.34691405296326	0.0025864131748676	-0.51299965381622	0.018646091222763	-0.0036708668339998	0.0028268732130527	0.09517577290535	-0.081257790327072
0.00061604892835021	-0.47313016653061	-0.38581368327141	0.0024439487606287	-0.50567322969437	0.018733464181423	-0.003700626315549	0.0027695316821337	0.091633439064026	-0.081171438097954
0.0013937246985734	-0.47691151499748	-0.42154282331467	0.0024574929848313	-0.49916422367096	0.01860049366951	-0.0037105693481863	0.0027001267299056	0.088078558444977	-0.081208571791649
0.0022180818486959	-0.47638791799545	-0.45378619432449	0.0029467288404703	-0.49367481470108	0.018363326787949	-0.0037428778596222	0.0026324978098273	0.084552198648453	-0.081362426280975
0.0030794800259173	-0.47136709094048	-0.48225954174995	0.002581580542028	-0.48873928189278	0.018080547451973	-0.0037412967067212	0.0025713946670294	0.081066966056824	-0.081636600196362
0.0039832498878241	-0.4617623090744	-0.50671911239624	0.0024157958105206	-0.48327103257179	0.01770743727684	-0.0037285876460373	0.0025137700140476	0.077637135982513	-0.082032188773155
0.0049719121307135	-0.44761922955513	-0.52697336673737	0.0024015363305807	-0.47696709632874	0.017116092145443	-0.0037602458614856	0.0024536605924368	0.074288219213486	-0.082543551921844
0.0060256896540523	-0.42910093069077	-0.54289376735687	0.0022328235208988	-0.47059869766235	0.016584001481533	-0.0037378296256065	0.0023932522162795	0.071043431758881	-0.083166919648647
0.0071247024461627	-0.40646603703499	-0.55442261695862	0.0022503584623337	-0.46559154987335	0.015681907534599	-0.0037540309131145	0.0023381626233459	0.067917823791504	-0.083901584148407
0.008281416259706	-0.38013789057732	-0.56158012151718	0.0024438984692097	-0.46092569828033	0.01471359282732	-0.0037665632553399	0.0022832406684756	0.06493952870369	-0.084738917648792
0.011630662716925	-0.29090046882629	-0.5579634308815	0.002048809081316	-0.447829246521	0.012009412050247	-0.003808067413047	0.0021501779556274	0.057656586170197	-0.0876384973526
0.01305337343365	-0.24939608573914	-0.54943418502808	0.0016667377203703	-0.44098022580147	0.010446980595589	-0.0037385993637145	0.0021101934835315	0.054865121841431	-0.089000470936298
0.014366993680596	-0.21254950761795	-0.53748834133148	0.0015281718224287	-0.43704575300217	0.0091275274753571	-0.0037023215554655	0.0020545870065689	0.052799761295319	-0.090292200446129
0.015448356978595	-0.17624182999134	-0.5225909948349	0.0012871641665697	-0.43484085798264	0.0078167617321014	-0.0037119500339031	0.0020278133451939	0.051029205322266	-0.09162998944521
0.017230903729796	-0.10955714434385	-0.48722830414772	-0.00025731138885021	-0.42875111103058	0.0051284283399582	-0.0037918365560472	0.0019875559955835	0.048427611589432	-0.09432702511549
0.018038483336568	-0.073077462613583	-0.46379163861275	0.0013356786221266	-0.42221456766129	0.0036831684410572	-0.0036634500138462	0.0019884277135134	0.047340273857117	-0.095905974507332
0.018833972513676	-0.040833666920662	-0.44060415029526	0.0013103820383549	-0.41869980096817	0.0023505762219429	-0.0036846015136689	0.0019060084596276	0.046598732471466	-0.097324840724468
0.019495088607073	0.012323432601988	-0.39358526468277	0.00064123049378395	-0.41555553674698	0.0012873038649559	-0.0037221617531031	0.0017925379797816	0.046415627002716	-0.099756725132465
0.017153203487396	-0.0064844507724047	-0.37721732258797	0.00029795616865158	-0.41626259684563	0.0012622475624084	-0.0036107196938246	0.0014512501657009	0.050024777650833	-0.099621094763279
0.014759740792215	-0.031311549246311	-0.36010709404945	-0.00048281624913216	-0.41806495189667	0.0012016259133816	-0.0035650189965963	0.001256475225091	0.054231524467468	-0.099598087370396
0.013165569864213	-0.047337092459202	-0.34844931960106	-0.0011443085968494	-0.4187273979187	0.0011515691876411	-0.003569336142391	0.001454059034586	0.057218909263611	-0.099559314548969
0.011006806045771	-0.066897220909595	-0.32727080583572	-0.0015728212893009	-0.42105937004089	0.0010995157063007	-0.0035716868005693	0.0017023477703333	0.061276108026505	-0.099598556756973
0.0089288223534822	-0.085914462804794	-0.30163350701332	-0.0020605623722076	-0.42359530925751	0.0010417103767395	-0.0035810400731862	0.0019542565569282	0.065917283296585	-0.099595077335835
0.0083771934732795	-0.096875995397568	-0.28556540608406	-0.002539386972785	-0.42478507757187	0.0010148510336876	-0.0035657125990838	0.0016871839761734	0.068842440843582	-0.099563173949718
0.0071213929913938	-0.10812757909298	-0.2571833729744	-0.0035759024322033	-0.42776191234589	0.00097709894180298	-0.0035634352825582	0.001631198450923	0.072937786579132	-0.099599912762642
0.0063764145597816	-0.11500174552202	-0.23920284211636	-0.0042340680956841	-0.42983624339104	0.00095334649085999	-0.0035618464462459	0.0016756942495704	0.075629621744156	-0.099549762904644
0.0050981654785573	-0.12135972082615	-0.20653110742569	-0.0049814973026514	-0.43303379416466	0.00091812014579773	-0.0035789243411273	0.0018645450472832	0.079705476760864	-0.099571444094181
0.005951602011919	-0.13016214966774	-0.16764143109322	-0.0077537740580738	-0.43548825383186	0.00089138746261597	-0.006360778119415	0.00042797112837434	0.08508974313736	-0.099478997290134
0.0022308218758553	-0.13893139362335	-0.14272524416447	-0.0079098176211119	-0.43273377418518	0.00086386501789093	-0.0029768659733236	0.0025231903418899	0.089035838842392	-0.099256828427315
0.00068160163937137	-0.13669081032276	-0.12243539094925	-0.0062222112901509	-0.43069133162498	0.0008770152926445	-0.0036100659053773	0.0035035777837038	0.090698540210724	-0.099270634353161
0.00086028594523668	-0.13310134410858	-0.10219140350819	-0.0059113334864378	-0.43153822422028	0.00088662654161453	-0.0037601068615913	0.0031081978231668	0.092353910207748	-0.099342003464699
0.00066636747214943	-0.13058157265186	-0.080492727458477	-0.0055107111111283	-0.43317365646362	0.0009017139673233	-0.0037455584388226	0.0030149407684803	0.094371229410172	-0.099338673055172
0.0002608968061395	-0.13145484030247	-0.034599538892508	-0.0061572585254908	-0.43345439434052	0.00094965845346451	-0.0041249073110521	0.0027691219002008	0.09984764456749	-0.09881704300642
0.00020038639195263	-0.12814565002918	-0.0071086590178311	-0.0057658236473799	-0.4309863448143	0.00097402930259705	-0.0037129833362997	0.0025220504030585	0.10243710875511	-0.099049478769302
0.0005821967497468	-0.12649634480476	-0.0047100065276027	-0.0056653916835785	-0.42959436774254	0.00097451359033585	-0.0037807393819094	0.0022550700232387	0.10247501730919	-0.099153853952885
0.00060577352996916	-0.1252139955759	-0.0049632992595434	-0.0059228278696537	-0.42949271202087	0.0009726956486702	-0.0036769169382751	0.0022505987435579	0.10226568579674	-0.099203243851662
-0.00016459840117022	-0.12181917577982	0.017794327810407	-0.0064397118985653	-0.43002706766129	0.00099319219589233	-0.003423014190048	0.0025944598019123	0.10441344976425	-0.099025130271912
-0.0013747554039583	-0.10562361776829	0.092877730727196	-0.0070804301649332	-0.4305248260498	0.0010641515254974	-0.0035216442774981	0.0028745103627443	0.11079069972038	-0.098906859755516
-0.0017496977234259	-0.097731187939644	0.12705408036709	-0.006847320124507	-0.42915266752243	0.0010981783270836	-0.0036400177050382	0.0028864406049252	0.11362820863724	-0.098886534571648
-0.0028629160951823	-0.077882371842861	0.18330803513527	-0.0069772750139236	-0.43061494827271	0.0011411905288696	-0.0033770357258618	0.003349082544446	0.11730307340622	-0.099037073552608
-0.0016483801882714	-0.078292869031429	0.1902946382761	-0.0072659719735384	-0.43008127808571	0.0011601224541664	-0.0038605809677392	0.0025062207132578	0.11828789114952	-0.098863944411278
-0.0030507568735629	-0.069176018238068	0.21900886297226	-0.0080468337982893	-0.43116438388824	0.0011907964944839	-0.0033988445065916	0.0032663205638528	0.12040081620216	-0.098762586712837
-0.0048569533973932	-0.032362602651119	0.31133729219437	-0.0084181819111109	-0.43425005674362	0.0012561343610287	-0.0029551829211414	0.004120965488255	0.12580814957619	-0.099054090678692
-0.0069701354950666	-0.0067822048440576	0.38819500803947	-0.0079791694879532	-0.4349173605442	0.0013671144843102	-0.0033529673237354	0.0052085854113102	0.13115200400352	-0.098422430455685
-0.0061122886836529	0.010951107367873	0.43121933937073	-0.0072088558226824	-0.43450409173965	0.0014195218682289	-0.0035173643846065	0.0045477813109756	0.13365015387535	-0.098494246602058
-0.0021293964236975	0.038003493100405	0.51196974515915	-0.0088331401348114	-0.43308553099632	0.0015493854880333	-0.002920898841694	0.0018445057794452	0.13955053687096	-0.097395487129688
-0.0027423098217696	0.045425172895193	0.51963752508163	-0.010707998648286	-0.42921739816666	0.0015374049544334	-0.0033363059628755	0.0021178619936109	0.13936904072762	-0.098362930119038
-0.003758660517633	0.05021933093667	0.51917159557343	-0.011033106595278	-0.42779910564423	0.0015082284808159	-0.0034355097450316	0.0026980694383383	0.13846617937088	-0.099051423370838
-0.0043776854872704	0.052607789635658	0.51860368251801	-0.011244349181652	-0.42783191800117	0.00150091573596	-0.0031955358572304	0.0030413130298257	0.13795632123947	-0.099459685385227
-0.0046135997399688	0.05302844196558	0.51849144697189	-0.011401060968637	-0.42785933613777	0.0014993585646152	-0.0031326035968959	0.0031909495592117	0.13784119486809	-0.0995187535882
-0.0047267260961235	0.053143996745348	0.51845151185989	-0.011540887877345	-0.42790600657463	0.0014980211853981	-0.003137769177556	0.0032649682834744	0.13780423998833	-0.099528335034847
-0.0047710305079818	0.053189244121313	0.51843464374542	-0.01168305426836	-0.42797467112541	0.0014979094266891	-0.0031369824428111	0.0032933857291937	0.13778948783875	-0.099531076848507
-0.004774562548846	0.053247630596161	0.51840245723724	-0.011770274490118	-0.42805016040802	0.0014982745051384	-0.0031384739559144	0.0033114375546575	0.13777583837509	-0.099531330168247
-0.0047721019946039	0.05327944457531	0.51838976144791	-0.011843184009194	-0.42813286185265	0.0014977008104324	-0.0031369514763355	0.0033143404871225	0.13776823878288	-0.099534034729004
-0.0047718971036375	0.053282111883163	0.51838308572769	-0.011906420812011	-0.42822533845901	0.0014976784586906	-0.0031384998001158	0.0033187344670296	0.13776764273643	-0.099531844258308
-0.0048067132011056	0.053272850811481	0.51838839054108	-0.011955492198467	-0.42829883098602	0.0014978498220444	-0.0031330317724496	0.0033402796834707	0.13776785135269	-0.099531501531601
-0.0048212199471891	0.053267695009708	0.51839071512222	-0.01199165917933	-0.42835500836372	0.0014982782304287	-0.0031356576364487	0.003350174985826	0.13776680827141	-0.099529974162579
-0.0048593035899103	0.053279079496861	0.5183824300766	-0.012033987790346	-0.42840790748596	0.0014978721737862	-0.0031355856917799	0.0033773267641664	0.13776254653931	-0.099529549479485
-0.0048799654468894	0.053287863731384	0.51837903261185	-0.012083722278476	-0.42845994234085	0.0014978274703026	-0.0031380217988044	0.0033902944996953	0.13775834441185	-0.099529296159744
-0.0048988410271704	0.053273778408766	0.51838290691376	-0.012149685993791	-0.42851185798645	0.0014981403946877	-0.0031368888448924	0.003401811234653	0.13775986433029	-0.099525414407253
-0.00035270905937068	-0.12380123138428	-0.0022239482495934	-0.010880282148719	-0.39484950900078	0.00071757286787033	-0.0032849553972483	0.0027119107544422	0.10253858566284	-0.10035382956266
-0.00034105777740479	-0.17332436144352	-0.09138909727335	-0.013420121744275	-0.38258305191994	0.0023722127079964	-0.0019908519461751	0.0027694273740053	0.097040891647339	-0.097963847219944
-8.5245657828636e-05	-0.19956389069557	-0.12897191941738	-0.013440581969917	-0.36920312047005	0.0036042779684067	-0.0034623027313501	0.0028242031112313	0.095189392566681	-0.09654875844717
0.00014330961857922	-0.22581307590008	-0.16209164261818	-0.013504652306437	-0.35769721865654	0.0038109421730042	-0.0065443376079202	0.0028091478161514	0.094056248664856	-0.09509900957346
0.00043541775085032	-0.25193363428116	-0.1962539255619	-0.012163437902927	-0.34671926498413	0.005072109401226	-0.0035028234124184	0.0027756970375776	0.092787176370621	-0.093660116195679
0.00078071327880025	-0.27780449390411	-0.23185959458351	-0.011842357926071	-0.34159088134766	0.0067446157336235	-0.0037457637954503	0.0027387179434299	0.091338366270065	-0.092222809791565
0.0014495495706797	-0.32433915138245	-0.30259609222412	-0.012041866779327	-0.3342818915844	0.0096696838736534	-0.0037687984295189	0.0026896945200861	0.087935343384743	-0.089657604694366
0.0019361496670172	-0.34928870201111	-0.34459868073463	-0.011867463588715	-0.32855424284935	0.01114758849144	-0.0037558313924819	0.0026558320969343	0.085603475570679	-0.088277563452721
0.0031594983302057	-0.38670483231544	-0.41824451088905	-0.01149239949882	-0.32032257318497	0.01321579515934	-0.0037247438449413	0.0025596404448152	0.080896198749542	-0.086146302521229
0.0039505190216005	-0.40473553538322	-0.46019220352173	-0.011490556411445	-0.31565472483635	0.014190763235092	-0.0037030824460089	0.0025095767341554	0.077899634838104	-0.085043400526047
0.0048031094484031	-0.41802313923836	-0.49789208173752	-0.011471297591925	-0.31247141957283	0.015204176306725	-0.0037059367168695	0.0024570585228503	0.074958920478821	-0.08413115888834
0.0067067076452076	-0.43224164843559	-0.5642209649086	-0.010397164151073	-0.3013089299202	0.016660332679749	-0.0038727135397494	0.0023598941043019	0.069016993045807	-0.08274981379509
0.009476981125772	-0.34552884101868	-0.62540066242218	-0.009279265999794	-0.27998539805412	0.01491928845644	-0.0037757172249258	0.0022902153432369	0.055299878120422	-0.084191910922527
0.011288973502815	-0.27991127967834	-0.65488255023956	-0.0088491402566433	-0.26782858371735	0.014320399612188	-0.0035126893781126	0.0022843778133392	0.046745046973228	-0.084558188915253
0.013092741370201	-0.21775044500828	-0.67769932746887	-0.0092133414000273	-0.25777190923691	0.014617502689362	-0.0034588593989611	0.0023081051185727	0.039256513118744	-0.08436868339777
0.017527231946588	-0.10742489993572	-0.70838111639023	-0.0090474877506495	-0.24456696212292	0.015999618917704	-0.0035531297326088	0.0023415526375175	0.027178794145584	-0.083059474825859
0.02056222781539	-0.048906363546848	-0.71978718042374	-0.0091886837035418	-0.23834465444088	0.017209406942129	-0.0035337512381375	0.0023834747262299	0.021372318267822	-0.081992372870445
0.023972356691957	-0.00039610042585991	-0.7249618768692	-0.0093080401420593	-0.23200422525406	0.018542014062405	-0.003646370023489	0.0024122933391482	0.017020583152771	-0.08109787106514
0.031951770186424	0.074185758829117	-0.72108322381973	-0.009223697707057	-0.22487881779671	0.01898367702961	-0.0035000029020011	0.0024608867242932	0.011318951845169	-0.08023989200592
0.037599429488182	0.10854382067919	-0.71261763572693	-0.0092488396912813	-0.21971291303635	0.018367864191532	-0.0033037636894733	0.0024883355945349	0.00919209420681	-0.080252513289452
0.050996627658606	-0.88930094242096	-0.68543422222137	-0.0047635957598686	-0.29039773344994	0.039066165685654	-0.0036454251967371	-0.0017120796255767	0.089785248041153	-0.060117159038782
0.061084609478712	-1.8885527849197	-0.66505831480026	-0.0014201812446117	-0.30916154384613	0.11914993822575	-0.0031538535840809	-0.0041036233305931	0.11343571543694	0.020115785300732
0.099498011171818	-2.7771875858307	-0.59823030233383	-0.00037300586700439	-0.25267994403839	0.18353432416916	-0.021527569741011	-0.0034501943737268	0.06302584707737	0.083561055362225
0.12172470986843	-2.9224212169647	-0.56680518388748	-0.0021669957786798	-0.23926757276058	0.18787752091885	-0.017362460494041	-0.0030516320839524	0.048651501536369	0.089199617505074
0.17127639055252	-2.8644053936005	-0.51306772232056	-0.0012099947780371	-0.23997996747494	0.19115798175335	-0.0055836988613009	-0.0056460807099938	0.049660876393318	0.092111125588417
0.20521245896816	-2.8259916305542	-0.48180732131004	0.00025970488786697	-0.24245625734329	0.19310720264912	0.0060630948282778	-0.0075863413512707	0.050634130835533	0.093753568828106
0.26610490679741	-2.7674505710602	-0.42810770869255	0.002718023955822	-0.24282068014145	0.19561286270618	0.0032419010531157	-0.011043624952435	0.051555261015892	0.096629984676838
0.29237857460976	-2.7388586997986	-0.39786103367805	0.0041666887700558	-0.24220541119576	0.19648775458336	0.0025388065259904	-0.012544981203973	0.051735430955887	0.098308332264423
0.30242371559143	-2.7164540290833	-0.37078100442886	0.0039960257709026	-0.24233569204807	0.19881856441498	0.002814682200551	-0.0131367854774	0.051784381270409	0.099900305271149
0.30351144075394	-2.7141416072845	-0.36787363886833	0.0034349262714386	-0.24170409142971	0.19825658202171	0.0023545264266431	-0.013195649720728	0.051770269870758	0.10006088018417
0.30363109707832	-2.7139084339142	-0.36756190657616	0.0030497312545776	-0.24146828055382	0.19788360595703	0.0026153344660997	-0.013202702626586	0.051766157150269	0.10007655620575
0.30364099144936	-2.7138750553131	-0.36752781271935	0.0028322748839855	-0.24125564098358	0.19786177575588	0.0026339772157371	-0.013205682858825	0.051766291260719	0.10008125007153
0.30363988876343	-2.7138738632202	-0.36752405762672	0.0026882942765951	-0.24108190834522	0.19786739349365	0.0026203754823655	-0.013206639327109	0.05176568031311	0.1000802218914
0.30364018678665	-2.7138714790344	-0.36752384901047	0.0026016570627689	-0.24092179536819	0.19786347448826	0.0026237084530294	-0.013206387870014	0.051766008138657	0.10008075088263
0.30364003777504	-2.7138721942902	-0.36752364039421	0.0024858862161636	-0.24081651866436	0.19785141944885	0.0026095472276211	-0.013207245618105	0.051764667034149	0.10008376091719
0.30364090204239	-2.7138752937317	-0.36752381920815	0.0023486614227295	-0.24071471393108	0.19783507287502	0.0026235876139253	-0.013206217437983	0.051764518022537	0.10008289664984
0.30364114046097	-2.7138736248016	-0.3675237596035	0.0022184588015079	-0.24056473374367	0.19786302745342	0.0026245606131852	-0.013206381350756	0.051764771342278	0.10008353739977
0.30364349484444	-2.7138772010803	-0.36752355098724	0.0021081157028675	-0.24039892852306	0.19787062704563	0.0026199461426586	-0.013204538263381	0.051764473319054	0.10008245706558
0.30364260077477	-2.7138767242432	-0.36752367019653	0.0021200552582741	-0.24031507968903	0.19783908128738	0.0026135384105146	-0.013204763643444	0.051764920353889	0.10008196532726
0.30363944172859	-2.7138712406158	-0.36752387881279	0.0021876022219658	-0.24026429653168	0.1978216022253	0.002601453801617	-0.013208923861384	0.051765024662018	0.10008236765862
0.30363786220551	-2.7138628959656	-0.36752367019653	0.0022015608847141	-0.24012137949467	0.19785165786743	0.0026488450821489	-0.013209625147283	0.051766663789749	0.1000834479928
0.30363962054253	-2.7138719558716	-0.36752390861511	0.0022334605455399	-0.24003902077675	0.19782665371895	0.0026086557190865	-0.013208315707743	0.051765128970146	0.10008145868778
0.3036385178566	-2.7138676643372	-0.36752390861511	0.0023083183914423	-0.23999175429344	0.19781941175461	0.0026066643185914	-0.013209802098572	0.051765292882919	0.10008373111486
0.30363827943802	-2.7138652801514	-0.3675237596035	0.0023065190762281	-0.23992557823658	0.19784359633923	0.0026345818769187	-0.013209882192314	0.051765814423561	0.10008460283279
0.30363726615906	-2.7138652801514	-0.36752384901047	0.0022623166441917	-0.23975291848183	0.1978814303875	0.0026343669742346	-0.013210150413215	0.051765739917755	0.10008330643177
0.30363672971725	-2.7138686180115	-0.36752393841743	0.0022840760648251	-0.23969674110413	0.19784949719906	0.0026171659119427	-0.013210971839726	0.051765233278275	0.10008244216442
0.30363115668297	-2.7138595581055	-0.36752364039421	0.0022712908685207	-0.23961561918259	0.19783863425255	0.0026122040580958	-0.013213855214417	0.051765918731689	0.10008385032415
0.30363273620605	-2.7138643264771	-0.36752390861511	0.0022056549787521	-0.2395241111517	0.1978006362915	0.0026169389020652	-0.013212246820331	0.05176517367363	0.10008300840855
