0	-0.517	-1.032	0.014
0	0.003	0.122	0.007
0	-0.000	0.153	0.029
0	-0.002	0.153	0.033
0	-0.002	0.154	0.035
0	-0.002	0.149	0.035
0	-0.002	0.146	0.034
0	-0.002	0.143	0.032
0	-0.002	0.141	0.028
0	-0.002	0.137	0.023
0	-0.002	0.134	0.014
1	-0.002	0.129	0.001
1	-0.002	0.127	0.001
1	-0.002	0.126	0.001
1	-0.002	0.124	0.001
1	-0.002	0.123	0.001
1	-0.002	0.121	0.001
1	-0.002	0.120	0.001
1	-0.002	0.119	0.001
1	-0.002	0.117	0.001
1	-0.001	0.117	0.001
1	-0.002	0.116	0.001
1	-0.002	0.116	0.001
1	-0.002	0.115	0.001
1	-0.002	0.115	0.001
1	-0.002	0.114	0.001
1	-0.002	0.114	0.001
1	-0.002	0.113	0.001
1	-0.001	0.113	0.001
1	-0.001	0.112	0.001
1	-0.001	0.112	0.001
1	-0.001	0.111	0.001
1	-0.002	0.108	0.001
1	-0.002	0.108	0.001
0	-0.002	0.109	0.006
0	-0.002	0.109	0.007
0	-0.002	0.110	0.012
0	-0.002	0.109	0.012
0	-0.002	0.109	0.012
0	-0.002	0.110	0.017
0	-0.002	0.109	0.018
0	-0.002	0.110	0.021
0	-0.002	0.109	0.022
0	-0.002	0.108	0.022
0	-0.002	0.109	0.026
0	-0.002	0.110	0.028
0	-0.002	0.108	0.028
0	-0.002	0.107	0.028
0	-0.002	0.109	0.029
0	-0.002	0.107	0.030
0	-0.002	0.106	0.029
0	-0.002	0.108	0.029
0	-0.002	0.106	0.029
0	-0.002	0.106	0.026
0	-0.002	0.104	0.026
0	-0.002	0.102	0.026
0	-0.002	0.103	0.022
0	-0.002	0.102	0.022
0	-0.002	0.100	0.016
0	-0.002	0.099	0.015
0	-0.002	0.097	0.008
0	-0.002	0.096	0.007
1	-0.002	0.093	0.000
1	-0.002	0.092	0.000
1	-0.002	0.092	0.000
1	-0.002	0.092	0.000
1	-0.002	0.091	0.000
1	-0.002	0.090	0.000
1	-0.002	0.090	0.000
1	-0.002	0.089	0.000
1	-0.002	0.089	0.000
1	-0.002	0.088	0.000
1	-0.002	0.087	0.000
1	-0.002	0.086	0.000
1	-0.002	0.086	0.000
1	-0.002	0.085	0.000
1	-0.002	0.084	0.000
1	-0.002	0.084	0.000
1	-0.002	0.083	0.000
1	-0.002	0.083	0.000
1	-0.002	0.082	0.000
1	-0.002	0.082	0.000
1	-0.002	0.081	0.000
1	-0.002	0.081	0.000
1	-0.002	0.080	0.000
1	-0.002	0.079	0.000
1	-0.002	0.079	0.000
1	-0.002	0.078	0.000
1	-0.002	0.078	0.000
1	-0.002	0.078	0.000
1	-0.002	0.077	0.001
1	-0.002	0.076	0.001
1	-0.002	0.075	0.001
1	-0.002	0.074	0.001
1	-0.002	0.072	0.002
1	-0.002	0.072	0.002
0	-0.002	0.073	0.006
0	-0.002	0.072	0.006
0	-0.002	0.073	0.011
0	-0.002	0.072	0.011
0	-0.002	0.074	0.015
0	-0.002	0.073	0.015
0	-0.002	0.071	0.015
0	-0.002	0.074	0.018
0	-0.002	0.072	0.019
0	-0.002	0.074	0.021
0	-0.002	0.072	0.022
0	-0.002	0.073	0.023
0	-0.002	0.071	0.023
0	-0.002	0.069	0.023
0	-0.003	0.071	0.023
0	-0.002	0.070	0.023
0	-0.003	0.070	0.022
0	-0.002	0.068	0.022
0	-0.002	0.068	0.020
0	-0.002	0.066	0.019
0	-0.002	0.064	0.015
0	-0.002	0.062	0.015
0	-0.002	0.062	0.010
0	-0.002	0.060	0.009
1	-0.002	0.059	0.004
1	-0.002	0.058	0.003
1	-0.002	0.057	0.003
1	-0.002	0.057	0.001
1	-0.002	0.056	0.001
1	-0.002	0.057	0.001
1	-0.002	0.058	0.001
1	-0.002	0.060	0.001
1	-0.002	0.062	0.001
1	-0.001	0.062	0.001
1	-0.002	0.066	0.001
1	-0.002	0.068	0.001
1	-0.001	0.069	0.001
1	-0.002	0.073	0.000
1	-0.001	0.077	0.000
1	-0.001	0.083	0.000
1	-0.001	0.087	0.000
1	-0.001	0.087	0.000
1	-0.002	0.093	0.000
1	-0.001	0.097	0.000
1	-0.003	0.104	0.001
1	-0.001	0.108	0.001
1	-0.000	0.108	0.001
1	-0.003	0.114	0.001
1	-0.001	0.118	0.001
1	-0.003	0.125	0.001
1	-0.002	0.129	0.001
1	-0.001	0.129	0.001
1	-0.003	0.133	0.001
1	-0.001	0.136	0.001
1	-0.002	0.139	0.001
1	-0.002	0.141	0.001
1	-0.002	0.143	0.001
1	-0.002	0.145	0.001
1	-0.002	0.146	0.001
1	-0.001	0.146	0.001
1	-0.001	0.146	0.001
1	-0.002	0.144	0.003
1	-0.002	0.144	0.003
0	-0.002	0.145	0.008
0	-0.002	0.144	0.009
0	-0.002	0.145	0.014
0	-0.002	0.144	0.015
0	-0.002	0.144	0.014
0	-0.001	0.146	0.019
0	-0.001	0.144	0.019
0	-0.001	0.145	0.023
0	-0.001	0.144	0.023
0	-0.001	0.145	0.026
0	-0.001	0.143	0.026
0	-0.002	0.141	0.026
0	-0.001	0.144	0.027
0	-0.001	0.142	0.027
0	-0.001	0.143	0.027
0	-0.001	0.141	0.027
0	-0.002	0.141	0.025
0	-0.002	0.139	0.025
0	-0.002	0.137	0.024
0	-0.002	0.139	0.021
0	-0.002	0.137	0.021
0	-0.002	0.137	0.016
0	-0.002	0.135	0.015
0	-0.002	0.133	0.009
0	-0.002	0.132	0.009
0	-0.002	0.131	0.008
1	-0.002	0.130	0.002
1	-0.002	0.128	0.001
1	-0.001	0.129	0.001
1	-0.001	0.128	0.001
1	-0.002	0.128	0.001
1	-0.001	0.127	0.001
1	-0.002	0.126	0.001
1	-0.001	0.125	0.001
1	-0.001	0.125	0.001
1	-0.002	0.124	0.001
1	-0.001	0.124	0.001
1	-0.002	0.123	0.001
1	-0.001	0.122	0.001
1	-0.002	0.121	0.001
1	-0.001	0.121	0.001
1	-0.001	0.121	0.001
1	-0.002	0.120	0.001
1	-0.001	0.120	0.001
1	-0.001	0.119	0.001
1	-0.002	0.119	0.001
1	-0.002	0.119	0.001
1	-0.002	0.117	0.001
1	-0.001	0.117	0.001
1	-0.002	0.116	0.001
1	-0.002	0.116	0.001
1	-0.002	0.115	0.001
1	-0.002	0.114	0.001
1	-0.002	0.113	0.001
1	-0.002	0.113	0.001
1	-0.001	0.113	0.001
1	-0.002	0.112	0.001
1	-0.002	0.112	0.001
1	-0.002	0.108	0.000
1	-0.002	0.108	0.000
1	-0.002	0.108	0.000
0	-0.002	0.109	0.007
0	-0.002	0.109	0.012
0	-0.002	0.109	0.012
0	-0.002	0.110	0.017
0	-0.002	0.109	0.018
0	-0.002	0.111	0.021
0	-0.002	0.109	0.022
0	-0.002	0.110	0.025
0	-0.002	0.109	0.026
0	-0.002	0.110	0.028
0	-0.002	0.108	0.028
0	-0.002	0.106	0.028
0	-0.002	0.109	0.029
0	-0.002	0.107	0.029
0	-0.002	0.108	0.029
0	-0.002	0.105	0.029
0	-0.002	0.104	0.029
0	-0.002	0.106	0.026
0	-0.002	0.104	0.026
0	-0.002	0.102	0.026
0	-0.002	0.103	0.022
0	-0.002	0.102	0.022
0	-0.002	0.100	0.016
0	-0.002	0.099	0.015
0	-0.002	0.097	0.008
0	-0.002	0.096	0.007
1	-0.002	0.093	0.000
1	-0.002	0.092	0.000
1	-0.002	0.092	0.000
1	-0.002	0.092	0.000
1	-0.002	0.091	0.000
1	-0.002	0.090	0.000
1	-0.002	0.090	0.000
1	-0.002	0.089	0.000
1	-0.002	0.088	0.000
1	-0.002	0.088	0.000
1	-0.002	0.087	0.000
1	-0.002	0.087	0.000
1	-0.002	0.086	0.000
1	-0.002	0.086	0.000
1	-0.002	0.084	0.000
1	-0.002	0.084	0.000
1	-0.002	0.084	0.000
1	-0.002	0.083	0.000
1	-0.002	0.083	0.000
1	-0.002	0.082	0.000
1	-0.002	0.082	0.000
1	-0.002	0.081	0.000
1	-0.002	0.080	0.000
1	-0.002	0.080	0.000
1	-0.002	0.079	0.000
1	-0.002	0.079	0.000
1	-0.002	0.078	0.000
1	-0.002	0.078	0.000
1	-0.002	0.077	0.000
1	-0.002	0.077	0.001
1	-0.002	0.076	0.001
1	-0.002	0.075	0.001
1	-0.002	0.075	0.001
1	-0.002	0.072	0.002
1	-0.002	0.072	0.002
1	-0.002	0.073	0.002
0	-0.002	0.073	0.006
0	-0.002	0.072	0.006
0	-0.002	0.073	0.011
0	-0.002	0.072	0.011
0	-0.002	0.073	0.015
0	-0.002	0.072	0.015
0	-0.002	0.071	0.015
0	-0.002	0.073	0.018
0	-0.002	0.072	0.019
0	-0.002	0.073	0.021
0	-0.002	0.071	0.022
0	-0.003	0.073	0.023
0	-0.002	0.071	0.023
0	-0.003	0.072	0.023
0	-0.002	0.070	0.023
0	-0.002	0.068	0.023
0	-0.002	0.070	0.022
0	-0.002	0.068	0.022
0	-0.002	0.069	0.020
0	-0.002	0.066	0.019
0	-0.002	0.064	0.019
0	-0.002	0.065	0.015
0	-0.002	0.064	0.015
0	-0.002	0.062	0.010
0	-0.002	0.060	0.009
0	-0.002	0.060	0.009
1	-0.002	0.059	0.004
1	-0.002	0.058	0.003
1	-0.002	0.057	0.001
1	-0.002	0.056	0.001
1	-0.002	0.057	0.001
1	-0.002	0.058	0.001
1	-0.002	0.058	0.001
1	-0.002	0.060	0.001
1	-0.002	0.062	0.001
1	-0.002	0.066	0.001
1	-0.002	0.068	0.001
1	-0.002	0.074	0.000
1	-0.002	0.077	0.000
1	-0.001	0.083	0.000
1	-0.001	0.087	0.000
1	-0.001	0.087	0.000
1	-0.002	0.094	0.000
1	-0.001	0.097	0.000
1	-0.003	0.104	0.001
1	-0.001	0.108	0.001
1	-0.001	0.113	0.001
1	-0.002	0.118	0.001
1	-0.003	0.125	0.001
1	-0.002	0.129	0.001
1	-0.003	0.134	0.001
1	-0.001	0.136	0.001
1	-0.002	0.140	0.001
1	-0.001	0.142	0.001
1	-0.002	0.144	0.001
1	-0.002	0.145	0.001
1	-0.002	0.146	0.001
1	-0.001	0.145	0.001
1	-0.001	0.145	0.001
1	-0.001	0.145	0.001
1	-0.001	0.145	0.001
1	-0.002	0.145	0.001
1	-0.002	0.146	0.001
1	-0.002	0.146	0.003
1	-0.002	0.146	0.003
1	-0.002	0.146	0.003
0	-0.002	0.147	0.009
0	-0.002	0.150	0.014
0	-0.002	0.149	0.015
0	-0.002	0.151	0.019
0	-0.002	0.150	0.020
0	-0.002	0.148	0.019
0	-0.002	0.152	0.023
0	-0.002	0.151	0.023
0	-0.002	0.153	0.026
0	-0.002	0.151	0.026
0	-0.002	0.154	0.027
0	-0.002	0.151	0.028
0	-0.002	0.152	0.027
0	-0.002	0.150	0.027
0	-0.002	0.151	0.025
0	-0.002	0.149	0.025
0	-0.002	0.152	0.022
0	-0.002	0.151	0.021
0	-0.002	0.151	0.017
0	-0.002	0.150	0.016
0	-0.002	0.149	0.010
0	-0.002	0.148	0.009
1	-0.002	0.147	0.002
1	-0.002	0.146	0.001
1	-0.003	0.148	0.002
1	-0.002	0.148	0.002
1	-0.002	0.148	0.002
1	-0.001	0.148	0.001
1	-0.002	0.147	0.001
1	-0.002	0.148	0.001
1	-0.002	0.148	0.001
1	-0.002	0.148	0.001
