1	-1.101	0.070	0.002
1	0.020	0.112	-0.000
1	0.021	0.112	0.000
1	0.020	0.112	0.000
1	0.019	0.111	0.000
1	0.018	0.110	0.000
1	0.017	0.110	0.000
1	0.016	0.109	0.000
1	0.014	0.108	0.000
1	0.013	0.108	0.000
1	0.012	0.107	0.000
1	0.010	0.105	0.000
1	0.010	0.104	0.000
1	0.009	0.104	0.000
1	0.007	0.103	0.000
1	0.006	0.103	0.000
1	0.005	0.102	0.000
1	0.004	0.101	0.000
1	0.003	0.101	0.000
1	0.002	0.100	0.000
1	0.000	0.099	0.000
1	-0.001	0.099	0.000
1	-0.002	0.098	0.000
1	-0.003	0.097	0.000
1	-0.004	0.097	0.000
1	-0.006	0.097	0.000
1	-0.007	0.096	0.000
1	-0.008	0.095	0.000
1	-0.009	0.095	0.000
1	-0.010	0.094	0.000
1	-0.011	0.093	0.000
1	-0.012	0.093	0.000
1	-0.014	0.092	0.000
1	-0.015	0.092	0.000
1	-0.016	0.091	0.000
1	-0.017	0.090	0.000
1	-0.018	0.090	0.000
1	-0.020	0.089	0.000
1	-0.021	0.088	0.000
1	-0.022	0.087	0.000
1	-0.023	0.086	0.000
1	-0.024	0.086	0.000
1	-0.026	0.085	0.000
1	-0.027	0.084	0.000
1	-0.028	0.084	0.000
1	-0.029	0.083	0.000
1	-0.030	0.082	0.000
1	-0.031	0.082	0.000
1	-0.033	0.081	0.000
1	-0.033	0.081	0.000
1	-0.034	0.081	0.000
1	-0.035	0.080	0.000
1	-0.035	0.080	0.000
1	-0.036	0.079	0.000
1	-0.036	0.079	0.000
1	-0.037	0.078	0.000
1	-0.037	0.078	0.002
1	-0.037	0.078	0.002
0	-0.034	0.080	0.006
0	-0.029	0.082	0.010
0	-0.023	0.086	0.014
0	-0.023	0.085	0.014
0	-0.016	0.090	0.017
0	-0.016	0.090	0.017
0	-0.008	0.095	0.018
0	-0.007	0.095	0.019
0	0.001	0.100	0.019
0	0.011	0.105	0.019
0	0.020	0.110	0.017
0	0.027	0.114	0.015
0	0.027	0.114	0.014
0	0.033	0.118	0.011
0	0.033	0.118	0.011
0	0.038	0.121	0.007
1	0.041	0.122	0.003
1	0.040	0.122	0.002
1	0.040	0.122	0.000
1	0.039	0.121	0.000
1	0.038	0.121	0.000
1	0.037	0.120	0.000
1	0.037	0.120	0.000
1	0.036	0.119	0.000
1	0.035	0.119	0.000
1	0.035	0.119	0.000
1	0.034	0.118	0.000
1	0.033	0.118	0.000
1	0.032	0.117	0.000
1	0.032	0.117	0.000
1	0.031	0.116	0.000
1	0.030	0.116	0.000
1	0.029	0.116	0.000
1	0.029	0.115	0.000
1	0.028	0.115	0.000
1	0.027	0.114	0.000
1	0.027	0.114	0.000
1	0.026	0.114	0.000
1	0.025	0.114	0.000
1	0.024	0.114	0.000
1	0.023	0.113	0.000
1	0.022	0.113	0.000
1	0.021	0.112	0.000
1	0.020	0.112	0.000
1	0.020	0.111	0.000
1	0.019	0.111	0.000
1	0.018	0.111	0.000
1	0.017	0.110	0.000
1	0.016	0.109	0.000
1	0.016	0.109	0.000
1	0.015	0.109	0.000
1	0.015	0.108	0.000
1	0.014	0.108	0.000
1	0.013	0.108	0.000
1	0.013	0.107	0.000
1	0.012	0.107	0.000
1	0.011	0.106	0.000
1	0.009	0.104	0.000
1	0.009	0.104	0.000
1	0.008	0.104	0.000
1	0.008	0.103	0.000
1	0.007	0.103	0.000
1	0.006	0.103	0.000
1	0.006	0.102	0.000
1	0.005	0.102	0.000
1	0.004	0.102	0.000
1	0.003	0.101	0.000
1	0.002	0.100	0.000
1	0.002	0.100	0.000
1	0.001	0.100	0.000
1	0.001	0.100	0.000
1	-0.000	0.099	0.000
1	-0.001	0.098	0.000
1	-0.003	0.098	0.000
1	-0.004	0.097	0.000
1	-0.005	0.096	0.000
1	-0.006	0.096	0.000
1	-0.006	0.096	0.000
1	-0.007	0.096	0.000
1	-0.008	0.095	0.000
1	-0.009	0.094	0.000
1	-0.010	0.094	0.000
1	-0.011	0.094	0.000
1	-0.012	0.093	0.000
1	-0.013	0.093	0.000
1	-0.013	0.092	0.000
1	-0.014	0.092	0.000
1	-0.015	0.091	0.000
1	-0.016	0.091	0.000
1	-0.017	0.090	0.000
1	-0.018	0.090	0.000
1	-0.019	0.089	0.000
1	-0.020	0.089	0.000
1	-0.020	0.089	0.000
1	-0.022	0.088	0.000
1	-0.023	0.087	0.000
1	-0.023	0.087	0.000
1	-0.024	0.086	0.000
1	-0.025	0.085	0.000
1	-0.026	0.085	0.000
1	-0.027	0.084	0.000
1	-0.027	0.084	0.000
1	-0.029	0.083	0.000
1	-0.029	0.083	0.000
1	-0.030	0.083	0.000
1	-0.031	0.082	0.000
1	-0.031	0.082	0.000
1	-0.032	0.081	0.000
1	-0.033	0.081	0.000
1	-0.034	0.080	0.000
1	-0.036	0.079	0.000
1	-0.036	0.078	0.001
1	-0.037	0.078	0.001
0	-0.035	0.079	0.005
0	-0.031	0.081	0.009
0	-0.025	0.085	0.013
0	-0.018	0.089	0.016
0	-0.018	0.088	0.016
0	-0.011	0.093	0.018
0	-0.001	0.098	0.019
0	-0.001	0.098	0.019
0	0.007	0.103	0.019
0	0.017	0.108	0.018
0	0.025	0.113	0.016
0	0.025	0.113	0.015
0	0.031	0.117	0.012
0	0.037	0.120	0.009
0	0.036	0.120	0.008
1	0.040	0.122	0.004
1	0.041	0.123	0.000
1	0.040	0.122	0.000
1	0.039	0.122	0.000
1	0.039	0.121	0.000
1	0.039	0.121	0.000
1	0.038	0.121	0.000
1	0.037	0.120	0.000
1	0.037	0.120	0.000
1	0.036	0.120	0.000
1	0.035	0.119	0.000
1	0.035	0.119	0.000
1	0.034	0.118	0.000
1	0.033	0.118	0.000
1	0.031	0.117	0.000
1	0.030	0.116	0.000
1	0.030	0.116	0.000
1	0.029	0.116	0.000
1	0.028	0.115	0.000
1	0.027	0.114	0.000
1	0.027	0.114	0.000
1	0.026	0.114	0.000
1	0.025	0.114	0.000
1	0.025	0.114	0.000
1	0.024	0.114	0.000
1	0.023	0.113	0.000
1	0.022	0.113	0.000
1	0.021	0.112	0.000
1	0.020	0.112	0.000
1	0.019	0.111	0.000
1	0.018	0.111	0.000
1	0.017	0.110	0.000
1	0.016	0.109	0.000
1	0.016	0.109	0.000
1	0.015	0.109	0.000
1	0.014	0.109	0.000
1	0.014	0.108	0.000
1	0.012	0.107	0.000
1	0.011	0.107	0.000
1	0.011	0.107	0.000
1	0.010	0.106	0.000
1	0.009	0.104	0.000
1	0.009	0.104	0.000
1	0.008	0.103	0.000
1	0.007	0.103	0.000
1	0.006	0.102	0.000
1	0.005	0.102	0.000
1	0.004	0.102	0.000
1	0.004	0.101	0.000
1	0.003	0.101	0.000
1	0.003	0.101	0.000
1	0.002	0.100	0.000
1	0.001	0.100	0.000
1	0.001	0.100	0.000
1	-0.000	0.099	0.000
1	-0.001	0.098	0.000
1	-0.003	0.098	0.000
1	-0.003	0.098	0.000
1	-0.004	0.097	0.000
1	-0.004	0.097	0.000
1	-0.005	0.096	0.000
1	-0.006	0.096	0.000
1	-0.007	0.095	0.000
1	-0.009	0.095	0.000
1	-0.010	0.094	0.000
1	-0.011	0.094	0.000
1	-0.011	0.094	0.000
1	-0.012	0.093	0.000
1	-0.012	0.093	0.000
1	-0.013	0.092	0.000
1	-0.014	0.092	0.000
1	-0.015	0.091	0.000
1	-0.016	0.091	0.000
1	-0.016	0.091	0.000
1	-0.017	0.090	0.000
1	-0.018	0.090	0.000
1	-0.018	0.089	0.000
1	-0.019	0.089	0.000
1	-0.020	0.089	0.000
1	-0.021	0.088	0.000
1	-0.023	0.087	0.000
1	-0.023	0.086	0.000
1	-0.024	0.086	0.000
1	-0.025	0.085	0.000
1	-0.025	0.085	0.000
1	-0.026	0.085	0.000
1	-0.027	0.084	0.000
1	-0.027	0.084	0.000
1	-0.028	0.083	0.000
1	-0.030	0.083	0.000
1	-0.031	0.082	0.000
1	-0.032	0.081	0.000
1	-0.032	0.081	0.000
1	-0.033	0.081	0.000
1	-0.033	0.080	0.000
1	-0.034	0.080	0.000
1	-0.035	0.080	0.000
1	-0.036	0.079	0.000
1	-0.037	0.079	0.000
1	-0.038	0.078	0.000
1	-0.038	0.078	0.000
1	-0.037	0.078	0.004
0	-0.037	0.078	0.005
0	-0.033	0.080	0.009
0	-0.027	0.084	0.013
0	-0.019	0.088	0.016
0	-0.009	0.094	0.019
0	-0.009	0.094	0.019
0	0.000	0.099	0.019
0	0.001	0.100	0.020
0	0.011	0.105	0.019
0	0.021	0.111	0.017
0	0.029	0.115	0.012
0	0.035	0.119	0.006
1	0.038	0.121	0.000
1	0.038	0.121	0.000
1	0.038	0.123	0.000
1	0.039	0.124	0.000
1	0.040	0.124	0.000
1	0.040	0.124	0.000
1	0.040	0.124	0.000
1	0.040	0.124	0.000
1	0.039	0.123	0.000
1	0.038	0.122	0.000
1	0.037	0.121	0.000
1	0.036	0.121	0.000
1	0.036	0.120	0.000
1	0.035	0.120	0.000
1	0.034	0.119	0.000
1	0.033	0.119	0.000
1	0.033	0.118	0.000
1	0.032	0.118	0.000
1	0.030	0.117	0.000
1	0.030	0.117	0.000
1	0.029	0.117	0.000
1	0.029	0.116	0.000
1	0.028	0.116	0.000
1	0.028	0.116	0.000
1	0.027	0.115	0.000
1	0.026	0.114	0.000
1	0.024	0.114	0.000
1	0.024	0.114	0.000
1	0.023	0.113	0.000
1	0.023	0.113	0.000
1	0.022	0.113	0.000
1	0.022	0.112	0.000
1	0.021	0.112	0.000
1	0.020	0.112	0.000
1	0.020	0.111	0.000
1	0.018	0.111	0.000
1	0.017	0.110	0.000
1	0.017	0.110	0.000
1	0.016	0.109	0.000
1	0.015	0.109	0.000
1	0.014	0.108	0.000
1	0.013	0.108	0.000
1	0.013	0.107	0.000
1	0.012	0.106	0.000
1	0.011	0.105	0.000
1	0.010	0.105	0.000
1	0.010	0.105	0.000
1	0.009	0.104	0.000
1	0.008	0.103	0.000
1	0.007	0.103	0.000
1	0.006	0.102	0.000
1	0.005	0.102	0.000
1	0.004	0.102	0.000
1	0.003	0.101	0.000
1	0.002	0.100	0.000
1	0.002	0.100	0.000
1	0.001	0.100	0.000
1	-0.000	0.099	0.000
1	-0.001	0.098	0.000
1	-0.002	0.098	0.000
1	-0.003	0.098	0.000
1	-0.004	0.097	0.000
1	-0.004	0.097	0.000
1	-0.005	0.096	0.000
1	-0.006	0.096	0.000
1	-0.007	0.095	0.000
1	-0.008	0.094	0.000
1	-0.010	0.094	0.000
1	-0.010	0.094	0.000
1	-0.011	0.093	0.000
1	-0.012	0.093	0.000
1	-0.012	0.093	0.000
1	-0.013	0.092	0.000
1	-0.014	0.092	0.000
1	-0.015	0.091	0.000
1	-0.016	0.091	0.000
1	-0.017	0.090	0.000
1	-0.018	0.090	0.000
1	-0.019	0.089	0.000
1	-0.020	0.089	0.000
1	-0.021	0.088	0.000
1	-0.021	0.088	0.000
1	-0.023	0.087	0.000
1	-0.024	0.086	0.000
1	-0.025	0.085	0.000
1	-0.026	0.085	0.000
1	-0.027	0.085	0.000
1	-0.027	0.084	0.000
1	-0.028	0.084	0.000
1	-0.029	0.083	0.000
1	-0.030	0.083	0.000
1	-0.030	0.082	0.000
1	-0.031	0.082	0.000
1	-0.032	0.081	0.000
1	-0.032	0.081	0.000
1	-0.033	0.081	0.000
1	-0.035	0.080	0.000
1	-0.036	0.079	0.000
1	-0.036	0.079	0.000
1	-0.037	0.079	0.000
1	-0.038	0.078	0.000
1	-0.038	0.078	0.000
1	-0.037	0.078	0.004
0	-0.034	0.082	0.009
0	-0.029	0.087	0.013
0	-0.029	0.087	0.013
0	-0.022	0.093	0.016
0	-0.022	0.094	0.016
0	-0.014	0.101	0.018
0	-0.014	0.102	0.018
0	-0.006	0.110	0.019
0	0.003	0.119	0.019
0	0.003	0.119	0.018
0	0.011	0.127	0.017
0	0.018	0.134	0.014
0	0.018	0.134	0.013
0	0.023	0.139	0.010
0	0.027	0.143	0.005
1	0.026	0.143	0.004
1	0.027	0.145	0.001
1	0.027	0.145	0.001
1	0.027	0.145	0.001
1	0.027	0.145	0.001
1	0.027	0.145	0.001
1	0.027	0.145	0.001
1	0.026	0.144	0.001
1	0.025	0.144	0.001
1	0.024	0.143	0.001
1	0.024	0.143	0.001
1	0.023	0.142	0.001
1	0.022	0.142	0.001
1	0.022	0.141	0.001
1	0.021	0.141	0.001
1	0.020	0.140	0.001
1	0.019	0.140	0.001
1	0.018	0.139	0.001
1	0.017	0.139	0.001
1	0.017	0.139	0.001
1	0.016	0.138	0.001
1	0.015	0.137	0.001
1	0.015	0.137	0.001
1	0.014	0.137	0.001
1	0.012	0.137	0.001
1	0.011	0.136	0.001
1	0.010	0.136	0.001
1	0.009	0.136	0.001
1	0.009	0.135	0.001
1	0.008	0.135	0.001
1	0.008	0.134	0.000
1	0.006	0.134	0.000
1	0.005	0.133	0.000
1	0.005	0.133	0.000
1	0.004	0.132	0.000
1	0.003	0.132	0.000
1	0.002	0.132	0.000
1	0.002	0.131	0.000
1	0.001	0.130	0.000
1	-0.000	0.128	0.000
1	-0.001	0.128	0.000
1	-0.002	0.128	0.000
1	-0.002	0.128	0.000
1	-0.003	0.127	0.000
1	-0.004	0.126	0.000
1	-0.004	0.126	0.000
1	-0.005	0.125	0.000
1	-0.007	0.125	0.000
1	-0.008	0.124	0.000
1	-0.009	0.124	0.000
1	-0.009	0.123	0.000
1	-0.010	0.123	0.000
1	-0.010	0.123	0.000
1	-0.011	0.122	0.000
1	-0.011	0.122	0.000
1	-0.012	0.122	0.000
1	-0.013	0.121	0.000
1	-0.015	0.120	0.000
1	-0.016	0.120	0.000
1	-0.017	0.119	0.000
1	-0.017	0.119	0.000
1	-0.018	0.118	0.000
1	-0.019	0.118	0.000
1	-0.020	0.118	0.000
1	-0.021	0.117	0.000
1	-0.022	0.116	0.000
1	-0.023	0.116	0.000
1	-0.023	0.116	0.000
1	-0.024	0.116	0.000
1	-0.025	0.115	0.000
1	-0.026	0.114	0.000
1	-0.027	0.114	0.000
1	-0.028	0.114	0.000
1	-0.029	0.113	0.000
1	-0.030	0.112	0.000
1	-0.031	0.112	0.000
1	-0.032	0.111	0.000
1	-0.033	0.111	0.000
1	-0.033	0.111	0.000
1	-0.034	0.110	0.000
1	-0.035	0.110	0.000
1	-0.036	0.109	0.000
1	-0.037	0.108	0.000
1	-0.039	0.107	0.000
1	-0.040	0.106	0.000
1	-0.041	0.106	0.000
1	-0.042	0.105	0.000
1	-0.042	0.105	0.000
1	-0.043	0.105	0.000
1	-0.043	0.104	0.000
1	-0.044	0.104	0.000
1	-0.045	0.103	0.000
1	-0.045	0.103	0.000
1	-0.046	0.102	0.000
1	-0.048	0.102	0.000
1	-0.048	0.102	0.000
1	-0.049	0.101	0.000
1	-0.050	0.100	0.000
1	-0.050	0.100	0.000
1	-0.049	0.100	0.004
0	-0.045	0.101	0.008
0	-0.045	0.101	0.008
0	-0.039	0.103	0.012
0	-0.039	0.102	0.012
0	-0.031	0.105	0.015
0	-0.021	0.107	0.018
0	-0.021	0.107	0.018
0	-0.011	0.110	0.019
0	0.000	0.112	0.019
0	0.011	0.115	0.018
0	0.011	0.115	0.018
0	0.020	0.117	0.016
0	0.029	0.120	0.013
0	0.029	0.119	0.012
0	0.035	0.121	0.009
0	0.040	0.122	0.005
1	0.041	0.123	0.000
1	0.040	0.122	0.000
1	0.041	0.123	0.000
1	0.041	0.123	0.000
1	0.041	0.123	0.000
1	0.040	0.123	0.000
1	0.040	0.122	0.000
1	0.039	0.122	0.000
1	0.039	0.122	0.000
1	0.038	0.121	0.000
1	0.037	0.120	0.000
1	0.036	0.120	0.000
1	0.036	0.119	0.000
1	0.035	0.119	0.000
1	0.034	0.118	0.000
1	0.033	0.118	0.000
1	0.033	0.117	0.000
1	0.032	0.117	0.000
1	0.030	0.116	0.000
1	0.030	0.116	0.000
1	0.029	0.115	0.000
1	0.028	0.115	0.000
1	0.028	0.115	0.000
1	0.027	0.115	0.000
1	0.026	0.115	0.000
1	0.025	0.114	0.000
1	0.024	0.114	0.000
1	0.023	0.113	0.000
1	0.022	0.113	0.000
1	0.021	0.112	0.000
1	0.021	0.112	0.000
1	0.020	0.111	0.000
1	0.019	0.111	0.000
1	0.017	0.110	0.000
1	0.016	0.110	0.000
1	0.016	0.109	0.000
1	0.014	0.107	0.000
1	0.014	0.107	0.000
1	0.013	0.107	0.000
1	0.012	0.106	0.000
1	0.011	0.106	0.000
1	0.011	0.106	0.000
1	0.010	0.105	0.000
1	0.009	0.104	0.000
1	0.008	0.104	0.000
1	0.007	0.103	0.000
1	0.006	0.103	0.000
1	0.006	0.102	0.000
1	0.005	0.102	0.000
1	0.004	0.101	0.000
1	0.003	0.101	0.000
1	0.002	0.100	0.000
1	0.001	0.100	0.000
1	0.001	0.099	0.000
1	-0.000	0.099	0.000
1	-0.001	0.099	0.000
1	-0.001	0.098	0.000
1	-0.002	0.098	0.000
1	-0.003	0.098	0.000
1	-0.004	0.097	0.000
1	-0.005	0.096	0.000
1	-0.006	0.096	0.000
1	-0.006	0.096	0.000
1	-0.007	0.095	0.000
1	-0.008	0.095	0.000
1	-0.009	0.094	0.000
1	-0.010	0.094	0.000
1	-0.011	0.094	0.000
1	-0.012	0.093	0.000
1	-0.013	0.093	0.000
1	-0.013	0.092	0.000
1	-0.014	0.092	0.000
1	-0.015	0.091	0.000
1	-0.016	0.091	0.000
1	-0.017	0.090	0.000
1	-0.018	0.090	0.000
1	-0.019	0.089	0.000
1	-0.020	0.089	0.000
1	-0.020	0.089	0.000
1	-0.021	0.088	0.000
1	-0.023	0.087	0.000
1	-0.023	0.087	0.000
1	-0.024	0.086	0.000
1	-0.025	0.085	0.000
1	-0.026	0.085	0.000
1	-0.027	0.084	0.000
1	-0.028	0.084	0.000
1	-0.029	0.083	0.000
1	-0.030	0.083	0.000
1	-0.031	0.082	0.000
1	-0.031	0.082	0.000
1	-0.032	0.081	0.000
1	-0.033	0.081	0.000
1	-0.034	0.081	0.000
1	-0.035	0.080	0.000
1	-0.035	0.080	0.000
1	-0.036	0.079	0.000
1	-0.037	0.079	0.000
1	-0.037	0.078	0.000
1	-0.036	0.079	0.004
0	-0.033	0.081	0.008
0	-0.027	0.083	0.012
0	-0.021	0.087	0.015
0	-0.020	0.087	0.016
0	-0.013	0.092	0.018
0	-0.003	0.097	0.019
0	-0.003	0.097	0.019
0	0.006	0.102	0.019
0	0.015	0.108	0.018
0	0.016	0.108	0.018
0	0.023	0.112	0.016
0	0.031	0.117	0.013
0	0.031	0.116	0.013
0	0.036	0.120	0.009
0	0.040	0.122	0.005
1	0.040	0.121	0.004
1	0.041	0.123	0.000
1	0.040	0.123	0.000
1	0.040	0.123	0.000
1	0.040	0.123	0.000
1	0.040	0.123	0.000
1	0.040	0.122	0.000
1	0.039	0.122	0.000
1	0.039	0.122	0.000
1	0.038	0.121	0.000
1	0.038	0.121	0.000
1	0.037	0.120	0.000
1	0.036	0.120	0.000
1	0.036	0.119	0.000
1	0.035	0.119	0.000
1	0.034	0.118	0.000
1	0.033	0.118	0.000
1	0.033	0.118	0.000
1	0.032	0.118	0.000
1	0.031	0.117	0.000
1	0.030	0.116	0.000
1	0.029	0.116	0.000
1	0.028	0.116	0.000
1	0.027	0.116	0.000
1	0.026	0.115	0.000
1	0.025	0.115	0.000
1	0.024	0.114	0.000
1	0.024	0.114	0.000
1	0.023	0.114	0.000
1	0.022	0.113	0.000
1	0.021	0.112	0.000
1	0.020	0.112	0.000
1	0.019	0.112	0.000
1	0.019	0.111	0.000
1	0.018	0.111	0.000
1	0.017	0.110	0.000
1	0.017	0.110	0.000
1	0.016	0.110	0.000
1	0.016	0.108	0.000
1	0.015	0.107	0.000
1	0.014	0.107	0.000
1	0.013	0.106	0.000
1	0.012	0.106	0.000
1	0.011	0.106	0.000
1	0.010	0.105	0.000
1	0.010	0.105	0.000
1	0.009	0.104	0.000
1	0.008	0.103	0.000
1	0.007	0.103	0.000
1	0.005	0.102	0.000
1	0.004	0.102	0.000
1	0.004	0.101	0.000
1	0.003	0.101	0.000
1	0.002	0.100	0.000
1	0.002	0.100	0.000
1	0.001	0.100	0.000
1	-0.000	0.099	0.000
1	-0.001	0.099	0.000
1	-0.002	0.098	0.000
1	-0.002	0.098	0.000
1	-0.003	0.098	0.000
1	-0.004	0.097	0.000
1	-0.005	0.097	0.000
1	-0.005	0.096	0.000
1	-0.006	0.096	0.000
1	-0.007	0.095	0.000
1	-0.008	0.094	0.000
1	-0.010	0.094	0.000
1	-0.011	0.093	0.000
1	-0.012	0.093	0.000
1	-0.013	0.092	0.000
1	-0.014	0.092	0.000
1	-0.015	0.091	0.000
1	-0.016	0.090	0.000
1	-0.018	0.090	0.000
1	-0.019	0.089	0.000
1	-0.019	0.089	0.000
1	-0.020	0.088	0.000
1	-0.021	0.088	0.000
1	-0.022	0.087	0.000
1	-0.023	0.087	0.000
1	-0.024	0.086	0.000
1	-0.025	0.085	0.000
1	-0.025	0.085	0.000
1	-0.026	0.085	0.000
1	-0.027	0.084	0.000
1	-0.028	0.084	0.000
1	-0.028	0.083	0.000
1	-0.029	0.083	0.000
1	-0.030	0.083	0.000
1	-0.030	0.082	0.000
1	-0.031	0.082	0.000
1	-0.032	0.081	0.000
1	-0.032	0.081	0.000
1	-0.033	0.081	0.000
1	-0.035	0.080	0.000
1	-0.035	0.080	0.000
1	-0.036	0.079	0.000
1	-0.036	0.079	0.000
1	-0.037	0.079	0.000
1	-0.038	0.078	0.000
1	-0.036	0.078	0.004
0	-0.033	0.080	0.008
0	-0.033	0.080	0.008
0	-0.028	0.083	0.012
0	-0.028	0.083	0.012
0	-0.021	0.087	0.015
0	-0.012	0.092	0.018
0	-0.012	0.092	0.018
0	-0.004	0.097	0.019
0	0.006	0.102	0.019
0	0.007	0.102	0.019
0	0.015	0.107	0.018
0	0.024	0.112	0.016
0	0.024	0.112	0.016
0	0.030	0.116	0.013
0	0.037	0.119	0.009
0	0.036	0.119	0.009
1	0.040	0.121	0.004
1	0.040	0.121	0.004
1	0.041	0.122	0.000
1	0.040	0.122	0.000
1	0.041	0.123	0.000
1	0.040	0.123	0.000
1	0.040	0.122	0.000
1	0.039	0.122	0.000
1	0.038	0.121	0.000
1	0.038	0.121	0.000
1	0.037	0.120	0.000
1	0.036	0.120	0.000
1	0.036	0.120	0.000
1	0.035	0.119	0.000
1	0.034	0.118	0.000
1	0.032	0.118	0.000
1	0.031	0.117	0.000
1	0.030	0.116	0.000
1	0.029	0.116	0.000
1	0.028	0.116	0.000
1	0.027	0.115	0.000
1	0.026	0.115	0.000
1	0.024	0.114	0.000
1	0.023	0.113	0.000
1	0.022	0.113	0.000
1	0.022	0.113	0.000
1	0.021	0.112	0.000
1	0.020	0.112	0.000
1	0.019	0.111	0.000
1	0.019	0.111	0.000
1	0.017	0.110	0.000
1	0.015	0.107	0.000
1	0.015	0.107	0.000
1	0.014	0.107	0.000
1	0.012	0.106	0.000
1	0.011	0.106	0.000
1	0.010	0.105	0.000
1	0.009	0.104	0.000
1	0.008	0.104	0.000
1	0.007	0.103	0.000
1	0.006	0.103	0.000
1	0.005	0.102	0.000
1	0.005	0.102	0.000
1	0.004	0.102	0.000
1	0.003	0.101	0.000
1	0.003	0.101	0.000
1	0.002	0.100	0.000
1	0.001	0.100	0.000
1	-0.000	0.099	0.000
1	-0.001	0.099	0.000
1	-0.001	0.098	0.000
1	-0.002	0.098	0.000
1	-0.003	0.098	0.000
1	-0.003	0.097	0.000
1	-0.004	0.097	0.000
1	-0.005	0.096	0.000
1	-0.005	0.096	0.000
1	-0.006	0.096	0.000
1	-0.007	0.095	0.000
1	-0.007	0.095	0.000
1	-0.008	0.094	0.000
1	-0.010	0.094	0.000
1	-0.010	0.094	0.000
1	-0.011	0.093	0.000
1	-0.012	0.093	0.000
1	-0.013	0.092	0.000
1	-0.013	0.092	0.000
1	-0.014	0.092	0.000
1	-0.015	0.091	0.000
1	-0.016	0.091	0.000
1	-0.017	0.090	0.000
1	-0.017	0.090	0.000
1	-0.018	0.089	0.000
1	-0.019	0.089	0.000
1	-0.020	0.088	0.000
1	-0.021	0.088	0.000
1	-0.022	0.087	0.000
1	-0.022	0.087	0.000
1	-0.023	0.087	0.000
1	-0.024	0.086	0.000
1	-0.025	0.086	0.000
1	-0.026	0.085	0.000
1	-0.027	0.084	0.000
1	-0.027	0.084	0.000
1	-0.028	0.084	0.000
1	-0.029	0.083	0.000
1	-0.029	0.083	0.000
1	-0.030	0.083	0.000
1	-0.030	0.083	0.000
1	-0.031	0.082	0.000
1	-0.031	0.082	0.000
1	-0.032	0.081	0.000
1	-0.033	0.081	0.000
1	-0.034	0.081	0.000
1	-0.035	0.080	0.000
1	-0.035	0.080	0.000
1	-0.036	0.079	0.000
1	-0.036	0.079	0.000
1	-0.037	0.079	0.000
1	-0.036	0.079	0.004
1	-0.037	0.078	0.004
0	-0.033	0.080	0.008
0	-0.027	0.083	0.012
0	-0.028	0.083	0.012
0	-0.021	0.087	0.015
0	-0.021	0.087	0.016
0	-0.013	0.092	0.018
0	-0.003	0.097	0.019
0	0.006	0.102	0.019
0	0.006	0.102	0.019
0	0.015	0.108	0.018
0	0.024	0.112	0.016
0	0.031	0.117	0.013
0	0.036	0.120	0.009
1	0.040	0.122	0.004
1	0.041	0.123	0.000
1	0.040	0.123	0.000
1	0.040	0.123	0.000
1	0.040	0.123	0.000
1	0.040	0.122	0.000
1	0.039	0.122	0.000
1	0.038	0.121	0.000
1	0.038	0.121	0.000
1	0.037	0.120	0.000
1	0.036	0.120	0.000
1	0.035	0.120	0.000
1	0.034	0.119	0.000
1	0.033	0.118	0.000
1	0.032	0.118	0.000
1	0.031	0.117	0.000
1	0.031	0.117	0.000
1	0.030	0.116	0.000
1	0.029	0.116	0.000
1	0.029	0.115	0.000
1	0.028	0.115	0.000
1	0.028	0.115	0.000
1	0.028	0.115	0.000
1	0.027	0.115	0.000
1	0.026	0.115	0.000
1	0.025	0.114	0.000
1	0.025	0.114	0.000
1	0.024	0.114	0.000
1	0.024	0.113	0.000
1	0.023	0.113	0.000
1	0.022	0.113	0.000
1	0.021	0.112	0.000
1	0.020	0.112	0.000
1	0.019	0.111	0.000
1	0.018	0.111	0.000
1	0.017	0.110	0.000
1	0.017	0.110	0.000
1	0.016	0.110	0.000
1	0.015	0.109	0.000
1	0.014	0.108	0.000
1	0.012	0.106	0.000
1	0.012	0.106	0.000
1	0.011	0.106	0.000
1	0.011	0.105	0.000
1	0.010	0.105	0.000
1	0.009	0.104	0.000
1	0.008	0.104	0.000
1	0.008	0.104	0.000
1	0.007	0.103	0.000
1	0.006	0.102	0.000
1	0.004	0.102	0.000
1	0.003	0.101	0.000
1	0.002	0.100	0.000
1	0.001	0.100	0.000
1	0.001	0.099	0.000
1	-0.000	0.099	0.000
1	-0.001	0.098	0.000
1	-0.003	0.098	0.000
1	-0.004	0.097	0.000
1	-0.004	0.097	0.000
1	-0.005	0.096	0.000
1	-0.006	0.096	0.000
1	-0.006	0.096	0.000
1	-0.007	0.095	0.000
1	-0.008	0.095	0.000
1	-0.009	0.094	0.000
1	-0.010	0.094	0.000
1	-0.011	0.093	0.000
1	-0.012	0.093	0.000
1	-0.013	0.092	0.000
1	-0.014	0.092	0.000
1	-0.015	0.091	0.000
1	-0.016	0.091	0.000
1	-0.017	0.090	0.000
1	-0.018	0.090	0.000
1	-0.019	0.089	0.000
1	-0.020	0.088	0.000
1	-0.021	0.088	0.000
1	-0.022	0.087	0.000
1	-0.022	0.087	0.000
1	-0.024	0.087	0.000
1	-0.025	0.086	0.000
1	-0.026	0.085	0.000
1	-0.028	0.084	0.000
1	-0.029	0.083	0.000
1	-0.030	0.083	0.000
1	-0.030	0.082	0.000
1	-0.031	0.082	0.000
1	-0.031	0.082	0.000
1	-0.032	0.081	0.000
1	-0.033	0.081	0.000
1	-0.034	0.080	0.000
1	-0.036	0.079	0.000
1	-0.037	0.079	0.000
1	-0.037	0.079	0.000
1	-0.038	0.078	0.000
1	-0.038	0.078	0.000
1	-0.037	0.078	0.004
0	-0.033	0.080	0.009
0	-0.027	0.084	0.013
0	-0.019	0.088	0.016
0	-0.019	0.088	0.016
0	-0.010	0.094	0.018
0	0.001	0.099	0.019
0	0.011	0.105	0.019
0	0.011	0.105	0.018
0	0.020	0.111	0.017
0	0.029	0.116	0.014
0	0.029	0.115	0.013
0	0.035	0.119	0.010
0	0.035	0.119	0.009
0	0.039	0.121	0.005
1	0.041	0.123	0.000
1	0.040	0.123	0.000
1	0.040	0.123	0.000
1	0.040	0.123	0.000
1	0.040	0.123	0.000
1	0.040	0.123	0.000
1	0.040	0.123	0.000
1	0.039	0.122	0.000
1	0.038	0.121	0.000
1	0.037	0.120	0.000
1	0.037	0.120	0.000
1	0.036	0.119	0.000
1	0.035	0.119	0.000
1	0.034	0.118	0.000
1	0.033	0.118	0.000
1	0.032	0.117	0.000
1	0.031	0.117	0.000
1	0.030	0.117	0.000
1	0.029	0.117	0.000
1	0.028	0.116	0.000
1	0.027	0.116	0.000
1	0.026	0.115	0.000
1	0.025	0.115	0.000
1	0.024	0.114	0.000
1	0.023	0.113	0.000
1	0.022	0.113	0.000
1	0.021	0.112	0.000
1	0.020	0.111	0.000
1	0.019	0.111	0.000
1	0.016	0.108	0.000
1	0.016	0.108	0.000
1	0.015	0.107	0.000
1	0.014	0.107	0.000
1	0.013	0.107	0.000
1	0.012	0.106	0.000
1	0.011	0.106	0.000
1	0.011	0.106	0.000
1	0.010	0.105	0.000
1	0.009	0.104	0.000
1	0.008	0.103	0.000
1	0.006	0.103	0.000
1	0.005	0.102	0.000
1	0.004	0.102	0.000
1	0.004	0.101	0.000
1	0.003	0.101	0.000
1	0.002	0.100	0.000
1	0.001	0.100	0.000
1	0.000	0.099	0.000
1	-0.000	0.099	0.000
1	-0.001	0.099	0.000
1	-0.002	0.098	0.000
1	-0.003	0.098	0.000
1	-0.004	0.097	0.000
1	-0.005	0.096	0.000
1	-0.006	0.096	0.000
1	-0.008	0.095	0.000
1	-0.009	0.094	0.000
1	-0.010	0.094	0.000
1	-0.011	0.093	0.000
1	-0.012	0.093	0.000
1	-0.013	0.092	0.000
1	-0.015	0.092	0.000
1	-0.016	0.091	0.000
1	-0.017	0.091	0.000
1	-0.017	0.090	0.000
1	-0.018	0.090	0.000
1	-0.019	0.089	0.000
1	-0.021	0.088	0.000
1	-0.021	0.088	0.000
1	-0.022	0.087	0.000
1	-0.023	0.087	0.000
1	-0.024	0.087	0.000
1	-0.024	0.086	0.000
1	-0.025	0.085	0.000
1	-0.026	0.085	0.000
1	-0.028	0.084	0.000
1	-0.028	0.084	0.000
1	-0.029	0.083	0.000
1	-0.030	0.083	0.000
1	-0.031	0.082	0.000
1	-0.032	0.081	0.000
1	-0.033	0.081	0.000
1	-0.033	0.080	0.000
1	-0.034	0.080	0.000
1	-0.035	0.079	0.000
1	-0.036	0.079	0.000
1	-0.037	0.079	0.000
1	-0.037	0.079	0.000
1	-0.038	0.078	0.000
1	-0.037	0.078	0.004
0	-0.033	0.080	0.009
0	-0.033	0.080	0.009
0	-0.027	0.084	0.013
0	-0.019	0.088	0.016
0	-0.010	0.094	0.018
0	-0.009	0.094	0.018
0	0.000	0.099	0.019
0	0.011	0.105	0.019
0	0.020	0.111	0.017
0	0.021	0.111	0.016
0	0.028	0.115	0.014
0	0.035	0.119	0.010
0	0.040	0.121	0.005
1	0.039	0.121	0.004
1	0.040	0.122	0.000
1	0.041	0.123	0.000
1	0.040	0.123	0.000
1	0.040	0.123	0.000
1	0.040	0.122	0.000
1	0.039	0.122	0.000
1	0.039	0.122	0.000
1	0.038	0.121	0.000
1	0.037	0.120	0.000
1	0.037	0.120	0.000
1	0.036	0.119	0.000
1	0.035	0.119	0.000
1	0.034	0.118	0.000
1	0.033	0.118	0.000
1	0.032	0.117	0.000
1	0.032	0.117	0.000
1	0.031	0.117	0.000
1	0.029	0.117	0.000
1	0.028	0.116	0.000
1	0.027	0.115	0.000
1	0.027	0.115	0.000
1	0.026	0.114	0.000
1	0.025	0.114	0.000
1	0.023	0.113	0.000
1	0.022	0.113	0.000
1	0.022	0.112	0.000
1	0.021	0.112	0.000
1	0.020	0.111	0.000
1	0.020	0.111	0.000
1	0.018	0.108	0.000
1	0.017	0.109	0.000
1	0.016	0.108	0.000
1	0.015	0.108	0.000
1	0.015	0.107	0.000
1	0.014	0.107	0.000
1	0.013	0.106	0.000
1	0.012	0.106	0.000
1	0.011	0.106	0.000
1	0.010	0.105	0.000
1	0.010	0.105	0.000
1	0.009	0.104	0.000
1	0.008	0.103	0.000
1	0.007	0.103	0.000
1	0.005	0.102	0.000
1	0.004	0.101	0.000
1	0.003	0.101	0.000
1	0.003	0.101	0.000
1	0.002	0.100	0.000
1	0.001	0.100	0.000
1	-0.000	0.099	0.000
1	-0.001	0.098	0.000
1	-0.002	0.098	0.000
1	-0.003	0.098	0.000
1	-0.004	0.097	0.000
1	-0.005	0.096	0.000
1	-0.006	0.096	0.000
1	-0.006	0.096	0.000
1	-0.007	0.095	0.000
1	-0.008	0.094	0.000
1	-0.010	0.094	0.000
1	-0.011	0.093	0.000
1	-0.011	0.093	0.000
1	-0.012	0.093	0.000
1	-0.013	0.092	0.000
1	-0.014	0.092	0.000
1	-0.015	0.091	0.000
1	-0.015	0.091	0.000
1	-0.017	0.090	0.000
1	-0.018	0.090	0.000
1	-0.019	0.089	0.000
1	-0.020	0.088	0.000
1	-0.021	0.088	0.000
1	-0.022	0.087	0.000
1	-0.023	0.087	0.000
1	-0.024	0.087	0.000
1	-0.024	0.086	0.000
1	-0.025	0.086	0.000
1	-0.025	0.085	0.000
1	-0.026	0.085	0.000
1	-0.028	0.084	0.000
1	-0.029	0.083	0.000
1	-0.029	0.083	0.000
1	-0.030	0.083	0.000
1	-0.031	0.082	0.000
1	-0.032	0.081	0.000
1	-0.032	0.081	0.000
1	-0.033	0.081	0.000
1	-0.034	0.080	0.000
1	-0.036	0.079	0.000
1	-0.037	0.079	0.000
1	-0.037	0.079	0.000
1	-0.038	0.078	0.000
1	-0.038	0.078	0.000
1	-0.037	0.078	0.004
0	-0.033	0.080	0.009
0	-0.027	0.084	0.013
0	-0.027	0.084	0.013
0	-0.019	0.088	0.016
0	-0.009	0.094	0.018
0	-0.009	0.094	0.019
0	0.000	0.099	0.019
0	0.011	0.105	0.019
0	0.021	0.111	0.017
0	0.029	0.116	0.014
0	0.029	0.115	0.014
0	0.035	0.119	0.010
0	0.040	0.122	0.005
1	0.041	0.123	0.000
1	0.041	0.123	0.000
1	0.040	0.122	0.000
1	0.041	0.123	0.000
1	0.040	0.123	0.000
1	0.040	0.123	0.000
1	0.040	0.122	0.000
1	0.039	0.122	0.000
1	0.038	0.121	0.000
1	0.037	0.120	0.000
1	0.036	0.120	0.000
1	0.035	0.120	0.000
1	0.034	0.119	0.000
1	0.033	0.118	0.000
1	0.032	0.118	0.000
1	0.031	0.118	0.000
1	0.030	0.117	0.000
1	0.029	0.116	0.000
1	0.028	0.116	0.000
1	0.027	0.116	0.000
1	0.027	0.115	0.000
1	0.025	0.115	0.000
1	0.025	0.114	0.000
1	0.024	0.114	0.000
1	0.023	0.113	0.000
1	0.022	0.113	0.000
1	0.021	0.112	0.000
1	0.020	0.111	0.000
1	0.019	0.110	0.000
1	0.018	0.109	0.000
1	0.017	0.109	0.000
1	0.017	0.109	0.000
1	0.016	0.108	0.000
1	0.015	0.108	0.000
1	0.014	0.107	0.000
1	0.012	0.106	0.000
1	0.011	0.106	0.000
1	0.011	0.106	0.000
1	0.010	0.105	0.000
1	0.009	0.104	0.000
1	0.009	0.104	0.000
1	0.008	0.103	0.000
1	0.007	0.103	0.000
1	0.006	0.102	0.000
1	0.004	0.102	0.000
1	0.004	0.101	0.000
1	0.003	0.101	0.000
1	0.002	0.100	0.000
1	0.001	0.099	0.000
1	-0.000	0.099	0.000
1	-0.001	0.099	0.000
1	-0.001	0.098	0.000
1	-0.002	0.098	0.000
1	-0.003	0.097	0.000
1	-0.004	0.097	0.000
1	-0.005	0.096	0.000
1	-0.006	0.096	0.000
1	-0.006	0.096	0.000
1	-0.007	0.095	0.000
1	-0.008	0.094	0.000
1	-0.010	0.094	0.000
1	-0.010	0.094	0.000
1	-0.011	0.093	0.000
1	-0.012	0.093	0.000
1	-0.013	0.092	0.000
1	-0.013	0.092	0.000
1	-0.014	0.092	0.000
1	-0.015	0.091	0.000
1	-0.016	0.091	0.000
1	-0.017	0.090	0.000
1	-0.018	0.090	0.000
1	-0.019	0.089	0.000
1	-0.020	0.089	0.000
1	-0.021	0.088	0.000
1	-0.021	0.088	0.000
1	-0.022	0.087	0.000
1	-0.023	0.087	0.000
1	-0.024	0.086	0.000
1	-0.025	0.086	0.000
1	-0.027	0.084	0.000
1	-0.027	0.084	0.000
1	-0.028	0.084	0.000
1	-0.029	0.083	0.000
1	-0.030	0.083	0.000
1	-0.030	0.082	0.000
1	-0.031	0.082	0.000
1	-0.032	0.081	0.000
1	-0.032	0.081	0.000
1	-0.033	0.081	0.000
1	-0.034	0.080	0.000
1	-0.036	0.079	0.000
1	-0.037	0.079	0.000
1	-0.038	0.078	0.000
1	-0.038	0.078	0.000
1	-0.037	0.078	0.004
0	-0.033	0.080	0.009
0	-0.027	0.084	0.013
0	-0.019	0.088	0.016
0	-0.019	0.088	0.016
0	-0.010	0.093	0.018
0	0.001	0.099	0.019
0	0.001	0.099	0.019
0	0.011	0.105	0.019
0	0.021	0.111	0.017
0	0.029	0.115	0.014
0	0.036	0.119	0.010
0	0.035	0.119	0.009
0	0.039	0.121	0.005
1	0.041	0.123	0.000
1	0.040	0.122	0.000
1	0.040	0.123	0.000
1	0.040	0.123	0.000
1	0.040	0.123	0.000
1	0.040	0.123	0.000
1	0.039	0.122	0.000
1	0.039	0.122	0.000
1	0.038	0.121	0.000
1	0.038	0.121	0.000
1	0.037	0.120	0.000
1	0.035	0.119	0.000
1	0.034	0.119	0.000
1	0.033	0.118	0.000
1	0.032	0.118	0.000
1	0.031	0.118	0.000
1	0.030	0.117	0.000
1	0.029	0.117	0.000
1	0.028	0.116	0.000
1	0.028	0.116	0.000
1	0.027	0.115	0.000
1	0.026	0.115	0.000
1	0.025	0.114	0.000
1	0.025	0.114	0.000
1	0.023	0.113	0.000
1	0.022	0.113	0.000
1	0.021	0.112	0.000
1	0.020	0.110	0.000
1	0.019	0.110	0.000
1	0.019	0.110	0.000
1	0.018	0.109	0.000
1	0.017	0.109	0.000
1	0.017	0.109	0.000
1	0.016	0.108	0.000
1	0.015	0.108	0.000
1	0.014	0.107	0.000
1	0.014	0.107	0.000
1	0.013	0.107	0.000
1	0.012	0.106	0.000
1	0.011	0.106	0.000
1	0.010	0.105	0.000
1	0.009	0.104	0.000
1	0.009	0.104	0.000
1	0.008	0.104	0.000
1	0.007	0.103	0.000
1	0.006	0.102	0.000
1	0.005	0.102	0.000
1	0.004	0.102	0.000
1	0.004	0.101	0.000
1	0.003	0.101	0.000
1	0.002	0.100	0.000
1	0.002	0.100	0.000
1	0.001	0.100	0.000
1	-0.000	0.099	0.000
1	-0.002	0.098	0.000
1	-0.003	0.098	0.000
1	-0.004	0.097	0.000
1	-0.004	0.097	0.000
1	-0.005	0.096	0.000
1	-0.006	0.096	0.000
1	-0.007	0.095	0.000
1	-0.007	0.095	0.000
1	-0.008	0.095	0.000
1	-0.009	0.094	0.000
1	-0.010	0.094	0.000
1	-0.011	0.093	0.000
1	-0.012	0.093	0.000
1	-0.013	0.092	0.000
1	-0.014	0.092	0.000
1	-0.016	0.091	0.000
1	-0.016	0.091	0.000
1	-0.017	0.090	0.000
1	-0.018	0.090	0.000
1	-0.018	0.089	0.000
1	-0.019	0.089	0.000
1	-0.020	0.088	0.000
1	-0.021	0.088	0.000
1	-0.022	0.087	0.000
1	-0.023	0.087	0.000
1	-0.023	0.087	0.000
1	-0.024	0.086	0.000
1	-0.025	0.086	0.000
1	-0.027	0.085	0.000
1	-0.027	0.084	0.000
1	-0.028	0.084	0.000
1	-0.029	0.083	0.000
1	-0.030	0.082	0.000
1	-0.030	0.082	0.000
1	-0.031	0.082	0.000
1	-0.032	0.081	0.000
1	-0.032	0.081	0.000
1	-0.033	0.080	0.000
1	-0.034	0.080	0.000
1	-0.035	0.080	0.000
1	-0.036	0.079	0.000
1	-0.037	0.078	0.000
1	-0.037	0.078	0.000
1	-0.038	0.078	0.000
0	-0.037	0.079	0.005
0	-0.038	0.078	0.005
0	-0.034	0.082	0.009
0	-0.029	0.087	0.013
0	-0.022	0.093	0.017
0	-0.014	0.101	0.019
0	-0.014	0.101	0.019
0	-0.006	0.109	0.020
0	0.003	0.118	0.019
0	0.011	0.126	0.017
0	0.018	0.133	0.014
0	0.018	0.133	0.014
0	0.023	0.138	0.010
0	0.027	0.142	0.005
1	0.029	0.144	0.001
1	0.029	0.144	0.001
1	0.028	0.144	0.001
1	0.028	0.144	0.001
1	0.028	0.144	0.001
1	0.028	0.144	0.001
1	0.028	0.144	0.001
1	0.027	0.143	0.001
1	0.026	0.142	0.001
1	0.025	0.142	0.001
1	0.024	0.142	0.001
1	0.023	0.141	0.001
1	0.022	0.141	0.001
1	0.021	0.140	0.001
1	0.020	0.140	0.001
1	0.019	0.139	0.001
1	0.019	0.139	0.001
1	0.018	0.139	0.001
1	0.018	0.138	0.001
1	0.017	0.138	0.001
1	0.015	0.137	0.001
1	0.014	0.137	0.001
1	0.013	0.136	0.001
1	0.011	0.133	0.000
1	0.011	0.133	0.000
1	0.010	0.132	0.000
1	0.009	0.131	0.000
1	0.007	0.131	0.000
1	0.007	0.131	0.000
1	0.006	0.131	0.000
1	0.005	0.130	0.000
1	0.005	0.130	0.000
1	0.004	0.129	0.000
1	0.003	0.129	0.000
1	0.002	0.128	0.000
1	0.001	0.128	0.000
1	0.000	0.127	0.000
1	-0.001	0.126	0.000
1	-0.002	0.126	0.000
1	-0.003	0.125	0.000
1	-0.005	0.124	0.000
1	-0.006	0.124	0.000
1	-0.007	0.123	0.000
1	-0.007	0.123	0.000
1	-0.008	0.122	0.000
1	-0.009	0.122	0.000
1	-0.009	0.122	0.000
1	-0.010	0.121	0.000
1	-0.011	0.121	0.000
1	-0.012	0.120	0.000
1	-0.013	0.120	0.000
1	-0.014	0.119	0.000
1	-0.014	0.119	0.000
1	-0.015	0.119	0.000
1	-0.016	0.118	0.000
1	-0.017	0.117	0.000
1	-0.019	0.117	0.000
1	-0.019	0.117	0.000
1	-0.020	0.116	0.000
1	-0.021	0.115	0.000
1	-0.022	0.115	0.000
1	-0.023	0.114	0.000
1	-0.025	0.114	0.000
1	-0.026	0.113	0.000
1	-0.027	0.113	0.000
1	-0.028	0.112	0.000
1	-0.029	0.111	0.000
1	-0.030	0.111	0.000
1	-0.032	0.110	0.000
1	-0.033	0.110	0.000
1	-0.033	0.109	0.000
1	-0.034	0.109	0.000
1	-0.035	0.108	0.000
1	-0.036	0.107	0.000
1	-0.037	0.106	0.000
1	-0.038	0.106	0.000
1	-0.038	0.105	0.000
1	-0.039	0.105	0.000
1	-0.040	0.105	0.000
1	-0.041	0.104	0.000
1	-0.042	0.103	0.000
1	-0.043	0.103	0.000
1	-0.044	0.102	0.000
1	-0.044	0.102	0.000
1	-0.045	0.101	0.000
1	-0.046	0.101	0.000
1	-0.047	0.101	0.000
1	-0.048	0.100	0.000
1	-0.048	0.100	0.000
1	-0.049	0.099	0.000
1	-0.050	0.099	0.000
1	-0.051	0.098	0.000
1	-0.049	0.099	0.004
0	-0.045	0.100	0.009
0	-0.038	0.102	0.013
0	-0.038	0.101	0.013
0	-0.029	0.104	0.016
0	-0.017	0.107	0.019
0	-0.017	0.107	0.019
0	-0.006	0.110	0.019
0	0.006	0.113	0.019
0	0.007	0.113	0.019
0	0.017	0.116	0.017
0	0.027	0.119	0.014
0	0.027	0.118	0.014
0	0.034	0.121	0.010
0	0.040	0.122	0.005
1	0.041	0.123	0.000
1	0.041	0.123	0.000
1	0.041	0.123	0.000
1	0.041	0.123	0.000
1	0.041	0.123	0.000
1	0.041	0.123	0.000
1	0.040	0.122	0.000
1	0.039	0.122	0.000
1	0.038	0.122	0.000
1	0.037	0.121	0.000
1	0.036	0.120	0.000
1	0.035	0.120	0.000
1	0.034	0.119	0.000
1	0.033	0.118	0.000
1	0.032	0.118	0.000
1	0.031	0.118	0.000
1	0.031	0.117	0.000
1	0.030	0.117	0.000
1	0.029	0.116	0.000
1	0.028	0.116	0.000
1	0.025	0.113	0.000
1	0.025	0.113	0.000
1	0.025	0.113	0.000
1	0.024	0.113	0.000
1	0.023	0.112	0.000
1	0.023	0.112	0.000
1	0.022	0.111	0.000
1	0.021	0.111	0.000
1	0.019	0.110	0.000
1	0.018	0.110	0.000
1	0.018	0.109	0.000
1	0.017	0.109	0.000
1	0.016	0.108	0.000
1	0.015	0.108	0.000
1	0.014	0.107	0.000
1	0.013	0.106	0.000
1	0.011	0.106	0.000
1	0.010	0.105	0.000
1	0.009	0.104	0.000
1	0.008	0.103	0.000
1	0.007	0.103	0.000
1	0.006	0.102	0.000
1	0.004	0.101	0.000
1	0.003	0.101	0.000
1	0.002	0.100	0.000
1	0.002	0.100	0.000
1	0.001	0.100	0.000
1	-0.000	0.099	0.000
1	-0.000	0.099	0.000
1	-0.001	0.098	0.000
1	-0.002	0.098	0.000
1	-0.003	0.097	0.000
1	-0.004	0.097	0.000
1	-0.005	0.096	0.000
1	-0.006	0.096	0.000
1	-0.007	0.095	0.000
1	-0.008	0.095	0.000
1	-0.009	0.094	0.000
1	-0.010	0.094	0.000
1	-0.010	0.094	0.000
1	-0.011	0.093	0.000
1	-0.012	0.093	0.000
1	-0.012	0.093	0.000
1	-0.013	0.092	0.000
1	-0.014	0.092	0.000
1	-0.015	0.091	0.000
1	-0.015	0.091	0.000
1	-0.016	0.091	0.000
1	-0.017	0.090	0.000
1	-0.018	0.090	0.000
1	-0.019	0.089	0.000
1	-0.020	0.089	0.000
1	-0.020	0.089	0.000
1	-0.021	0.088	0.000
1	-0.022	0.087	0.000
1	-0.023	0.086	0.000
1	-0.023	0.086	0.000
1	-0.024	0.086	0.000
1	-0.025	0.085	0.000
1	-0.026	0.085	0.000
1	-0.027	0.084	0.000
1	-0.029	0.083	0.000
1	-0.030	0.083	0.000
1	-0.031	0.082	0.000
1	-0.032	0.081	0.000
1	-0.032	0.081	0.000
1	-0.033	0.081	0.000
1	-0.033	0.080	0.000
1	-0.034	0.080	0.000
1	-0.036	0.079	0.000
1	-0.037	0.079	0.000
1	-0.037	0.078	0.000
1	-0.038	0.078	0.000
1	-0.038	0.078	0.000
1	-0.037	0.078	0.004
0	-0.033	0.080	0.009
0	-0.033	0.080	0.009
0	-0.027	0.084	0.013
0	-0.019	0.088	0.016
0	-0.009	0.094	0.018
0	-0.009	0.094	0.019
0	0.000	0.099	0.019
0	0.011	0.105	0.019
0	0.012	0.105	0.019
0	0.020	0.111	0.017
0	0.021	0.111	0.017
0	0.029	0.115	0.014
0	0.036	0.119	0.010
0	0.035	0.119	0.010
0	0.039	0.121	0.005
1	0.041	0.123	0.000
1	0.040	0.122	0.000
1	0.041	0.123	0.000
1	0.041	0.123	0.000
1	0.040	0.123	0.000
1	0.040	0.122	0.000
1	0.040	0.123	0.000
1	0.039	0.123	0.000
1	0.038	0.122	0.000
1	0.038	0.122	0.000
1	0.038	0.122	0.000
1	0.038	0.122	0.000
1	0.038	0.122	0.000
1	0.038	0.122	0.000
1	0.038	0.122	0.000
1	0.038	0.122	0.000
1	0.038	0.122	0.000
1	0.038	0.122	0.000
1	0.038	0.122	0.000
1	0.038	0.122	0.000
1	0.038	0.122	0.000
1	0.038	0.122	0.000
1	0.038	0.122	0.000
1	0.038	0.122	0.000
1	0.038	0.122	0.000
1	0.038	0.122	0.000
1	0.038	0.122	0.000
1	0.038	0.122	0.000
1	0.038	0.122	0.000
1	0.038	0.122	0.000
1	0.038	0.122	0.000
1	0.038	0.122	0.000
1	0.038	0.122	0.000
1	0.038	0.122	0.000
1	0.038	0.122	0.000
1	0.038	0.122	0.000
1	0.038	0.122	0.000
1	0.038	0.122	0.000
1	0.038	0.122	0.000
1	0.038	0.122	0.000
1	0.038	0.122	0.000
1	0.038	0.122	0.000
1	0.038	0.122	0.000
1	0.038	0.122	0.000
1	0.038	0.122	0.000
1	0.038	0.122	0.000
1	0.038	0.122	0.000
1	0.038	0.122	0.000
1	0.038	0.122	0.000
1	0.038	0.122	0.000
1	0.038	0.122	0.000
1	0.038	0.122	0.000
1	0.038	0.122	0.000
1	0.038	0.122	0.000
1	0.038	0.122	0.000
1	0.038	0.122	0.000
1	0.038	0.122	0.000
1	0.038	0.122	0.000
1	0.038	0.122	0.000
1	0.038	0.122	0.000
1	0.038	0.122	0.000
1	0.038	0.122	0.000
1	0.038	0.122	0.000
1	0.038	0.122	0.000
1	0.038	0.122	0.000
1	0.038	0.122	0.000
