0.010995574295521	-0.14206980168819	-0.3710570037365	-9.9178403615952e-05	-0.52133375406265	0.0016213729977608	0.002105584833771	0.063044041395187	-0.09977875649929
0.01086116861552	-0.14104157686234	-0.37102171778679	0.00010897079482675	-0.52171957492828	0.00040502846240997	0.0022542402148247	0.062936425209045	-0.09987585991621
0.011984929442406	-0.1298711001873	-0.37997663021088	0.00013298913836479	-0.52120959758759	0.00044195353984833	0.0020876005291939	0.060910910367966	-0.099914975464344
0.011493616737425	-0.13300767540932	-0.3748474419117	0.00015656184405088	-0.52134054899216	0.00043075531721115	0.0020808652043343	0.06176096200943	-0.099942475557327
0.01085237134248	-0.13877132534981	-0.36774003505707	0.00023633940145373	-0.52123379707336	0.00040960311889648	0.002133434638381	0.063106000423431	-0.099965661764145
0.010225953534245	-0.14405401051044	-0.36025223135948	0.00033606542274356	-0.52113455533981	0.00038958340883255	0.0021708849817514	0.064441412687302	-0.09998532384634
0.0096338847652078	-0.14895088970661	-0.35249057412148	0.00046570599079132	-0.52106142044067	0.00037031620740891	0.0022066226229072	0.065769791603088	-0.10000324994326
0.0090679526329041	-0.15357045829296	-0.34444931149483	0.00060076080262661	-0.52099442481995	0.00035155564546585	0.0022437497973442	0.067103981971741	-0.10002324730158
0.0085347983986139	-0.15780445933342	-0.33615735173225	0.00077199330553412	-0.52095556259155	0.00033522397279739	0.0022766678594053	0.068427890539169	-0.10003813356161
0.0080249840393662	-0.16172058880329	-0.32760733366013	0.00093540688976645	-0.5209464430809	0.00032288581132889	0.0022808536887169	0.069751143455505	-0.10005225986242
0.0075303032062948	-0.16549371182919	-0.31879055500031	0.0010222624987364	-0.52094727754593	0.00032170861959457	0.0022610281594098	0.071094781160355	-0.1000609099865
0.0070531042292714	-0.16901245713234	-0.30968776345253	0.0010730703361332	-0.52092802524567	0.00031708180904388	0.0022672940976918	0.072447508573532	-0.10007335990667
0.0066437073983252	-0.17201438546181	-0.30067247152328	0.0011368305422366	-0.52144867181778	0.00031506270170212	0.0021746484562755	0.07373508810997	-0.099862195551395
0.006233552005142	-0.17953777313232	-0.29121196269989	0.0010349894873798	-0.52198493480682	0.00031041353940964	0.0020981556735933	0.075569212436676	-0.099391460418701
0.0058293342590332	-0.18381290137768	-0.28109711408615	0.00097583746537566	-0.52197015285492	0.00030584633350372	0.0022314288653433	0.077146977186203	-0.099364630877972
0.0054258923046291	-0.18695746362209	-0.27078342437744	0.0010059415362775	-0.52189618349075	0.00030265003442764	0.0023074075579643	0.078611552715302	-0.099355466663837
0.0050272801890969	-0.1892969161272	-0.26032015681267	0.001020141877234	-0.52190506458282	0.00030093640089035	0.0023533911444247	0.08000648021698	-0.099352620542049
0.0046452186070383	-0.19116085767746	-0.24962894618511	0.001023999415338	-0.52191966772079	0.00029987096786499	0.0023870738223195	0.081378608942032	-0.0993542522192
0.0042768106795847	-0.19271659851074	-0.23868921399117	0.0010225377045572	-0.521932721138	0.00029940903186798	0.0024172472767532	0.082748621702194	-0.099352888762951
0.0039208973757923	-0.19397340714931	-0.22749447822571	0.0010070893913507	-0.52193403244019	0.00029962509870529	0.002444127574563	0.084118723869324	-0.099352762103081
0.0035785716027021	-0.19493971765041	-0.21605341136456	0.00099754426628351	-0.52193522453308	0.00030039250850677	0.0024754256010056	0.085486859083176	-0.099346563220024
0.0032468198332936	-0.19560933113098	-0.20436115562916	0.0009972183033824	-0.52193266153336	0.00030175596475601	0.0025059874169528	0.086853295564651	-0.09933802485466
0.0029243046883494	-0.19599474966526	-0.19241823256016	0.0010078945197165	-0.52191817760468	0.00030368566513062	0.0025343582965434	0.088218927383423	-0.099326863884926
0.002611048752442	-0.19604061543941	-0.1802271604538	0.0010320958681405	-0.52188402414322	0.00030612200498581	0.002559750340879	0.089577406644821	-0.099318355321884
0.0023053975310177	-0.19578294456005	-0.16778907179832	0.0010708044283092	-0.52183651924133	0.00030910968780518	0.0025831256061792	0.09093165397644	-0.099308460950851
0.0020028208382428	-0.19520719349384	-0.1551029086113	0.0011118487454951	-0.52177286148071	0.00031261146068573	0.0025974158197641	0.092280596494675	-0.099300846457481
0.0016798039432615	-0.19459100067616	-0.14222252368927	0.0012182979844511	-0.52190357446671	0.00031755119562149	0.0024652355350554	0.093636691570282	-0.099250718951225
0.0013748987112194	-0.19462823867798	-0.12901148200035	0.0011753984726965	-0.52213943004608	0.0003230944275856	0.0023366082459688	0.095107644796371	-0.099155351519585
0.0011116977548227	-0.19384716451168	-0.11548501998186	0.0010333196260035	-0.5222499370575	0.00032870471477509	0.0023043928667903	0.09654375910759	-0.09913358092308
0.0010850917315111	-0.19364237785339	-0.11410365998745	0.0007953392341733	-0.52207779884338	0.00032906979322433	0.0022677052766085	0.096674352884293	-0.099121868610382
0.0010960726067424	-0.19331336021423	-0.11401871591806	0.00065282545983791	-0.52209955453873	0.00032882392406464	0.002278869971633	0.096642673015594	-0.099123314023018
0.00086693046614528	-0.19210213422775	-0.10164508968592	0.00061816815286875	-0.52239841222763	0.00033437460660934	0.0023272368125618	0.097898632287979	-0.099117107689381
0.00082737865159288	-0.19210785627365	-0.10032615065575	0.00035350304096937	-0.5222088098526	0.00033490359783173	0.0022831317037344	0.098050743341446	-0.099109649658203
0.00060416321502998	-0.19044370949268	-0.087656058371067	0.00031798146665096	-0.5224751830101	0.00034081190824509	0.0023405938409269	0.099285274744034	-0.099095240235329
0.00057244644267485	-0.19038657844067	-0.086310021579266	-5.2503310143948e-06	-0.52226459980011	0.00034135580062866	0.0022847894579172	0.099435865879059	-0.099089182913303
0.00035247165942565	-0.18839265406132	-0.07341355830431	-1.9541010260582e-05	-0.52252942323685	0.00034777075052261	0.0023519047535956	0.10065740346909	-0.09907840192318
0.00032313153496943	-0.18827553093433	-0.072037421166897	-0.00036343978717923	-0.52230197191238	0.0003482773900032	0.0023019071668386	0.10080614686012	-0.099077872931957
0.0001083665410988	-0.18599444627762	-0.058915425091982	-0.00034842919558287	-0.52257210016251	0.00035546720027924	0.0023783189244568	0.10201844573021	-0.09906355291605
-0.00014424578694161	-0.1837892383337	-0.044225942343473	-0.00048019085079432	-0.52263832092285	0.00036551803350449	0.0023721395991743	0.10342824459076	-0.099036574363708
-0.00015999209426809	-0.18327632546425	-0.042712192982435	-0.00088807661086321	-0.52234494686127	0.00036587566137314	0.0023380629718304	0.10355153679848	-0.099055022001266
-0.00036205863580108	-0.18033573031425	-0.029132885858417	-0.00081809191033244	-0.5226137638092	0.00037486851215363	0.0024342006072402	0.10473397374153	-0.099036984145641
-0.00038713176036254	-0.18011756241322	-0.027659777551889	-0.0011931783519685	-0.52235639095306	0.0003756657242775	0.002374539617449	0.10488945245743	-0.099051937460899
-0.0005869478918612	-0.17707015573978	-0.01384053286165	-0.0011210446245968	-0.52261292934418	0.0003853514790535	0.0024591418914497	0.10608774423599	-0.099025942385197
-0.00061050546355546	-0.17683701217175	-0.012337285093963	-0.0014977548271418	-0.52235269546509	0.00038620084524155	0.0023976704105735	0.10624650120735	-0.099042743444443
-0.00080482522025704	-0.17353664338589	0.0017227210337296	-0.0014387127012014	-0.52258723974228	0.00039632618427277	0.0024826535955071	0.10744339227676	-0.099017590284348
-0.00082804879639298	-0.17324317991734	0.0032534147612751	-0.0017929919995368	-0.52233266830444	0.00039716064929962	0.0024294843897223	0.10759738087654	-0.09903622418642
-0.0010165403364226	-0.16971668601036	0.017560157924891	-0.0017579034902155	-0.52253520488739	0.0004078596830368	0.0025081424973905	0.10879674553871	-0.09901075065136
-0.001040595350787	-0.16937060654163	0.019118197262287	-0.0020771916024387	-0.5222932100296	0.00040862709283829	0.0024669202975929	0.10894593596458	-0.09902910143137
-0.0012225522659719	-0.1656216531992	0.033677525818348	-0.0020735030993819	-0.52245044708252	0.00042007118463516	0.002539879642427	0.11014997959137	-0.099005080759525
-0.0012451242655516	-0.16519004106522	0.035255163908005	-0.0023513557389379	-0.52222967147827	0.00042091310024261	0.0025084656663239	0.1102882027626	-0.099022813141346
-0.001343815238215	-0.15692746639252	0.050030436366796	-0.0023691253736615	-0.5221626162529	0.00042849779129028	0.0028206026181579	0.11106041073799	-0.099500015377998
-0.0015543870395049	-0.15033961832523	0.066402234137058	-0.0024201576597989	-0.52217888832092	0.00043924897909164	0.0028581423684955	0.11216241121292	-0.099612452089787
-0.0016034938162193	-0.1493658721447	0.068089500069618	-0.0023630256764591	-0.52197962999344	0.00043930858373642	0.0028769592754543	0.11222830414772	-0.099610522389412
-0.0016093269223347	-0.14891088008881	0.068207703530788	-0.0023508076556027	-0.52195924520493	0.0004388764500618	0.0028504212386906	0.11218777298927	-0.099629633128643
-0.001795906573534	-0.14470784366131	0.08345278352499	-0.0024265609681606	-0.52215653657913	0.0004512146115303	0.0029084552079439	0.1134347319603	-0.099634565412998
-0.0018248384585604	-0.14422924816608	0.085087805986404	-0.0023109866306186	-0.52189558744431	0.00045253336429596	0.0029384288936853	0.11354997754097	-0.099613837897778
-0.0019972315058112	-0.13909117877483	0.10063809156418	-0.0024201334454119	-0.52190577983856	0.00046586245298386	0.0029473695904016	0.1147213280201	-0.099654614925385
-0.0021966369822621	-0.13415683805943	0.11811394244432	-0.0024589425884187	-0.5217719078064	0.0004880428314209	0.0030386389698833	0.11611938476562	-0.099619053304195
-0.0022094252053648	-0.13362230360508	0.11999204009771	-0.0023016561754048	-0.52148193120956	0.00049061328172684	0.0030088014900684	0.11625275015831	-0.099593959748745
-0.0023667274508625	-0.12802676856518	0.13611713051796	-0.0024805930443108	-0.52155488729477	0.00051283836364746	0.0030010007321835	0.11743584275246	-0.099631786346436
-0.00238839793019	-0.12790951132774	0.13793705403805	-0.0023442395031452	-0.52128225564957	0.00051722675561905	0.0030160977039486	0.11761265993118	-0.099585518240929
-0.0025375413242728	-0.12194515764713	0.15433351695538	-0.0025245998986065	-0.52134454250336	0.0005452036857605	0.0030136427376419	0.11878097057343	-0.09963521361351
-0.0025571964215487	-0.12175677716732	0.15618935227394	-0.0023655509576201	-0.52106517553329	0.00054949522018433	0.0030489435885102	0.11895242333412	-0.099592544138432
-0.0027071163058281	-0.11569914221764	0.17288050055504	-0.0025100712664425	-0.52113556861877	0.0005783885717392	0.0030396766960621	0.12013503909111	-0.099617771804333
-0.0027282775845379	-0.11552729457617	0.17476749420166	-0.0023441524244845	-0.52086108922958	0.00058279931545258	0.0030708138365299	0.12031126022339	-0.099570661783218
-0.0028702083509415	-0.1092775836587	0.1917911618948	-0.0024985196068883	-0.52093750238419	0.00061263144016266	0.0030462096910924	0.12150752544403	-0.099592797458172
-0.0028920853510499	-0.10901091247797	0.19371208548546	-0.0023521832190454	-0.52065408229828	0.00061698257923126	0.0030883837025613	0.12167879939079	-0.09955633431673
-0.0030344591941684	-0.10258951038122	0.21105097234249	-0.0024821902625263	-0.52069193124771	0.00064730644226074	0.0030597548466176	0.12288221716881	-0.099563665688038
-0.0030625674407929	-0.10243875533342	0.21301719546318	-0.0023573604412377	-0.52043431997299	0.00065214931964874	0.0031155967153609	0.12307226657867	-0.099514439702034
-0.0032031275331974	-0.095771983265877	0.23069094121456	-0.0024836147204041	-0.52050739526749	0.00068419799208641	0.0030827454756945	0.12428000569344	-0.099517472088337
-0.0032227679621428	-0.095539815723896	0.23268362879753	-0.0023706783540547	-0.52027672529221	0.00068900734186172	0.0031322301365435	0.12446165084839	-0.099473558366299
-0.0033622947521508	-0.088570795953274	0.25069653987885	-0.0024754330515862	-0.52031749486923	0.00072162598371506	0.0030875757802278	0.12566459178925	-0.099476769566536
-0.0033762638922781	-0.088252142071724	0.25271153450012	-0.0024125054478645	-0.5200891494751	0.00072632730007172	0.0031173219904304	0.12584164738655	-0.099439427256584
-0.0035054844338447	-0.080846130847931	0.27108374238014	-0.0025275070220232	-0.52007406949997	0.00075933709740639	0.0031019365414977	0.12702828645706	-0.099458634853363
-0.0035242920275778	-0.08058600127697	0.27312660217285	-0.0024746949784458	-0.51988810300827	0.00076429545879364	0.0031321840360761	0.12721362709999	-0.099407784640789
-0.0036319026257843	-0.072978667914867	0.2918758392334	-0.0025715501978993	-0.51989269256592	0.00079822167754173	0.0030703109223396	0.12840962409973	-0.099424608051777
-0.0036640507169068	-0.072092108428478	0.29387125372887	-0.0026735193096101	-0.51982194185257	0.00080053508281708	0.0030681972857565	0.12851664423943	-0.099456198513508
-0.0037879575975239	-0.064523294568062	0.31300261616707	-0.002676248550415	-0.51995086669922	0.00083594396710396	0.0031630955636501	0.12974119186401	-0.099392406642437
-0.0038047009147704	-0.064290940761566	0.31515669822693	-0.0028512412682176	-0.5198415517807	0.00084174796938896	0.0031591497827321	0.12996134161949	-0.099341779947281
-0.0039200838655233	-0.056358341127634	0.3347384929657	-0.0029099178500473	-0.51986533403397	0.00087780877947807	0.0031109319534153	0.13119357824326	-0.099331900477409
-0.0040428601205349	-0.047784671187401	0.35666924715042	-0.0030554486438632	-0.51976549625397	0.00091961026191711	0.0030602370388806	0.13260266184807	-0.099278874695301
-0.0041696401312947	-0.038659308105707	0.37925630807877	-0.0032375613227487	-0.51963847875595	0.00096241384744644	0.0030380389653146	0.13400658965111	-0.099229894578457
-0.0042977761477232	-0.028942305594683	0.40235179662704	-0.0034511992707849	-0.519495844841	0.0010055899620056	0.0030335485935211	0.13538607954979	-0.099203035235405
-0.0044271294027567	-0.018940404057503	0.42598107457161	-0.0036789001896977	-0.51933944225311	0.0010500885546207	0.0030394387431443	0.13677552342415	-0.099154084920883
-0.0044717816635966	-0.017827732488513	0.4285107254982	-0.0040598451159894	-0.51908558607101	0.0010548382997513	0.0031581849325448	0.13691931962967	-0.099151745438576
-0.0045797312632203	-0.0078740119934082	0.45035555958748	-0.0040962393395603	-0.51908576488495	0.001094151288271	0.0031317230314016	0.13809415698051	-0.099142923951149
-0.0046035256236792	-0.0071415449492633	0.45276898145676	-0.0044523784890771	-0.51882702112198	0.0010997168719769	0.00319096702151	0.13827764987946	-0.099122904241085
-0.0047049205750227	0.0029761525802314	0.47515946626663	-0.004509077873081	-0.51882028579712	0.0011407434940338	0.0031639046501368	0.13948395848274	-0.099093496799469
-0.0047277645207942	0.0037944312207401	0.47761991620064	-0.0048586837947369	-0.51856583356857	0.0011462979018688	0.0032158857211471	0.13966077566147	-0.099076524376869
-0.0048307762481272	0.014368938282132	0.50057828426361	-0.0049247024580836	-0.51852822303772	0.001188263297081	0.0031902662012726	0.14086222648621	-0.099051669239998
-0.0049346946179867	0.02578410692513	0.52647340297699	-0.0051787355914712	-0.51832270622253	0.001238152384758	0.0031696225050837	0.14228248596191	-0.0989850461483
-0.0050604706630111	0.038140010088682	0.55326288938522	-0.0054252129048109	-0.5180920958519	0.0012894235551357	0.0032071757595986	0.14366433024406	-0.098941169679165
-0.0050975847989321	0.03952581807971	0.5561198592186	-0.005702848546207	-0.51784038543701	0.0012945607304573	0.0032946092542261	0.14379721879959	-0.098938152194023
-0.00520198373124	0.051600728183985	0.58109247684479	-0.0057873982004821	-0.51775163412094	0.0013409629464149	0.0033245920203626	0.14499136805534	-0.098921991884708
-0.0052203563973308	0.052721537649632	0.58380222320557	-0.0060078124515712	-0.51750367879868	0.0013465955853462	0.0033392969053239	0.14514464139938	-0.09890753030777
-0.0053350967355072	0.065115608274937	0.60954093933105	-0.0060652084648609	-0.51736581325531	0.0013950653374195	0.0033908123150468	0.146370023489	-0.098871238529682
-0.0053447429090738	0.066171541810036	0.61234438419342	-0.0061776344664395	-0.51713716983795	0.0014011412858963	0.0034117973409593	0.14653488993645	-0.09883900731802
-0.0054269605316222	0.054269257932901	0.60143786668777	-0.006236266810447	-0.5164515376091	0.0013965405523777	0.003634573193267	0.14666602015495	-0.098224602639675
-0.005294038914144	-0.028271652758121	0.49235633015633	-0.0060957199893892	-0.51269239187241	0.0041080377995968	0.0036310271825641	0.14407730102539	-0.094837293028831
-0.005277048330754	-0.036945022642612	0.48064383864403	-0.0059853252023458	-0.51219391822815	0.0042966343462467	0.0036307843402028	0.14374345541	-0.094492606818676
-0.0049271355383098	-0.13413137197495	0.34846234321594	-0.0058551151305437	-0.50737804174423	0.008185151964426	0.003556095296517	0.1398483812809	-0.090615279972553
-0.0048837387003005	-0.14440563321114	0.33426949381828	-0.0057152584195137	-0.50672125816345	0.0085464306175709	0.0035478225909173	0.13936859369278	-0.09021819382906
-0.0043219565413892	-0.24185743927956	0.18964251875877	-0.0055192899890244	-0.49999979138374	0.011941257864237	0.0034366275649518	0.13356593251228	-0.086850635707378
-0.0042593232356012	-0.25219544768333	0.17411336302757	-0.0053867269307375	-0.49911719560623	0.012258507311344	0.0034224959090352	0.13288369774818	-0.086501523852348
-0.003462671302259	-0.34253197908401	0.026726122945547	-0.0051666107028723	-0.49077838659286	0.014972023665905	0.003287720028311	0.12548598647118	-0.083831921219826
-0.0033638218883425	-0.35215187072754	0.010900547727942	-0.0050096972845495	-0.48974844813347	0.015230387449265	0.0032683182507753	0.12464299798012	-0.083545133471489
-0.0022915832232684	-0.42823252081871	-0.13071657717228	-0.0047642351128161	-0.48026332259178	0.017071239650249	0.0031117389444262	0.11605530977249	-0.081728205084801
-0.0021697510965168	-0.43638479709625	-0.14592260122299	-0.0046141231432557	-0.47913980484009	0.017262496054173	0.003090480575338	0.11509981751442	-0.081517338752747
-0.00079060310963541	-0.4909331202507	-0.27369600534439	-0.0043719536624849	-0.4689217209816	0.018149487674236	0.0029239456634969	0.10579314827919	-0.080660313367844
0.0010630481410772	-0.52213734388351	-0.39197745919228	-0.0040458180010319	-0.45722073316574	0.018136061728001	0.0027346634306014	0.09537735581398	-0.080704785883427
0.0012705831322819	-0.5255451798439	-0.4046778678894	-0.0038784444332123	-0.45592358708382	0.018189437687397	0.0027163224294782	0.094255149364471	-0.080653868615627
0.0012985604116693	-0.52593803405762	-0.40604159235954	-0.0037704417482018	-0.45599389076233	0.018183715641499	0.0027153014671057	0.094140142202377	-0.080645933747292
0.0033558590803295	-0.51767045259476	-0.48208004236221	-0.0034690108150244	-0.44595566391945	0.017056427896023	0.0025504631921649	0.085056245326996	-0.081789717078209
0.0059329406358302	-0.47421160340309	-0.53260797262192	-0.003120256587863	-0.43541333079338	0.014948390424252	0.0023812614381313	0.075852125883102	-0.083922743797302
0.006215363740921	-0.46966913342476	-0.53803342580795	-0.0030199592001736	-0.43424573540688	0.014810167253017	0.0023659155704081	0.074871182441711	-0.084084644913673
0.008740583434701	-0.39848366379738	-0.54666423797607	-0.0028228471055627	-0.42622300982475	0.011958092451096	0.0022427886724472	0.067843288183212	-0.086943097412586
0.0090161729604006	-0.39094051718712	-0.54759103059769	-0.0027004121802747	-0.4252917766571	0.011711627244949	0.0022273436188698	0.067081868648529	-0.08720788359642
0.01136782579124	-0.30368012189865	-0.52523869276047	-0.0025307750329375	-0.41895666718483	0.0082017704844475	0.0021309228613973	0.061771273612976	-0.09070148319006
0.011625443585217	-0.29439467191696	-0.52283865213394	-0.002433861605823	-0.41819941997528	0.0078705921769142	0.0021176387090236	0.061181038618088	-0.091052487492561
0.011655885726213	-0.29344615340233	-0.52258092164993	-0.0023651733063161	-0.41827604174614	0.0078446194529533	0.0021179760806262	0.061123847961426	-0.091087937355042
0.013355474919081	-0.20478375256062	-0.47636970877647	-0.0022550392895937	-0.41402187943459	0.0039083287119865	0.0020580510608852	0.057856112718582	-0.09500327706337
0.014149547554553	-0.11851911246777	-0.40843862295151	-0.0021604732610285	-0.41241705417633	0.00051667541265488	0.0020355703309178	0.05673024058342	-0.099438972771168
0.014249580912292	-0.10916824638844	-0.4013092815876	-0.0020805252715945	-0.41219598054886	0.00052009522914886	0.0019776753615588	0.056542873382568	-0.099840991199017
0.01356971822679	-0.11407855153084	-0.39507514238358	-0.0020316364243627	-0.41247171163559	0.00049883872270584	0.0019999453797936	0.057698369026184	-0.099903203547001
0.013513981364667	-0.11475134640932	-0.39437487721443	-0.0020528808236122	-0.41232365369797	0.0004955530166626	0.001977366162464	0.057845085859299	-0.099915698170662
0.012864150106907	-0.12089691311121	-0.38855531811714	-0.0020842622034252	-0.41252088546753	0.00047425925731659	0.0019998291973025	0.059085100889206	-0.099923118948936
0.012798650190234	-0.12144096940756	-0.38792440295219	-0.0021051042713225	-0.41234612464905	0.00047212094068527	0.0020079673267901	0.059205412864685	-0.099933005869389
0.012169825844467	-0.12718136608601	-0.38187682628632	-0.0021270727738738	-0.41255941987038	0.00045208632946014	0.0020273183472455	0.060428440570831	-0.099939182400703
0.011510891839862	-0.13344323635101	-0.37493842840195	-0.0021616402082145	-0.41263452172279	0.00042954832315445	0.0020631924271584	0.06180602312088	-0.099954523146152
0.011444240808487	-0.13378758728504	-0.37422671914101	-0.0021750186569989	-0.41241756081581	0.00042802095413208	0.0020727217197418	0.061911344528198	-0.099959954619408
0.010869790799916	-0.13883186876774	-0.36768692731857	-0.0021849158219993	-0.41264966130257	0.00040952116250992	0.0020956820808351	0.063119828701019	-0.099967025220394
0.010812480002642	-0.13935855031013	-0.36697718501091	-0.0021953815594316	-0.41245245933533	0.00040744990110397	0.0020948324818164	0.063248425722122	-0.099970988929272
0.010263334028423	-0.14412827789783	-0.36018335819244	-0.0022241869010031	-0.41269806027412	0.00038933753967285	0.0021165830548853	0.064460575580597	-0.099985592067242
0.01020847633481	-0.14467446506023	-0.35944738984108	-0.002229989040643	-0.41248926520348	0.00038731843233109	0.0021219309419394	0.064594268798828	-0.099983625113964
0.0096820686012506	-0.14910510182381	-0.35241264104843	-0.0022714654915035	-0.41274753212929	0.00036986917257309	0.0021343762055039	0.065800249576569	-0.10000210255384
0.0096297319978476	-0.14964233338833	-0.35164803266525	-0.0022780131548643	-0.41253489255905	0.00036788731813431	0.0021406929008663	0.065936684608459	-0.0999990478158
0.0091347023844719	-0.15388090908527	-0.34436130523682	-0.0023379800841212	-0.41276979446411	0.00035081058740616	0.0021457225084305	0.067155539989471	-0.10001362115145
