0.0043633230961859	-0.50335294008255	-0.51138144731522	-0.0020738169550896	-1.0301690101624	0.019445672631264	-0.00027501583099365	0.080745935440063	-0.082454316318035
0.0041797673329711	-0.50335294008255	-0.51243263483047	-0.0019754176028073	-1.030749797821	0.013827487826347	-0.00025659054517746	0.080532193183899	-0.082768082618713
-0.0055000865831971	0.07749305665493	0.48391896486282	0.0029402440413833	-0.98745197057724	0.0070603527128696	0.00056714005768299	0.13294613361359	-0.10706510394812
-0.0062183723784983	0.090809635818005	0.71517783403397	0.0050697359256446	-0.96778643131256	0.028687689453363	0.0010499842464924	0.15352421998978	-0.095696106553078
-0.0054643182083964	0.05834923684597	0.6330680847168	0.0045063276775181	-0.97188884019852	0.033374313265085	0.0008444469422102	0.14906674623489	-0.096812009811401
-0.0049120699986815	0.030909111723304	0.55379939079285	0.0040117190219462	-0.97177791595459	0.034956704825163	0.00066215172410011	0.14419758319855	-0.098249182105064
-0.0045919180847704	0.0097474120557308	0.49376910924911	0.0032441839575768	-0.97166132926941	0.035126272588968	0.00057486444711685	0.14041441679001	-0.099187731742859
-0.0043362039141357	-0.0071092755533755	0.44793826341629	0.002747917547822	-0.97164458036423	0.034384191036224	0.00049871951341629	0.13754671812057	-0.099644526839256
-0.0043086213991046	-0.021137064322829	0.41090479493141	0.0024551721289754	-0.9717110991478	0.032405078411102	0.00052063539624214	0.1352344751358	-0.099907323718071
-0.0041991686448455	-0.033276282250881	0.37956467270851	0.0023419396020472	-0.9715930223465	0.028466284275055	0.00050674565136433	0.13327413797379	-0.10006382316351
-0.0040884264744818	-0.044115107506514	0.35193160176277	0.0022084363736212	-0.97248041629791	0.022534944117069	0.00049282051622868	0.13154935836792	-0.10014700144529
-0.0040041063912213	-0.054021127521992	0.32669684290886	0.0018967944197357	-0.97362899780273	0.0140167362988	0.00048852153122425	0.12994945049286	-0.10020312666893
-0.0039601372554898	-0.063225239515305	0.30316376686096	0.0020145508460701	-0.97375589609146	0.0042227916419506	0.00050169229507446	0.12843078374863	-0.10025709122419
-0.0036441904958338	-0.071873709559441	0.28456383943558	0.0022291922941804	-0.97308474779129	0.0009237714111805	0.00076779164373875	0.12785679101944	-0.09897068887949
-0.0033785433042794	-0.080059379339218	0.26525318622589	0.0022856192663312	-0.97312617301941	0.00094137713313103	0.00082856975495815	0.12695944309235	-0.09862744808197
-0.0032256899867207	-0.087842874228954	0.24274496734142	0.0023386115208268	-0.97344690561295	0.00090415775775909	0.00080170296132565	0.12545251846313	-0.098633259534836
-0.0031353575177491	-0.095263130962849	0.22076717019081	0.0024147378280759	-0.97375047206879	0.00086327642202377	0.00079561769962311	0.12389010190964	-0.098688349127769
-0.003026433987543	-0.1023470684886	0.20000280439854	0.0024989540688694	-0.97403872013092	0.00082477927207947	0.00079463422298431	0.12240648269653	-0.098717078566551
-0.0028854114934802	-0.10911252349615	0.18016828596592	0.0025856527499855	-0.97430807352066	0.0007878914475441	0.00078823231160641	0.12098127603531	-0.098724439740181
-0.0027201133780181	-0.11557220667601	0.16106282174587	0.0026728822849691	-0.9745477437973	0.0007520392537117	0.00077708810567856	0.11959701776505	-0.09871643781662
-0.0025439877063036	-0.12173537164927	0.142568141222	0.0027624987997115	-0.97475701570511	0.00071712583303452	0.00076701864600182	0.11824429035187	-0.098696932196617
-0.0023563127033412	-0.12760892510414	0.12456274777651	0.0028511323034763	-0.97494220733643	0.00068291276693344	0.00075490958988667	0.11691009998322	-0.098672337830067
-0.0023451305460185	-0.12718825042248	0.1261565387249	0.0029842918738723	-0.97432696819305	0.00068745017051697	0.0007563903927803	0.11703073978424	-0.098686315119267
-0.0019542339723557	-0.13256910443306	0.11060599982738	0.0029349308460951	-0.97501385211945	0.0006609708070755	0.00068575516343117	0.11599290370941	-0.098538771271706
-0.0019997281488031	-0.13237072527409	0.11008650809526	0.002660159021616	-0.97458469867706	0.00065835565328598	0.00063036940991879	0.11586683988571	-0.098615445196629
-0.0021034188102931	-0.13192695379257	0.11219953745604	0.0024603023193777	-0.97451150417328	0.00066377967596054	0.00070040673017502	0.11608797311783	-0.098557256162167
-0.0020122891291976	-0.13733777403831	0.094857402145863	0.0024322937242687	-0.97520327568054	0.00063075870275497	0.00081791076809168	0.11483585834503	-0.098464891314507
-0.0019524951931089	-0.13736061751842	0.093632139265537	0.0021755397319794	-0.97469025850296	0.00062721222639084	0.00074197445064783	0.11465829610825	-0.098555244505405
-0.0019442831398919	-0.13707232475281	0.094919115304947	0.0020051375031471	-0.97455680370331	0.00063013285398483	0.00073407776653767	0.1147803068161	-0.098532229661942
-0.0018564636120573	-0.14228728413582	0.077408738434315	0.0020462679676712	-0.97528517246246	0.00059518963098526	0.00077030248939991	0.11343842744827	-0.098483756184578
-0.0018888424383476	-0.14235976338387	0.076260611414909	0.0021418980322778	-0.97489202022552	0.00059201568365097	0.00078982394188643	0.11327171325684	-0.09858900308609
-0.0016210369067267	-0.14724788069725	0.059760544449091	0.0022483649663627	-0.97543454170227	0.00055863708257675	0.00076505821198225	0.11199635267258	-0.098529651761055
-0.0016290338244289	-0.14726342260838	0.059193015098572	0.002330913208425	-0.97505503892899	0.00055716931819916	0.00076103676110506	0.11190325021744	-0.098602987825871
-0.0014840667136014	-0.1469993442297	0.060770854353905	0.0023783128708601	-0.97497051954269	0.00056112557649612	0.00066729728132486	0.11206513643265	-0.098570846021175
-0.0015675871400163	-0.15165273845196	0.036595027893782	0.0023774518631399	-0.97823166847229	0.00091785937547684	0.00027387123554945	0.10913240909576	-0.10018663108349
-0.0014896030770615	-0.15171499550343	0.038187503814697	0.0025003589689732	-0.97898823022842	0.00079219043254852	0.00019597075879574	0.10914039611816	-0.10034526139498
-0.001205058535561	-0.15605206787586	0.02394038066268	0.0024924436584115	-0.97893339395523	0.00619787722826	0.00016169995069504	0.10801142454147	-0.10027396678925
-0.0011765774106607	-0.15606391429901	0.024900823831558	0.0025489116087556	-0.97886091470718	0.0066977739334106	0.0001504197716713	0.10810649394989	-0.10028198361397
-0.0009177514584735	-0.16009743511677	0.0097794225439429	0.0025195931084454	-0.97812014818192	0.011753052473068	0.0001205075532198	0.10685640573502	-0.10025250911713
-0.00093108700821176	-0.16008885204792	0.010103113017976	0.0025750272907317	-0.9776890873909	0.012372389435768	0.00012009404599667	0.10689270496368	-0.10025538504124
-0.00095554004656151	-0.15985561907291	0.011197775602341	0.0026663010939956	-0.97783970832825	0.012386471033096	0.00012499466538429	0.1069803237915	-0.10026536881924
-0.00066972826607525	-0.16367565095425	-0.004425585269928	0.00264727557078	-0.97654205560684	0.016907691955566	8.4010884165764e-05	0.1056495308876	-0.10025316476822
-0.0007114972686395	-0.16372053325176	-0.0046044429764152	0.0027494626119733	-0.97571766376495	0.017582081258297	9.3581154942513e-05	0.10564714670181	-0.10024294257164
-0.00043895933777094	-0.16723817586899	-0.02011501416564	0.0028311866335571	-0.97382408380508	0.021444097161293	5.2746385335922e-05	0.10427993535995	-0.1002631932497
-0.00050078349886462	-0.16724374890327	-0.020166410133243	0.0029808674007654	-0.97263556718826	0.02212180942297	7.0216134190559e-05	0.1042937040329	-0.10024154186249
-0.00053700490389019	-0.16704964637756	-0.019452087581158	0.0030984259210527	-0.97270864248276	0.022127039730549	7.939524948597e-05	0.10434633493423	-0.10025116801262
-0.00021619831386488	-0.17032915353775	-0.034821417182684	0.0032154987566173	-0.9706329703331	0.025203667581081	2.4927780032158e-05	0.10296726226807	-0.10027355700731
-0.0002847287687473	-0.17036977410316	-0.034983154386282	0.0033906144089997	-0.96911883354187	0.025810651481152	4.7285109758377e-05	0.10297971963882	-0.10024087876081
-7.0106061684783e-06	-0.17334793508053	-0.050136771053076	0.0035268957726657	-0.96663999557495	0.027991980314255	5.2396208047867e-06	0.10158354043961	-0.1002806648612
-5.9748457715614e-05	-0.1733520179987	-0.050158511847258	0.0034287129528821	-0.96493744850159	0.028410650789738	2.0064413547516e-05	0.10160690546036	-0.1002474874258
-0.00010180062236032	-0.17318731546402	-0.049494463950396	0.0033931075595319	-0.96475583314896	0.02836087346077	3.2048672437668e-05	0.10165965557098	-0.10025060921907
0.00026732368860394	-0.17592076957226	-0.06442715972662	0.0031241825781763	-0.96220099925995	0.029398247599602	-3.715418279171e-05	0.10026544332504	-0.1002826243639
0.00016800155572128	-0.17595335841179	-0.064536221325397	0.0030619110912085	-0.96018451452255	0.029534421861172	-5.0999224185944e-06	0.10028344392776	-0.10024789720774
0.00012034275277983	-0.17582257091999	-0.06397533416748	0.0030502653680742	-0.9598742723465	0.029403306543827	1.1961907148361e-05	0.10033011436462	-0.10024896264076
0.00049884314648807	-0.17829437553883	-0.078742615878582	0.0031254566274583	-0.95742583274841	0.028834566473961	-5.838368088007e-05	0.098925590515137	-0.10028243809938
0.00039541118894704	-0.17833039164543	-0.078860342502594	0.0032965079881251	-0.95551288127899	0.028767727315426	-1.9939616322517e-05	0.098942339420319	-0.10024950653315
0.00067978678271174	-0.18049895763397	-0.093388602137566	0.0035971351899207	-0.9531164765358	0.026421427726746	-5.7412311434746e-05	0.097526788711548	-0.10029423236847
0.00063438212964684	-0.18050155043602	-0.093293748795986	0.0035094683989882	-0.95118057727814	0.026131145656109	-3.5252422094345e-05	0.097562611103058	-0.10025936365128
0.00061895756516606	-0.1803812533617	-0.092639751732349	0.0034149806015193	-0.95094102621078	0.02601070702076	-2.8312206268311e-05	0.097622573375702	-0.10025503486395
0.00096576812211424	-0.1822924464941	-0.10699903219938	0.0031153615564108	-0.949831366539	0.022095069289207	-8.4417872130871e-05	0.096204519271851	-0.10029420256615
0.00089720555115491	-0.18231306970119	-0.10695911198854	0.0030386899597943	-0.94813531637192	0.021548300981522	-5.2062794566154e-05	0.096232056617737	-0.10026210546494
0.0012079237494618	-0.18393029272556	-0.12103813886642	0.0031040380708873	-0.94758576154709	0.015980370342731	-9.649246931076e-05	0.094810545444489	-0.10031070560217
0.0011677922448143	-0.18392702937126	-0.12083476781845	0.0031480519101024	-0.94603151082993	0.015207894146442	-7.200613617897e-05	0.094853401184082	-0.10027419775724
0.0014586098259315	-0.1852562725544	-0.13460423052311	0.0031699817627668	-0.94652479887009	0.0082512572407722	-0.0001086974516511	0.09343808889389	-0.10032778978348
0.0014435346238315	-0.18524332344532	-0.13428232073784	0.0032898583449423	-0.94525611400604	0.0074449107050896	-9.0238638222218e-05	0.093492031097412	-0.10028541833162
0.0016645268769935	-0.18629279732704	-0.14798663556576	0.0034122532233596	-0.94661247730255	0.00031876564025879	-4.5554712414742e-05	0.092112243175507	-0.10014677047729
0.0017586192116141	-0.18627625703812	-0.1462082862854	0.0034998347982764	-0.94598990678787	0.00031682103872299	3.1739473342896e-05	0.092498540878296	-0.099826626479626
0.0017907695146278	-0.18620528280735	-0.14505706727505	0.0035160612314939	-0.94592308998108	0.00031573325395584	2.9668211936951e-05	0.092683076858521	-0.099786549806595
0.0022461512126029	-0.18699930608273	-0.15591460466385	0.003638677764684	-0.94599848985672	0.00032363831996918	0.00020788051187992	0.091982483863831	-0.098948702216148
0.0021626902744174	-0.18699969351292	-0.15703509747982	0.0036829658783972	-0.94570165872574	0.0003252699971199	0.00029408559203148	0.091949045658112	-0.09883726388216
0.0024465268943459	-0.1875057965517	-0.17077288031578	0.0036159730516374	-0.94635260105133	0.00034144520759583	0.0002471785992384	0.090523302555084	-0.098839335143566
0.002370931673795	-0.18749496340752	-0.17219477891922	0.0036453707143664	-0.94609272480011	0.00034413486719131	0.00027441419661045	0.090332806110382	-0.098842680454254
0.0023670522496104	-0.1874587982893	-0.17125405371189	0.0036294814199209	-0.94606870412827	0.00034214556217194	0.00027170591056347	0.090455710887909	-0.098828338086605
0.0026685711927712	-0.18769028782845	-0.18463160097599	0.0035499506630003	-0.94687008857727	0.00036254525184631	0.00023341923952103	0.089006006717682	-0.098842278122902
0.0026198611594737	-0.18768419325352	-0.18568070232868	0.0035736369900405	-0.94649064540863	0.00036486238241196	0.00025270320475101	0.088846802711487	-0.098844118416309
0.0029656826518476	-0.18762728571892	-0.19777999818325	0.0035178372636437	-0.94719558954239	0.00038070976734161	0.00021196901798248	0.087520599365234	-0.098852843046188
0.0029277168214321	-0.18761400878429	-0.19828827679157	0.0035523464903235	-0.94673031568527	0.00038155913352966	0.00023053586483002	0.087424874305725	-0.09885711222887
0.0032910737209022	-0.18727019429207	-0.20986242592335	0.0035017100162804	-0.94744831323624	0.0003972053527832	0.00019337609410286	0.086133778095245	-0.098859012126923
0.0032548059243709	-0.18725398182869	-0.2102627903223	0.0035390630364418	-0.94693005084991	0.0003979355096817	0.00021098740398884	0.086050927639008	-0.098863795399666
0.0032780007459223	-0.18726173043251	-0.20841702818871	0.0035186638124287	-0.94677901268005	0.0003952756524086	0.00021340884268284	0.086289763450623	-0.098847784101963
0.0036284627858549	-0.18663059175014	-0.22063539922237	0.0033961068838835	-0.94766974449158	0.00041224807500839	0.00018965825438499	0.084891736507416	-0.098844729363918
0.0035816617310047	-0.18661104142666	-0.22158363461494	0.0033983052708209	-0.94717234373093	0.00041370093822479	0.00021085888147354	0.084734678268433	-0.098861001431942
0.0040324428118765	-0.18569248914719	-0.23212064802647	0.003292775247246	-0.9477117061615	0.00042835623025894	0.00016326829791069	0.083545386791229	-0.098822973668575
0.0039651365950704	-0.18567380309105	-0.2330871373415	0.0032582907006145	-0.94723898172379	0.00043000280857086	0.00017576478421688	0.083373963832855	-0.098852887749672
0.0043832268565893	-0.18446750938892	-0.2434713691473	0.0031421124003828	-0.94774395227432	0.00044476240873337	0.00014854781329632	0.082164108753204	-0.098817624151707
0.004317463375628	-0.18444940447807	-0.24433729052544	0.0030970573425293	-0.94727683067322	0.00044629722833633	0.00015933066606522	0.082001447677612	-0.098856575787067
0.0043242545798421	-0.18450452387333	-0.24276781082153	0.003032376524061	-0.94714325666428	0.00044409185647964	0.00015677884221077	0.082190930843353	-0.098868303000927
0.0047565470449626	-0.18299250304699	-0.25360077619553	0.002911813557148	-0.94771808385849	0.00045967847108841	0.0001278892159462	0.080899894237518	-0.098818488419056
0.00468430807814	-0.18295998871326	-0.25486388802528	0.0028601698577404	-0.94726955890656	0.00046191364526749	0.00013956800103188	0.080684721469879	-0.098862312734127
0.0051363823004067	-0.18116039037704	-0.2648332118988	0.0027489438652992	-0.94768017530441	0.00047674775123596	0.00010824948549271	0.079455733299255	-0.09882528334856
0.0050738737918437	-0.18113668262959	-0.26561084389687	0.002693138550967	-0.94724696874619	0.00047831982374191	0.00011802557855844	0.079304158687592	-0.09887283295393
0.0050797373987734	-0.18122127652168	-0.26417195796967	0.0026224739849567	-0.94710469245911	0.00047629326581955	0.00011343602091074	0.079477369785309	-0.098891727626324
0.0056125866249204	-0.17910873889923	-0.27444025874138	0.0026062331162393	-0.94751310348511	0.00049180537462234	7.406622171402e-05	0.078195452690125	-0.098841369152069
0.0055754203349352	-0.17906630039215	-0.27525407075882	0.0024736947380006	-0.94700688123703	0.00049307197332382	4.8675574362278e-05	0.078050017356873	-0.098866827785969
0.0060042748227715	-0.17666682600975	-0.28521314263344	0.0022006258368492	-0.94746726751328	0.00050877034664154	6.5034255385399e-06	0.076720952987671	-0.098853036761284
0.0059445188380778	-0.17663937807083	-0.28542250394821	0.0020525800064206	-0.94697207212448	0.00050937384366989	3.4620054066181e-05	0.076665639877319	-0.098889589309692
0.006408357527107	-0.17394937574863	-0.29503360390663	0.0017829197458923	-0.9473614692688	0.00052504241466522	-8.2822516560555e-06	0.075350761413574	-0.098875865340233
0.0063554872758687	-0.17392824590206	-0.29526740312576	0.0017392835579813	-0.94706803560257	0.00052611529827118	-2.726074308157e-05	0.075264275074005	-0.098979413509369
0.006284880451858	-0.17406482994556	-0.29427564144135	0.0016325381584466	-0.94697743654251	0.00052496045827866	2.4124979972839e-05	0.075379312038422	-0.099007979035378
0.0065139220096171	-0.17103788256645	-0.30705893039703	0.00085411127656698	-0.94938147068024	0.0017861872911453	-0.00040770415216684	0.073023796081543	-0.1001775637269
0.0065690265037119	-0.17098315060139	-0.3063135445118	0.00061868876218796	-0.94965189695358	0.0016188323497772	-0.00042378902435303	0.072976171970367	-0.10034032166004
0.007167006842792	-0.16766731441021	-0.31458348035812	0.00054877065122128	-0.94940364360809	0.005988284945488	-0.00046291761100292	0.071721255779266	-0.10035616159439
0.0071870014071465	-0.1676350235939	-0.31414824724197	0.0004242598079145	-0.94910073280334	0.0064249336719513	-0.00046119373291731	0.071760773658752	-0.10038198530674
0.0077483155764639	-0.164027094841	-0.32269909977913	0.00036434084177017	-0.94821161031723	0.01050391793251	-0.00050040427595377	0.070454120635986	-0.10038815438747
0.007745717652142	-0.16400434076786	-0.32252767682076	9.8747666925192e-05	-0.9474750161171	0.011075213551521	-0.00050530582666397	0.070481896400452	-0.10038670897484
0.0083106383681297	-0.16009256243706	-0.3311066031456	-2.9084738343954e-05	-0.94573724269867	0.014713786542416	-0.00054165627807379	0.069133162498474	-0.10040734708309
0.0082269068807364	-0.16007360816002	-0.33102387189865	-0.00011202739551663	-0.94429051876068	0.015362456440926	-0.00052398722618818	0.069158673286438	-0.10039374232292
0.0081802047789097	-0.16028036177158	-0.33059352636337	-0.00012491131201386	-0.94404882192612	0.015337362885475	-0.00051623396575451	0.069219410419464	-0.10040327161551
0.0088418778032064	-0.15599988400936	-0.33910435438156	-0.0001964932307601	-0.94183075428009	0.018365189433098	-0.00057045370340347	0.06784462928772	-0.1004129871726
0.0087165236473083	-0.15592773258686	-0.33911687135696	-0.00025174068287015	-0.93982809782028	0.01898218691349	-0.00053150020539761	0.067869365215302	-0.10038087517023
0.0093867070972919	-0.15135785937309	-0.34747388958931	-0.00044233072549105	-0.93682718276978	0.021174848079681	-0.00059394305571914	0.066473722457886	-0.1004086509347
0.0092620542272925	-0.15131896734238	-0.34743678569794	-0.00051502510905266	-0.93454480171204	0.021677136421204	-0.00055946689099073	0.066505193710327	-0.10037571936846
0.0099271573126316	-0.14645539224148	-0.35551688075066	-0.00095953000709414	-0.93132102489471	0.022838711738586	-0.00061074551194906	0.065111458301544	-0.10040379315615
0.0098434304818511	-0.14643038809299	-0.35542592406273	-0.0012233438901603	-0.92887276411057	0.023167498409748	-0.00059176702052355	0.065148293972015	-0.10037364065647
0.0097872950136662	-0.14668659865856	-0.35512071847916	-0.0012150485999882	-0.92845368385315	0.023078180849552	-0.00057885888963938	0.065203070640564	-0.10037346184254
0.010492445901036	-0.14143997430801	-0.36297404766083	-0.0018122727051377	-0.92570006847382	0.023211888968945	-0.00062696379609406	0.063799619674683	-0.1004021987319
0.0104427523911	-0.14135278761387	-0.36291140317917	-0.0021954048424959	-0.92317694425583	0.02336160838604	-0.00061773328343406	0.063828885555267	-0.10037245601416
0.011111651547253	-0.1358195245266	-0.37053364515305	-0.002726542763412	-0.91996067762375	0.022185534238815	-0.0006532768602483	0.062425076961517	-0.10039985179901
0.011043957434595	-0.1357748657465	-0.37043684720993	-0.0029835505411029	-0.91742479801178	0.022062696516514	-0.00063599762506783	0.06245744228363	-0.10037346184254
0.011723069474101	-0.12994733452797	-0.3777793943882	-0.0031843427568674	-0.91485440731049	0.019577510654926	-0.0006672590970993	0.061056196689606	-0.10040036588907
0.011677681468427	-0.12992046773434	-0.37762558460236	-0.0033660503104329	-0.91247802972794	0.01923281699419	-0.00065250275656581	0.061094999313354	-0.100376278162
0.012407025322318	-0.12378105521202	-0.384680300951	-0.0036849384196103	-0.91055035591125	0.015375979244709	-0.00068999640643597	0.059699177742004	-0.10040333867073
0.012369930744171	-0.12376105040312	-0.3844995200634	-0.0038490076549351	-0.90853428840637	0.014881886541843	-0.00067619793117046	0.059738874435425	-0.10037930309772
0.012336058542132	-0.12409262359142	-0.38418415188789	-0.0037948912940919	-0.90811973810196	0.014761179685593	-0.00066975876688957	0.059806287288666	-0.10037280619144
0.013096020556986	-0.11753782629967	-0.39110189676285	-0.0036511211656034	-0.90822714567184	0.0099366009235382	-0.00070506287738681	0.058374881744385	-0.10042348504066
0.01309210062027	-0.11743330955505	-0.39099028706551	-0.0036289477720857	-0.90725231170654	0.0093802958726883	-0.00070015480741858	0.058389663696289	-0.10040939599276
0.01385033223778	-0.11059305071831	-0.39749363064766	-0.0035250191576779	-0.90740597248077	0.0035654008388519	-0.00073729548603296	0.056994020938873	-0.10043640434742
0.013840667903423	-0.11054180562496	-0.39733538031578	-0.0034275460056961	-0.90656226873398	0.0029239654541016	-0.00072362879291177	0.057022392749786	-0.10041288286448
0.013820513151586	-0.11089061945677	-0.39702022075653	-0.0034001837484539	-0.90639895200729	0.0029205977916718	-0.00072561833076179	0.057096242904663	-0.1003997400403
0.014270595274866	-0.13613976538181	-0.42929396033287	-0.0033090640790761	-0.90647292137146	0.00074728578329086	-0.0005959658883512	0.05637788772583	-0.098140999674797
0.014300452545285	-0.13723103702068	-0.42949199676514	-0.0032785413786769	-0.90585660934448	0.00074419379234314	-0.00051955739036202	0.056580305099487	-0.097919955849648
0.013065869919956	-0.23570835590363	-0.49825525283813	-0.0032101823017001	-0.90409207344055	0.00071904063224792	-0.00039575132541358	0.05870532989502	-0.092800594866276
0.013079228810966	-0.2388878762722	-0.49802705645561	-0.0031035798601806	-0.90331906080246	0.00071390718221664	-0.00033648824319243	0.059144377708435	-0.092513881623745
0.010592559352517	-0.34127473831177	-0.54482984542847	-0.0030003394931555	-0.90026450157166	0.00066488236188889	-0.00017414963804185	0.063231885433197	-0.088094010949135
0.010685750283301	-0.34270671010017	-0.54039978981018	-0.0029751979745924	-0.89893651008606	0.00065457820892334	-0.00014501460827887	0.063982963562012	-0.088023841381073
0.010743513703346	-0.33795690536499	-0.53647476434708	-0.003099671099335	-0.89843147993088	0.0006536990404129	-9.2098023742437e-05	0.06409102678299	-0.088204361498356
0.007857576943934	-0.43259394168854	-0.55337142944336	-0.0035242228768766	-0.89420145750046	0.00056832283735275	-0.0001122853718698	0.070261299610138	-0.084445498883724
0.00791668985039	-0.43407553434372	-0.54794800281525	-0.0038034757599235	-0.89317810535431	0.00055781006813049	-7.7234581112862e-06	0.071174740791321	-0.084274284541607
0.0080086877569556	-0.42979717254639	-0.5468316078186	-0.0039817420765758	-0.89284080266953	0.00056299567222595	4.9956608563662e-05	0.071022033691406	-0.084401786327362
0.0048575135879219	-0.50075328350067	-0.52728468179703	-0.0049055078998208	-0.88779258728027	0.00045956671237946	0.00013417471200228	0.078875005245209	-0.081521607935429
0.0051212506368756	-0.50154733657837	-0.52018284797668	-0.0053505175746977	-0.88676804304123	0.00044379383325577	0.00019887275993824	0.079984128475189	-0.081157818436623
0.002051463117823	-0.53555941581726	-0.46028745174408	-0.0058476468548179	-0.88023579120636	0.00032930076122284	0.00056681036949158	0.089209616184235	-0.079226888716221
0.0024110763333738	-0.53447759151459	-0.45299780368805	-0.0062300902791321	-0.87913078069687	0.00031717866659164	0.00058811157941818	0.090210199356079	-0.078871309757233
0.0027438728138804	-0.53179448843002	-0.45595425367355	-0.0064415745437145	-0.87891447544098	0.00032073259353638	0.0005443450063467	0.089796900749207	-0.078838959336281
-0.00011549270129763	-0.5262336730957	-0.362135887146	-0.0082526411861181	-0.8719317317009	0.00030928105115891	0.00078360922634602	0.099408030509949	-0.078207723796368
0.00021126864885446	-0.52493929862976	-0.35363960266113	-0.008895443752408	-0.87083077430725	0.00034880638122559	0.00092034973204136	0.10049325227737	-0.077765256166458
-0.0020959319081157	-0.48249736428261	-0.22855043411255	-0.011011749505997	-0.86344528198242	0.00058074295520782	0.0011346451938152	0.11048924922943	-0.078205950558186
-0.0018045543693006	-0.48057913780212	-0.22028782963753	-0.011772949248552	-0.86247277259827	0.00061118602752686	0.0013530515134335	0.11153674125671	-0.077682510018349
-0.0010050181299448	-0.48160797357559	-0.22605475783348	-0.012061866000295	-0.86223173141479	0.00060342252254486	0.0010878965258598	0.11116659641266	-0.077406279742718
-0.0032994817011058	-0.40972316265106	-0.080772392451763	-0.014208037406206	-0.85587471723557	0.00080537796020508	0.0013767033815384	0.12058812379837	-0.079254314303398
-0.0026378673501313	-0.40754553675652	-0.07136807590723	-0.014774937182665	-0.85487258434296	0.00083965063095093	0.0013652965426445	0.1217195391655	-0.078466810286045
-0.0042991684749722	-0.31490662693977	0.086211554706097	-0.01694723777473	-0.84825426340103	0.001018226146698	0.0015111155807972	0.13027125597	-0.08122494071722
-0.0037501924671233	-0.31325352191925	0.093724943697453	-0.0175472907722	-0.84708625078201	0.0010528080165386	0.0016047433018684	0.13126784563065	-0.08038092404604
-0.0034414250403643	-0.3172964155674	0.08416736125946	-0.017700638622046	-0.84694236516953	0.0010433457791805	0.0014260224997997	0.13073486089706	-0.080254279077053
-0.0056384182535112	-0.21111087501049	0.24501436948776	-0.019893512129784	-0.84205627441406	0.0011957958340645	0.0021876059472561	0.13774961233139	-0.08432125300169
-0.0043680365197361	-0.20891021192074	0.25203633308411	-0.020224276930094	-0.8416508436203	0.0012205503880978	0.001715537160635	0.13849431276321	-0.083781331777573
-0.0041444632224739	-0.098519466817379	0.40755677223206	-0.021383380517364	-0.8387833237648	0.0013500154018402	0.00088565051555634	0.14383071660995	-0.088208928704262
-0.0049525680951774	-0.097491957247257	0.40870660543442	-0.021350441500545	-0.83914864063263	0.0013569965958595	0.0012792386114597	0.14388245344162	-0.088315159082413
-0.0051240166649222	0.0086305504664779	0.5455419421196	-0.022175738587976	-0.83761441707611	0.0014539323747158	0.0009562149643898	0.14704024791718	-0.093216978013515
-0.005593279376626	0.0088461954146624	0.54540675878525	-0.022169603034854	-0.83794093132019	0.0014555752277374	0.0012547001242638	0.14698374271393	-0.093390740454197
-0.0059778057038784	0.10162597149611	0.6493775844574	-0.022567497566342	-0.83796578645706	0.001496572047472	0.0013388022780418	0.14760398864746	-0.098757788538933
-0.0060022105462849	0.1011635735631	0.64746582508087	-0.022421346977353	-0.83860802650452	0.0014894008636475	0.0013646706938744	0.14729684591293	-0.099167577922344
-0.0059570563025773	0.095610961318016	0.64080935716629	-0.022454973310232	-0.83889955282211	0.0014836192131042	0.0013993829488754	0.14711064100266	-0.099102795124054
-0.0059622409753501	0.076600410044193	0.59836918115616	-0.023014023900032	-0.84107160568237	0.0030630938708782	0.00096262246370316	0.14408397674561	-0.10092932730913
-0.0056781475432217	0.073573566973209	0.59719979763031	-0.023498198017478	-0.8409720659256	0.0032849945127964	0.00083959102630615	0.14410442113876	-0.10085240751505
-0.0053628883324564	0.058060247451067	0.56956434249878	-0.023701684549451	-0.83995997905731	0.0084415338933468	0.00079343467950821	0.14299076795578	-0.1005921587348
-0.0053135300986469	0.056927882134914	0.56944113969803	-0.02392640337348	-0.83917683362961	0.0090159997344017	0.00079235434532166	0.14308941364288	-0.10049634426832
-0.0050518051721156	0.043175101280212	0.54236716032028	-0.023862984031439	-0.83759897947311	0.013836052268744	0.00072441250085831	0.14183115959167	-0.1003947108984
-0.0051433402113616	0.042772613465786	0.54226434230804	-0.023719981312752	-0.8365695476532	0.014505926519632	0.00076939165592194	0.14187467098236	-0.10035215318203
-0.0051090396009386	0.043261576443911	0.54367583990097	-0.023913145065308	-0.83644789457321	0.014430999755859	0.00075384229421616	0.14194655418396	-0.10036174952984
-0.0048482515849173	0.030380796641111	0.51696592569351	-0.023615315556526	-0.83435344696045	0.018629461526871	0.00067358091473579	0.14061796665192	-0.10031575709581
-0.005013913847506	0.030120762065053	0.51653605699539	-0.023245168849826	-0.83294457197189	0.019275411963463	0.00074850022792816	0.14063006639481	-0.10028304159641
-0.0047373860143125	0.017948625609279	0.49047529697418	-0.022773526608944	-0.83021032810211	0.022618424147367	0.00065383687615395	0.13925659656525	-0.10030160844326
-0.004896582569927	0.017872378230095	0.49032321572304	-0.022389886900783	-0.828517973423	0.02315966039896	0.00072337687015533	0.13928043842316	-0.10026444494724
-0.0046174065209925	0.0062971743755043	0.46501821279526	-0.021838320419192	-0.82541573047638	0.025503288954496	0.0006246417760849	0.13789880275726	-0.10029979050159
-0.004790298640728	0.0062936958856881	0.46502235531807	-0.021376421675086	-0.82348740100861	0.025872845202684	0.00070115178823471	0.137934923172	-0.10025366395712
-0.0047652693465352	0.0069430852308869	0.46623158454895	-0.021436911076307	-0.82322132587433	0.025636747479439	0.00068812072277069	0.13797801733017	-0.1002845838666
-0.0044927052222192	-0.0043229819275439	0.44130888581276	-0.020927606150508	-0.82013112306595	0.026903994381428	0.00059778615832329	0.1365921497345	-0.10030493885279
-0.0046719252131879	-0.0044703632593155	0.44108551740646	-0.020479174330831	-0.81798309087753	0.027100529521704	0.00068094953894615	0.13662773370743	-0.10024388879538
-0.004390106536448	-0.015211632475257	0.41669827699661	-0.019955409690738	-0.81464475393295	0.026852440088987	0.00058414787054062	0.13521933555603	-0.10029839724302
-0.0045486530289054	-0.015248148702085	0.41670113801956	-0.019513869658113	-0.81252288818359	0.026751730591059	0.00065626949071884	0.13525933027267	-0.10024326294661
-0.0043005007319152	-0.025505315512419	0.3929868042469	-0.019359406083822	-0.80956721305847	0.024931125342846	0.00057999789714813	0.13386118412018	-0.10029165446758
-0.0044118841178715	-0.025497138500214	0.39311808347702	-0.01913052238524	-0.80760943889618	0.024617858231068	0.00063029304146767	0.13390326499939	-0.1002414226532
-0.0044032521545887	-0.024913709610701	0.39429146051407	-0.019124321639538	-0.80731165409088	0.024300262331963	0.00062901526689529	0.13395738601685	-0.10025754570961
-0.0041330372914672	-0.034920036792755	0.3708111345768	-0.019246287643909	-0.80527740716934	0.021218009293079	0.00054451823234558	0.13254332542419	-0.10031032562256
-0.0042659058235586	-0.035048566758633	0.37075638771057	-0.018974227830768	-0.80331879854202	0.020751025527716	0.00060836598277092	0.13258427381516	-0.1002461463213
-0.0040353122167289	-0.044596165418625	0.34775999188423	-0.018981732428074	-0.80167186260223	0.016034103929996	0.00053679570555687	0.13115882873535	-0.10032058507204
-0.0041036573238671	-0.04462793469429	0.3479617536068	-0.018811132758856	-0.79992771148682	0.015374910086393	0.00057587772607803	0.13121122121811	-0.1002551689744
-0.0039419294334948	-0.053747516125441	0.32546895742416	-0.018602322787046	-0.79955315589905	0.0093512274324894	0.00052975863218307	0.12977683544159	-0.10034526139498
-0.0039816205389798	-0.053739871829748	0.32586845755577	-0.01836359128356	-0.79813659191132	0.0086662098765373	0.00056661292910576	0.12984919548035	-0.10026372969151
-0.0039517455734313	-0.053220938891172	0.32709017395973	-0.01835085824132	-0.79774272441864	0.008463378995657	0.0005611889064312	0.12992882728577	-0.10025525838137
-0.0037625874392688	-0.062115643173456	0.30460658669472	-0.018510961905122	-0.79857927560806	0.0016823709011078	0.00049253180623055	0.12845259904861	-0.10037130117416
-0.0039202147163451	-0.062229756265879	0.30474108457565	-0.018371298909187	-0.7980180978775	0.0009915791451931	0.00057978183031082	0.12847816944122	-0.10040885955095
-0.0033479630947113	-0.070711977779865	0.29234826564789	-0.017872884869576	-0.79684764146805	0.00098709389567375	0.0010351315140724	0.12901085615158	-0.098082609474659
-0.0032408644910902	-0.070739597082138	0.29114854335785	-0.017591608688235	-0.79632371664047	0.00099091976881027	0.0010705944150686	0.12915295362473	-0.097806073725224
-0.0031200696248561	-0.078833028674126	0.26752915978432	-0.017766289412975	-0.79675304889679	0.00094879046082497	0.00094903260469437	0.12755972146988	-0.097886525094509
-0.0032796992454678	-0.078826144337654	0.26550769805908	-0.017574997618794	-0.79646992683411	0.00094399601221085	0.0010202098637819	0.12733858823776	-0.097960822284222
-0.0031725547742099	-0.086575962603092	0.24373996257782	-0.017787631601095	-0.79696053266525	0.00090485438704491	0.00093859806656837	0.12584453821182	-0.098024018108845
-0.0032848392147571	-0.086556173861027	0.24293881654739	-0.017560202628374	-0.79656684398651	0.00090302154421806	0.0010247118771076	0.12573623657227	-0.098067887127399
-0.0032163476571441	-0.086105585098267	0.24428626894951	-0.017425965517759	-0.79645848274231	0.00090558454394341	0.00098471343517303	0.12585574388504	-0.098029263317585
-0.0031213518232107	-0.09366475045681	0.22314740717411	-0.017685638740659	-0.79697489738464	0.00086735934019089	0.00092466548085213	0.12438553571701	-0.098080232739449
-0.0032123494893312	-0.093758434057236	0.22257505357265	-0.01743433251977	-0.79649305343628	0.00086648762226105	0.0010248478502035	0.12430822849274	-0.098114363849163
-0.0029887822456658	-0.10095167905092	0.20282624661922	-0.017690744251013	-0.79695117473602	0.0008307546377182	0.0009182021021843	0.12296324968338	-0.098094396293163
-0.0030642428901047	-0.10097358375788	0.20262457430363	-0.017434202134609	-0.79643696546555	0.0008307620882988	0.0010135620832443	0.12292146682739	-0.098120518028736
-0.0028308646287769	-0.10781764239073	0.18349163234234	-0.017701596021652	-0.79688274860382	0.00079570710659027	0.00090716779232025	0.12160271406174	-0.098084032535553
-0.0029186487663537	-0.10781022161245	0.18335773050785	-0.017432818189263	-0.79635965824127	0.00079595297574997	0.0010143853724003	0.12156462669373	-0.098118171095848
-0.0027943756431341	-0.10741929709911	0.18519143760204	-0.017301002517343	-0.79622250795364	0.0007997527718544	0.00095881707966328	0.1217468380928	-0.098061688244343
-0.0026439507491887	-0.11406322568655	0.16557596623898	-0.017638964578509	-0.796726167202	0.00076274573802948	0.00087554007768631	0.12032997608185	-0.098059207201004
-0.002762976102531	-0.11414737999439	0.16500435769558	-0.017382064834237	-0.79620116949081	0.000761978328228	0.0010001584887505	0.12024831771851	-0.098113425076008
-0.002635849872604	-0.11383281648159	0.16664573550224	-0.017256457358599	-0.7960638999939	0.00076558440923691	0.00094405747950077	0.12041640281677	-0.098061978816986
-0.0023992743808776	-0.12021791189909	0.14747260510921	-0.017545714974403	-0.79652518033981	0.00072920322418213	0.00086304545402527	0.11901837587357	-0.098049901425838
-0.0025120335631073	-0.12032080441713	0.1470211148262	-0.017530951648951	-0.7958557009697	0.00072897225618362	0.00095131620764732	0.11896258592606	-0.09807575494051
-0.0022033741697669	-0.12634387612343	0.12873719632626	-0.01776066981256	-0.79613465070724	0.00069314241409302	0.00082374736666679	0.11761552095413	-0.098046995699406
-0.0023246186319739	-0.12637032568455	0.12867303192616	-0.017724022269249	-0.79547452926636	0.00069392472505569	0.00091556832194328	0.11760294437408	-0.098064504563808
-0.0022995469626039	-0.12604987621307	0.13000150024891	-0.017740191891789	-0.7952521443367	0.0006968080997467	0.00091993063688278	0.11772406101227	-0.098053090274334
-0.0020579840056598	-0.13183127343655	0.11166435480118	-0.018103007227182	-0.79571616649628	0.00066043436527252	0.00082395970821381	0.11633574962616	-0.098030768334866
-0.0021703909151256	-0.13191139698029	0.1111855506897	-0.018108922988176	-0.79512923955917	0.00066006183624268	0.00091850012540817	0.11627680063248	-0.098075732588768
-0.0018807031447068	-0.1373570561409	0.093692347407341	-0.01845408603549	-0.79548239707947	0.00062502920627594	0.00080642849206924	0.11494797468185	-0.098032489418983
-0.0019856041762978	-0.13737526535988	0.093396410346031	-0.018463170155883	-0.79494339227676	0.00062468647956848	0.00088988244533539	0.11490094661713	-0.098084710538387
-0.0016979983774945	-0.14250254631042	0.076363310217857	-0.018796525895596	-0.79524463415146	0.00059012323617935	0.00078526511788368	0.11358314752579	-0.098040007054806
-0.0017916463548318	-0.14249539375305	0.076117858290672	-0.018808163702488	-0.79474455118179	0.00058972835540771	0.00085808709263802	0.1135379076004	-0.098097935318947
-0.0017601342406124	-0.14220160245895	0.077331334352493	-0.018847046419978	-0.79453855752945	0.00059217214584351	0.00084615871310234	0.11364114284515	-0.098098702728748
-0.0014933897182345	-0.14712405204773	0.060211043804884	-0.019165713340044	-0.79482519626617	0.00055688619613647	0.00075357034802437	0.11228674650192	-0.098052330315113
-0.0015972944675013	-0.14718452095985	0.05967316403985	-0.019184317439795	-0.79436546564102	0.00055590271949768	0.00083085522055626	0.11221450567245	-0.098115801811218
-0.0019357471028343	-0.15179197490215	0.033787947148085	-0.019409593194723	-0.7978133559227	0.00048007071018219	0.00030798092484474	0.10887652635574	-0.10026036202908
-0.0017316854791716	-0.15180349349976	0.036616265773773	-0.019428677856922	-0.79800575971603	0.00048667192459106	0.00023001059889793	0.10899615287781	-0.1004336848855
-0.0015953649999574	-0.15155176818371	0.039498053491116	-0.019455825909972	-0.79791641235352	0.0004936009645462	0.00019940361380577	0.10923534631729	-0.10042285174131
-0.001207169261761	-0.15592782199383	0.025058990344405	-0.019447615370154	-0.79780620336533	0.0060904398560524	0.00016014650464058	0.10811549425125	-0.10027017444372
-0.0012047253549099	-0.15598505735397	0.02549354173243	-0.019424874335527	-0.79795300960541	0.0065465420484543	0.00015563517808914	0.1081428527832	-0.10031969845295
-0.0008952971547842	-0.1600484251976	0.010275612585247	-0.019460691139102	-0.79696995019913	0.011728778481483	0.00011328607797623	0.10690367221832	-0.10024498403072
-0.00094045698642731	-0.16005854308605	0.01041625905782	-0.019458657130599	-0.79647076129913	0.012362271547318	0.00012293830513954	0.10692453384399	-0.10024974495173
-0.00096203974680975	-0.15983684360981	0.011385497637093	-0.019424116238952	-0.79662668704987	0.012370944023132	0.0001259408891201	0.10699874162674	-0.10026226937771
-0.00064861186547205	-0.16366402804852	-0.0043113064020872	-0.019471757113934	-0.79512667655945	0.016846932470798	7.4703246355057e-05	0.10565835237503	-0.10025024414062
-0.0007266600150615	-0.16371335089207	-0.0045104692690074	-0.019451150670648	-0.79416078329086	0.017554350197315	9.6350908279419e-05	0.10565787553787	-0.10023932158947
-0.00043765347800218	-0.16723370552063	-0.020058294758201	-0.019515123218298	-0.79217123985291	0.021453022956848	4.8361718654633e-05	0.10428458452225	-0.10026408731937
-0.00050208641914651	-0.16724100708961	-0.020134592428803	-0.019505059346557	-0.79103827476501	0.022121608257294	6.5021216869354e-05	0.10429644584656	-0.10024227946997
-0.00023011650773697	-0.17046554386616	-0.035384900867939	-0.019640363752842	-0.78888428211212	0.02517331391573	2.71275639534e-05	0.10292166471481	-0.10027015954256
-0.00028311839560047	-0.17045576870441	-0.035360965877771	-0.019698057323694	-0.78751415014267	0.025773242115974	4.1186809539795e-05	0.10294616222382	-0.10024163126945
-2.9242939945107e-06	-0.17340126633644	-0.05036349594593	-0.019714886322618	-0.78516125679016	0.027855835855007	7.4878334999084e-07	0.10156524181366	-0.10027500987053
-6.4817293605302e-05	-0.17338505387306	-0.050283037126064	-0.019746219739318	-0.78355246782303	0.02829022705555	2.0202249288559e-05	0.10159802436829	-0.10024254769087
-0.00010778940486489	-0.17320771515369	-0.049573883414268	-0.019671514630318	-0.78357249498367	0.028267279267311	3.4600496292114e-05	0.10165429115295	-0.10024625808001
0.0002323300432181	-0.17593336105347	-0.064465746283531	-0.019579449668527	-0.78147119283676	0.029228247702122	-2.3398548364639e-05	0.10026484727859	-0.10027585178614
0.00014972288045101	-0.17596115171909	-0.064571842551231	-0.019578613340855	-0.77988237142563	0.029417514801025	7.3611736297607e-06	0.10028165578842	-0.10024508833885
0.00048488340689801	-0.17839375138283	-0.079228922724724	-0.01944288611412	-0.77756959199905	0.028861105442047	-5.4016709327698e-05	0.098884105682373	-0.10027980059385
0.00037413209793158	-0.17839314043522	-0.079203858971596	-0.019348610192537	-0.77595090866089	0.028761021792889	-1.1876225471497e-05	0.098909676074982	-0.10025075823069
0.00036077006370761	-0.17825561761856	-0.078536666929722	-0.019409038126469	-0.77592694759369	0.028661631047726	-5.1818788051605e-06	0.098967611789703	-0.10025137662888
0.00073712749872357	-0.18044039607048	-0.093030072748661	-0.019512012600899	-0.77421468496323	0.026485152542591	-7.4487179517746e-05	0.097561717033386	-0.10028384625912
0.00060885294806212	-0.18046420812607	-0.09307835996151	-0.019437873736024	-0.7724317908287	0.026141338050365	-2.5134533643723e-05	0.09758198261261	-0.10025773197412
0.00060741975903511	-0.18035808205605	-0.092495657503605	-0.019534438848495	-0.77227425575256	0.02602231502533	-2.2828578948975e-05	0.097637057304382	-0.10025320202112
0.00098094495479017	-0.18227805197239	-0.10691668838263	-0.019928073510528	-0.77122938632965	0.022099815309048	-9.1232359409332e-05	0.096211493015289	-0.10029549896717
0.00090902572264895	-0.1823041588068	-0.10691003501415	-0.019902639091015	-0.76954251527786	0.021562747657299	-5.9906393289566e-05	0.096235156059265	-0.10026290267706
0.0011939005926251	-0.18392479419708	-0.12100528180599	-0.019746992737055	-0.76905411481857	0.015997886657715	-9.3154609203339e-05	0.094813942909241	-0.1003105789423
0.0011625317856669	-0.18392352759838	-0.1208146288991	-0.019735233858228	-0.76757448911667	0.015222266316414	-7.1343034505844e-05	0.094855546951294	-0.10027412325144
0.0014536263188347	-0.18525405228138	-0.13459348678589	-0.019685002043843	-0.76814347505569	0.0082768052816391	-0.00010783225297928	0.093439280986786	-0.10032718628645
0.0014415570767596	-0.18524193763733	-0.13427418470383	-0.019610304385424	-0.7669198513031	0.0074698701500893	-9.005144238472e-05	0.093493103981018	-0.10028474032879
0.0016628336161375	-0.18629197776318	-0.14800263941288	-0.019459076225758	-0.76829075813293	0.00031871348619461	-4.8276036977768e-05	0.092108309268951	-0.10015143454075
0.0017446234123781	-0.18627569079399	-0.14623326063156	-0.019390324130654	-0.76765638589859	0.00031650066375732	3.8281083106995e-05	0.092493772506714	-0.099829629063606
0.0017775696469471	-0.18620494008064	-0.14505529403687	-0.019380010664463	-0.76758450269699	0.00031576305627823	3.7472695112228e-05	0.092682838439941	-0.099787786602974
0.0022400501184165	-0.18699906766415	-0.1559269875288	-0.019234839826822	-0.76764214038849	0.00032347440719604	0.0002100020647049	0.091980457305908	-0.098949432373047
0.0021650465205312	-0.18699955940247	-0.1570215523243	-0.019192773848772	-0.76732808351517	0.00032409280538559	0.00029600784182549	0.091952741146088	-0.098832868039608
0.0024429857730865	-0.18750578165054	-0.17071056365967	-0.019276717677712	-0.76799333095551	0.00034179538488388	0.00026056170463562	0.090538203716278	-0.098823241889477
0.0023644391912967	-0.18749487400055	-0.17214457690716	-0.019246743991971	-0.76774305105209	0.00034452974796295	0.00029196217656136	0.090346395969391	-0.098833687603474
0.0026795750018209	-0.1877153813839	-0.18494614958763	-0.019324578344822	-0.76847219467163	0.00036308914422989	0.0002458356320858	0.088972270488739	-0.098835743963718
0.002627112204209	-0.18770000338554	-0.18572001159191	-0.019292654469609	-0.76810294389725	0.00036489963531494	0.00027124956250191	0.088850259780884	-0.098836824297905
0.0026564926374704	-0.18767656385899	-0.18424865603447	-0.019302446395159	-0.76802563667297	0.00036285817623138	0.00025638192892075	0.089036524295807	-0.098821900784969
0.0029642002191395	-0.18762142956257	-0.19714227318764	-0.019383244216442	-0.76888912916183	0.00037983804941177	0.00022570043802261	0.087612390518188	-0.098834373056889
0.0029092298354954	-0.18761013448238	-0.19807563722134	-0.01935026422143	-0.76845026016235	0.00038141757249832	0.00025791302323341	0.087460219860077	-0.098846651613712
0.0032796182204038	-0.1872678399086	-0.20975118875504	-0.019411226734519	-0.7692015171051	0.00039712339639664	0.00021456182003021	0.086156129837036	-0.098848149180412
0.0032426419202238	-0.18725246191025	-0.21019569039345	-0.019376568496227	-0.76870363950729	0.00039787590503693	0.00023802369832993	0.086067855358124	-0.098856091499329
0.0036263852380216	-0.18662329018116	-0.22144709527493	-0.019427480176091	-0.76945322751999	0.00041341781616211	0.00019635632634163	0.084786236286163	-0.098851062357426
0.0035935179330409	-0.18660628795624	-0.22178000211716	-0.019398510456085	-0.76893430948257	0.0004139319062233	0.00021574273705482	0.084713816642761	-0.098859041929245
0.0036323312669992	-0.18662968277931	-0.21998952329159	-0.019412618130445	-0.76879745721817	0.00041127949953079	0.00019662454724312	0.084944069385529	-0.098850890994072
0.003974128048867	-0.18570695817471	-0.23213203251362	-0.01945697888732	-0.76964038610458	0.00042863935232162	0.00017720833420753	0.083512723445892	-0.098850175738335
0.0039314497262239	-0.18568313121796	-0.23287925124168	-0.019431829452515	-0.76908427476883	0.00042984634637833	0.00020231679081917	0.083385467529297	-0.098863042891026
0.0043346500024199	-0.18447333574295	-0.24378764629364	-0.019450802356005	-0.76972389221191	0.00044570863246918	0.00016680732369423	0.082076072692871	-0.098858252167702
0.0043090088292956	-0.18445301055908	-0.24403542280197	-0.019426684826612	-0.7691575884819	0.00044609606266022	0.0001806728541851	0.082017302513123	-0.098871596157551
0.0043475665152073	-0.18450674414635	-0.24232134222984	-0.01944550126791	-0.76898771524429	0.00044339895248413	0.00015754997730255	0.082240879535675	-0.098870359361172
0.0047317300923169	-0.18299394845963	-0.25377926230431	-0.019473465159535	-0.76978880167007	0.00046044588088989	0.0001353807747364	0.080838143825531	-0.098849914968014
0.0046837320551276	-0.18296079337597	-0.25457143783569	-0.019461888819933	-0.76928108930588	0.00046167522668839	0.00015532597899437	0.080705285072327	-0.098871976137161
0.0051072505302727	-0.1811608672142	-0.26503044366837	-0.019463462755084	-0.76984751224518	0.00047781318426132	0.00012454017996788	0.079384982585907	-0.098862834274769
0.0050822892226279	-0.18113704025745	-0.26527163386345	-0.019456289708614	-0.76932948827744	0.00047802925109863	0.00013257190585136	0.07932710647583	-0.098886549472809
0.0055201458744705	-0.17904753983021	-0.27535310387611	-0.019450593739748	-0.76983618736267	0.00049395859241486	0.00010180100798607	0.078023910522461	-0.098871678113937
0.005492078140378	-0.17902772128582	-0.27554801106453	-0.019451655447483	-0.76934295892715	0.00049417465925217	0.00010861828923225	0.077972650527954	-0.098899438977242
0.0055040647275746	-0.17913129925728	-0.27408707141876	-0.019489431753755	-0.76916891336441	0.00049173086881638	9.0170651674271e-05	0.078163206577301	-0.098909676074982
0.0059349741786718	-0.17671747505665	-0.28480485081673	-0.01946197077632	-0.76971000432968	0.00050894916057587	6.788969039917e-05	0.076745450496674	-0.098885014653206
0.0059053543955088	-0.17667165398598	-0.28532820940018	-0.019467886537313	-0.76924121379852	0.00050985813140869	7.2292983531952e-05	0.07664966583252	-0.098913714289665
0.006361979059875	-0.17396938800812	-0.29514610767365	-0.019426301121712	-0.76956182718277	0.00052616745233536	4.364550113678e-05	0.07530403137207	-0.098904386162758
0.006336328573525	-0.17394068837166	-0.2952333688736	-0.019400153309107	-0.76920920610428	0.0005265399813652	1.3381242752075e-05	0.075241684913635	-0.099001660943031
0.0066276388242841	-0.1709476262331	-0.30712035298347	-0.019780941307545	-0.77144247293472	0.0018387362360954	-0.00037027895450592	0.072990894317627	-0.1002157703042
0.0067004142329097	-0.17092609405518	-0.30620184540749	-0.019810259342194	-0.77161008119583	0.0017176046967506	-0.00043681636452675	0.072981297969818	-0.10035036504269
0.0067164888605475	-0.17107935249805	-0.30485662817955	-0.019778301939368	-0.77148872613907	0.001567117869854	-0.0004439651966095	0.073125243186951	-0.1003809645772
0.0072491774335504	-0.16774183511734	-0.31360372900963	-0.019839152693748	-0.77134865522385	0.0060528665781021	-0.00047289207577705	0.071835219860077	-0.10036998987198
0.0072583998553455	-0.16768239438534	-0.31353211402893	-0.019926371052861	-0.77112835645676	0.0064835697412491	-0.00047668814659119	0.071833372116089	-0.10038992762566
0.0077623222023249	-0.16405646502972	-0.32233121991158	-0.020151628181338	-0.7703310251236	0.010543346405029	-0.00049996003508568	0.070500373840332	-0.10039172321558
0.007795796263963	-0.16402253508568	-0.32229533791542	-0.020520407706499	-0.76970261335373	0.011107496917248	-0.00051998347043991	0.070510387420654	-0.10038934648037
0.0083126127719879	-0.16010384261608	-0.33097547292709	-0.020845135673881	-0.76810479164124	0.014660492539406	-0.00053451955318451	0.069153845310211	-0.10040153563023
0.0082775959745049	-0.16008049249649	-0.33091709017754	-0.021018538624048	-0.76684588193893	0.015330240130424	-0.00053034350275993	0.069178283214569	-0.10038124024868
0.0082105109468102	-0.1602845788002	-0.33051750063896	-0.020906377583742	-0.76675057411194	0.015328243374825	-0.00051485747098923	0.069236695766449	-0.1003891825676
0.0088011426851153	-0.15600255131721	-0.33910697698593	-0.021254336461425	-0.76469719409943	0.018201060593128	-0.00054919719696045	0.067849934101105	-0.10040902346373
0.0087851295247674	-0.15592941641808	-0.33913239836693	-0.02153236605227	-0.76300060749054	0.018884226679802	-0.0005505234003067	0.067868053913116	-0.10037967562675
0.0093527920544147	-0.15135888755322	-0.34751376509666	-0.021887473762035	-0.76022726297379	0.02094642072916	-0.00057579204440117	0.066470324993134	-0.10040832310915
0.0093208234757185	-0.15131960809231	-0.34746420383453	-0.022173807024956	-0.75825273990631	0.021539576351643	-0.0005725733935833	0.066500425338745	-0.10037694871426
0.0099493302404881	-0.14645577967167	-0.35555195808411	-0.023190401494503	-0.75490093231201	0.022686742246151	-0.00060823559761047	0.065107047557831	-0.10040547698736
0.0098889051005244	-0.14643061161041	-0.35543715953827	-0.023648669943213	-0.75258308649063	0.023114733397961	-0.00060165673494339	0.065146863460541	-0.1003720536828
0.010556312277913	-0.14125700294971	-0.36326670646667	-0.024249132722616	-0.74909603595734	0.02324852347374	-0.00064869597554207	0.0637486577034	-0.10040467232466
0.010411540046334	-0.14123733341694	-0.36313179135323	-0.024249609559774	-0.74648994207382	0.023371875286102	-0.00060731545090675	0.06379234790802	-0.1003729775548
0.010366830974817	-0.14151477813721	-0.36281132698059	-0.024227660149336	-0.74591445922852	0.02323554456234	-0.00059447437524796	0.06385213136673	-0.10037438571453
0.011143527925014	-0.13594582676888	-0.3704352080822	-0.024714775383472	-0.74327224493027	0.022230356931686	-0.00066538900136948	0.062439560890198	-0.10040517151356
0.011009301990271	-0.13585536181927	-0.37034004926682	-0.024771548807621	-0.7406821846962	0.022111132740974	-0.00062387436628342	0.062474250793457	-0.10037303715944
0.011757366359234	-0.12999728322029	-0.3777080476284	-0.025068771094084	-0.73776531219482	0.019589588046074	-0.00067974254488945	0.061066031455994	-0.10040313005447
0.011649602092803	-0.12995137274265	-0.37758538126945	-0.025074938312173	-0.73533934354782	0.019230052828789	-0.00064299628138542	0.061102628707886	-0.10037563741207
0.011634179390967	-0.13024871051311	-0.3772921860218	-0.02516252361238	-0.73480987548828	0.019063800573349	-0.00063934922218323	0.061163723468781	-0.10037172585726
0.012408706359565	-0.1240136474371	-0.38444644212723	-0.025149911642075	-0.73341077566147	0.01541730761528	-0.00069687142968178	0.059741079807281	-0.1004036962986
0.012330337427557	-0.12390764057636	-0.38432431221008	-0.024978507310152	-0.73131263256073	0.014922551810741	-0.00066497176885605	0.059770941734314	-0.10037870705128
0.013114672154188	-0.11739236861467	-0.39120757579803	-0.024987487122416	-0.73080325126648	0.0099189206957817	-0.00071173161268234	0.058351933956146	-0.1004256606102
0.01309139188379	-0.11734053492546	-0.39109161496162	-0.024951616302133	-0.72988247871399	0.0093730762600899	-0.00070041045546532	0.058370530605316	-0.10040698945522
0.013061366975307	-0.11767063289881	-0.3907582461834	-0.02492444217205	-0.72967523336411	0.0093314200639725	-0.0006987527012825	0.058442413806915	-0.10039750486612
0.013763352297246	-0.11077252775431	-0.3973169028759	-0.024774583056569	-0.72981935739517	0.0035301744937897	-0.00071285665035248	0.05703592300415	-0.10042564570904
0.013819725252688	-0.11065571755171	-0.39720684289932	-0.02484473772347	-0.72892987728119	0.0028918385505676	-0.00071383267641068	0.057050585746765	-0.10040848702192
0.014346674084663	-0.13596023619175	-0.42924371361732	-0.024904347956181	-0.72897922992706	0.00073885172605515	-0.00062602013349533	0.056366622447968	-0.098133310675621
0.014373515732586	-0.13711677491665	-0.42919373512268	-0.02492493391037	-0.72838747501373	0.00074249505996704	-0.00057905167341232	0.056603312492371	-0.097925752401352
0.013105833902955	-0.23563750088215	-0.49818992614746	-0.024866733700037	-0.72662460803986	0.00071877241134644	-0.00044989958405495	0.058697879314423	-0.092817060649395
0.013090707361698	-0.238843947649	-0.49806079268456	-0.024744270369411	-0.7258106470108	0.00071375072002411	-0.00037940964102745	0.059128522872925	-0.092518292367458
0.013116393238306	-0.23557075858116	-0.49449327588081	-0.024700896814466	-0.72553426027298	0.00071237236261368	-0.00032620877027512	0.05929571390152	-0.092618599534035
0.010584023781121	-0.33874490857124	-0.54268223047256	-0.024642072618008	-0.7227098941803	0.00066421180963516	-0.00017398223280907	0.063272833824158	-0.088204890489578
0.010666106827557	-0.34109887480736	-0.53932267427444	-0.024634964764118	-0.72147631645203	0.00065451115369797	-0.00014699622988701	0.063970685005188	-0.088094346225262
0.007822304032743	-0.43504592776299	-0.55416452884674	-0.025117583572865	-0.71684741973877	0.00056827068328857	-0.00017807632684708	0.070355236530304	-0.084337905049324
0.0077797421254218	-0.43563821911812	-0.54798495769501	-0.025532111525536	-0.71582049131393	0.00055797398090363	3.8608908653259e-05	0.07130354642868	-0.084200508892536
0.0049229781143367	-0.50484222173691	-0.52713584899902	-0.026524152606726	-0.71045577526093	0.00045160204172134	1.1101365089417e-05	0.079201340675354	-0.081283681094646
0.0049948575906456	-0.50411921739578	-0.51971274614334	-0.027074325829744	-0.70939260721207	0.0004403218626976	0.0002339631319046	0.080231845378876	-0.081040933728218
0.0019304549787194	-0.53715366125107	-0.45987862348557	-0.027709307149053	-0.70295131206512	0.00032887607812881	0.00063376128673553	0.089380264282227	-0.079138971865177
0.0023642205633223	-0.53546398878098	-0.45233789086342	-0.028202278539538	-0.70198857784271	0.00031472742557526	0.00067778304219246	0.090377330780029	-0.078758865594864
0.0028837330173701	-0.53240412473679	-0.45589780807495	-0.028356943279505	-0.70179450511932	0.00031961500644684	0.0004909560084343	0.089849531650543	-0.078844673931599
-1.7046180801117e-05	-0.52661067247391	-0.36216220259666	-0.029974400997162	-0.69471180438995	0.00031377375125885	0.00072989612817764	0.099428653717041	-0.07818952947855
0.00024781870888546	-0.52517241239548	-0.35360464453697	-0.03053473867476	-0.69358503818512	0.00034988671541214	0.00087959319353104	0.10051304101944	-0.077738836407661
-0.002142324578017	-0.48264148831367	-0.22850957512856	-0.032813914120197	-0.6861891746521	0.00058149546384811	0.0011383555829525	0.11050516366959	-0.078180521726608
-0.0017669810913503	-0.48066839575768	-0.22034546732903	-0.033593095839024	-0.68532639741898	0.00061120837926865	0.0013177022337914	0.11153769493103	-0.077666208148003
-0.0023824924137443	-0.40894049406052	-0.075958944857121	-0.034475315362215	-0.68008178472519	0.00080031156539917	0.00075668841600418	0.12085837125778	-0.079501435160637
-0.0020751820411533	-0.40704333782196	-0.065929211676121	-0.035010866820812	-0.67924004793167	0.00084474682807922	0.00085534900426865	0.12217003107071	-0.078318059444427
-0.0044336458668113	-0.31459423899651	0.08971231430769	-0.036671537905931	-0.67328101396561	0.0010225474834442	0.0014906674623489	0.13052558898926	-0.081261768937111
-0.0038951109163463	-0.31306019425392	0.096856720745564	-0.037301056087017	-0.67202520370483	0.001061100512743	0.0016658753156662	0.1315615773201	-0.080228939652443
-0.0058713331818581	-0.20802982151508	0.25506421923637	-0.039724994450808	-0.66699486970901	0.0012126751244068	0.0023776516318321	0.13846135139465	-0.084136255085468
-0.0044973706826568	-0.20696252584457	0.25822052359581	-0.040289539843798	-0.66647720336914	0.001231923699379	0.0019051879644394	0.13895630836487	-0.083709716796875
-0.0044421902857721	-0.097311593592167	0.41154086589813	-0.0416479408741	-0.66310685873032	0.0013564638793468	0.0012050196528435	0.14413350820541	-0.088066302239895
-0.0047449921257794	-0.096744492650032	0.41102266311646	-0.04163233935833	-0.66328090429306	0.0013618022203445	0.0012834295630455	0.1440464258194	-0.088296622037888
-0.0049344906583428	0.0090927490964532	0.5470626950264	-0.042489483952522	-0.66140949726105	0.0014557987451553	0.00091936439275742	0.14714467525482	-0.093183062970638
-0.0052356529049575	0.0091319493949413	0.54652565717697	-0.042324542999268	-0.66177928447723	0.001457940787077	0.0010366067290306	0.14706474542618	-0.09334210306406
-0.0054502259008586	0.0031999018974602	0.53779417276382	-0.042194973677397	-0.66198319196701	0.0014500059187412	0.0011553093791008	0.14675325155258	-0.093264132738113
-0.0055515146814287	-0.0010106165427715	0.5317839384079	-0.042107950896025	-0.66212952136993	0.001444585621357	0.0012457817792892	0.14654624462128	-0.09320192784071
-0.0055934553965926	-0.0036634700372815	0.5279626250267	-0.042041573673487	-0.66227746009827	0.0014404244720936	0.0012959986925125	0.14640027284622	-0.093193888664246
-0.0055554588325322	-0.0053084744140506	0.52574008703232	-0.041987605392933	-0.66239523887634	0.0014379806816578	0.0013094246387482	0.14631950855255	-0.093182019889355
-0.0055194892920554	-0.006326044909656	0.52447831630707	-0.04195524007082	-0.6624630689621	0.0014368407428265	0.0013259276747704	0.14627891778946	-0.093169830739498
-0.0055633634328842	0.091647349298	0.63579744100571	-0.042430683970451	-0.66198134422302	0.0014833472669125	0.0010804012417793	0.14713901281357	-0.098659612238407
-0.005729210563004	0.094939067959785	0.63970762491226	-0.042299993336201	-0.66237336397171	0.0014827325940132	0.0011611729860306	0.14706134796143	-0.099055327475071
-0.0061822780407965	0.091757103800774	0.62900364398956	-0.042341217398643	-0.66299545764923	0.0030163191258907	0.00098801404237747	0.14547461271286	-0.10095731914043
-0.0058913663960993	0.089314371347427	0.62910825014114	-0.042561035603285	-0.66275572776794	0.0032155849039555	0.00088194012641907	0.14556562900543	-0.10088023543358
-0.0057153878733516	0.087760776281357	0.62989234924316	-0.042633801698685	-0.66254568099976	0.0033572353422642	0.00085041671991348	0.14576667547226	-0.10068560391665
-0.0055460757575929	0.086796090006828	0.63098466396332	-0.042787153273821	-0.66028493642807	0.0086049102246761	0.00083794444799423	0.14598429203033	-0.10047668963671
-0.0055096484720707	0.086199298501015	0.63108259439468	-0.04294977337122	-0.65948694944382	0.0091438181698322	0.00083014369010925	0.14605575799942	-0.10041968524456
-0.005402663256973	0.085830293595791	0.63150668144226	-0.043067872524261	-0.65660881996155	0.014052733778954	0.00080373138189316	0.14612627029419	-0.10034194588661
-0.0054642236791551	0.085602000355721	0.63143372535706	-0.043106969445944	-0.65550553798676	0.01467963680625	0.00082588940858841	0.14615505933762	-0.10031624138355
-0.0053255301900208	0.085460960865021	0.63164585828781	-0.043187040835619	-0.65206551551819	0.018928628414869	0.00077129155397415	0.14617168903351	-0.10029575228691
-0.0054583800956607	0.085373640060425	0.63158756494522	-0.04319978877902	-0.65063083171844	0.019552048295736	0.00082392990589142	0.14620041847229	-0.10026191174984
-0.0054590315558016	0.085319682955742	0.63137429952621	-0.043402511626482	-0.65055817365646	0.019382536411285	0.00081881880760193	0.14616650342941	-0.10030303150415
-0.0053652240894735	0.085286296904087	0.63159370422363	-0.043687921017408	-0.64659225940704	0.022748190909624	0.00079065561294556	0.14616966247559	-0.10030592232943
-0.0054251048713923	0.085265651345253	0.63167196512222	-0.044103674590588	-0.64476764202118	0.023422244936228	0.000808946788311	0.14622104167938	-0.10024212300777
-0.0054559889249504	0.08525288105011	0.6314252614975	-0.044282004237175	-0.64467388391495	0.023244060575962	0.00081373006105423	0.14618194103241	-0.10028079897165
-0.0053788423538208	0.085245087742805	0.63155788183212	-0.044460214674473	-0.64038568735123	0.025652844458818	0.00079266726970673	0.14617031812668	-0.10030283033848
-0.0054362192749977	0.085240118205547	0.6316853761673	-0.044849071651697	-0.6383301615715	0.026191204786301	0.00081261992454529	0.14622855186462	-0.10023009777069
-0.0053906971588731	0.085237100720406	0.63153237104416	-0.04509512335062	-0.63367104530334	0.027307610958815	0.00079160183668137	0.14617532491684	-0.10029631853104
-0.0054540410637856	0.085235185921192	0.63165414333344	-0.045521266758442	-0.63154721260071	0.027566958218813	0.000814288854599	0.14622843265533	-0.10022673010826
-0.0053755310364068	0.085234120488167	0.63148945569992	-0.045534919947386	-0.626913189888	0.027413941919804	0.00077007710933685	0.1461735367775	-0.1002910733223
-0.0055105462670326	0.085233382880688	0.6316282749176	-0.045419797301292	-0.62470722198486	0.027395483106375	0.00083109736442566	0.14622700214386	-0.10022288560867
-0.0055161900818348	0.085232943296432	0.63143181800842	-0.045399021357298	-0.62441557645798	0.027044747024775	0.00083460658788681	0.14619821310043	-0.10024853050709
-0.0054014795459807	0.085232697427273	0.63133406639099	-0.045438654720783	-0.62056237459183	0.025516949594021	0.00078298896551132	0.14615577459335	-0.10030293464661
-0.0055073881521821	0.085232503712177	0.63160920143127	-0.04537807777524	-0.61827617883682	0.025296676903963	0.00083676725625992	0.14622670412064	-0.10021810978651
-0.0055058039724827	0.085232399404049	0.63145136833191	-0.04544261097908	-0.61791676282883	0.024917639791965	0.00083960592746735	0.14620584249496	-0.10023579001427
-0.0054093664512038	0.085232309997082	0.63122463226318	-0.045471325516701	-0.61456590890884	0.021808113902807	0.00078977644443512	0.14614653587341	-0.10031175613403
-0.0054895477369428	0.085232354700565	0.63156342506409	-0.045443098992109	-0.61245954036713	0.021375648677349	0.00083488970994949	0.14622032642365	-0.10022407770157
-0.0054344870150089	0.085232302546501	0.63114559650421	-0.045405831187963	-0.60950267314911	0.016565132886171	0.00079558789730072	0.14614409208298	-0.10031801462173
-0.0054997336119413	0.085232265293598	0.63150638341904	-0.045271515846252	-0.60771375894547	0.01588861644268	0.00083871185779572	0.14621239900589	-0.10023146867752
-0.0054577854461968	0.085232198238373	0.63098329305649	-0.045316506177187	-0.60604012012482	0.0097858943045139	0.00080394744873047	0.14612305164337	-0.10034354031086
-0.0054835481569171	0.085232213139534	0.63146674633026	-0.0452586337924	-0.60453081130981	0.0090641006827354	0.00083541870117188	0.14620339870453	-0.10024210065603
-0.0054935682564974	0.085232220590115	0.63074791431427	-0.045251846313477	-0.60393464565277	0.0018657930195332	0.00081115961074829	0.14608800411224	-0.10038103163242
-0.0054874918423593	0.085232228040695	0.6317098736763	-0.045242864638567	-0.60334849357605	0.0014691278338432	0.00083289295434952	0.1462641954422	-0.10027346014977
-0.0047093234024942	0.085231676697731	0.642538189888	-0.04586174339056	-0.60130953788757	0.0015013553202152	0.0010519549250603	0.14833378791809	-0.097391784191132
-0.0051734889857471	0.085231997072697	0.64152652025223	-0.046257700771093	-0.60068809986115	0.0015100166201591	0.0014927536249161	0.14862078428268	-0.096970044076443
-0.0053094667382538	0.085232384502888	0.63858276605606	-0.04641181230545	-0.60062557458878	0.0015050210058689	0.0016175135970116	0.14846903085709	-0.09703466296196
-0.0054126596078277	0.085232585668564	0.63476538658142	-0.046645943075418	-0.60023069381714	0.0014955550432205	0.0016028881072998	0.14806282520294	-0.097367316484451
-0.0053129075095057	0.085232220590115	0.63415968418121	-0.046964667737484	-0.59978365898132	0.001495186239481	0.0015490725636482	0.1480450630188	-0.09729840606451
-0.005502425134182	0.085232391953468	0.63214552402496	-0.047432966530323	-0.5991507768631	0.0014894418418407	0.0016052946448326	0.1478083729744	-0.097498990595341
-0.0054858834482729	0.085232220590115	0.63138544559479	-0.048095520585775	-0.59800177812576	0.0014869719743729	0.0015750899910927	0.1477118730545	-0.097557954490185
-0.0053903399966657	0.085232071578503	0.63275969028473	-0.048632450401783	-0.5971856713295	0.001492440700531	0.0015765428543091	0.14793747663498	-0.097306527197361
