0	0	0	-1.3782032728195	0.18968170881271	0.0046223849058151	0.001491904258728	0.089442610740662	-0.10827764868736
-0.27787053585052	-0.16495695710182	-0.16676452755928	-1.3697669506073	0.16721524298191	0.0096973925828934	0.025809049606323	0.084701418876648	-0.098576560616493
-0.37463089823723	-0.22225075960159	-0.22491364181042	-1.369309425354	0.15369194746017	0.0087832733988762	0.033460676670074	0.080976247787476	-0.09535026550293
-0.40920731425285	-0.24189168214798	-0.24518686532974	-1.3694324493408	0.14457060396671	0.0081668049097061	0.036184132099152	0.079337000846863	-0.094266727566719
-0.21340489387512	-0.16349345445633	-0.11958514153957	-1.366889834404	0.16202713549137	0.0045526996254921	0.02131175994873	0.090840220451355	-0.09863855689764
-0.14687712490559	-0.13773015141487	-0.076425708830357	-1.3654178380966	0.16792462766171	0.0038749128580093	0.016408324241638	0.094206809997559	-0.099326245486736
-0.1297425031662	-0.13485756516457	-0.064453303813934	-1.3643878698349	0.16952478885651	0.003863699734211	0.014309167861938	0.095948338508606	-0.099142104387283
-0.12325219810009	-0.13580889999866	-0.059892110526562	-1.3639115095139	0.17033457756042	0.0038575977087021	0.013581991195679	0.096803307533264	-0.099105544388294
-0.12065321952105	-0.13683348894119	-0.058128103613853	-1.3637725114822	0.17069061100483	0.0038550347089767	0.013250052928925	0.097195148468018	-0.099074326455593
-0.12789241969585	-0.13783805072308	-0.060903504490852	-1.3639175891876	0.17051324248314	0.0038571879267693	0.013748049736023	0.096941471099854	-0.099101431667805
-0.1388093829155	-0.13811808824539	-0.065272435545921	-1.3640121221542	0.17012946307659	0.0038615614175797	0.014604449272156	0.096354603767395	-0.099174037575722
-0.14261223375797	-0.1379374563694	-0.066909089684486	-1.3638563156128	0.16996699571609	0.0038628578186035	0.014932870864868	0.096110939979553	-0.099170915782452
-0.14399734139442	-0.13821940124035	-0.067462831735611	-1.3637272119522	0.16984292864799	0.0038626566529274	0.015089273452759	0.096078872680664	-0.099123820662498
-0.15315936505795	-0.13885323703289	-0.070786543190479	-1.363844037056	0.16940435767174	0.0038657560944557	0.015870451927185	0.095656394958496	-0.099146373569965
-0.15642173588276	-0.13871905207634	-0.072047039866447	-1.3637359142303	0.16919572651386	0.0038667544722557	0.016179919242859	0.095446586608887	-0.099144816398621
-0.15765076875687	-0.13890951871872	-0.072476096451283	-1.3636457920074	0.16904954612255	0.0038666799664497	0.016332387924194	0.095407485961914	-0.099108435213566
-0.16683122515678	-0.13936953246593	-0.075637653470039	-1.363778591156	0.16860662400723	0.0038697272539139	0.017097055912018	0.094968557357788	-0.099141635000706
-0.17008605599403	-0.13911162316799	-0.076854720711708	-1.3636637926102	0.16840270161629	0.0038710609078407	0.017394185066223	0.094745397567749	-0.099147394299507
-0.18009601533413	-0.13937410712242	-0.080167315900326	-1.3637380599976	0.16794583201408	0.0038741230964661	0.018230199813843	0.094245076179504	-0.099187403917313
-0.18366345763206	-0.13915368914604	-0.081426724791527	-1.3635894060135	0.1677276045084	0.0038751438260078	0.018563508987427	0.09401535987854	-0.099183276295662
-0.19389210641384	-0.13944226503372	-0.084615290164948	-1.3636294603348	0.16725899279118	0.0038781017065048	0.019421219825745	0.093517422676086	-0.099216520786285
-0.206702247262	-0.1393795311451	-0.088420726358891	-1.3636161088943	0.16674642264843	0.003881998360157	0.020543217658997	0.092820405960083	-0.099292501807213
-0.22030298411846	-0.13918437063694	-0.092362985014915	-1.3635668754578	0.16623051464558	0.0038859769701958	0.021654784679413	0.092091202735901	-0.099328950047493
-0.23430091142654	-0.13899394869804	-0.096207931637764	-1.3634209632874	0.16566102206707	0.0038895606994629	0.022805392742157	0.091356515884399	-0.099377378821373
-0.23945444822311	-0.13902372121811	-0.097584575414658	-1.3631732463837	0.16536390781403	0.0038900300860405	0.023335576057434	0.09108030796051	-0.09934276342392
-0.25117507576942	-0.13941273093224	-0.10022299736738	-1.3633788824081	0.16504362225533	0.0038951933383942	0.024475276470184	0.090526938438416	-0.099351413547993
-0.25548189878464	-0.1394070237875	-0.10118446499109	-1.3635728359222	0.16498899459839	0.0038966163992882	0.024916887283325	0.09028947353363	-0.099325194954872
-0.2656421661377	-0.14111776649952	-0.10376535356045	-1.3634994029999	0.16479577124119	0.0038990527391434	0.025584995746613	0.090155363082886	-0.099001809954643
-0.27847546339035	-0.14185728132725	-0.10669998079538	-1.3633922338486	0.1643690019846	0.0039015114307404	0.026567339897156	0.089665293693542	-0.098944328725338
-0.2927163541317	-0.14252661168575	-0.10959672927856	-1.363321185112	0.16406583786011	0.0039032846689224	0.027822136878967	0.08905827999115	-0.09887919574976
-0.2982092499733	-0.14286515116692	-0.11058828979731	-1.3632650375366	0.16423021256924	0.0039036124944687	0.028477191925049	0.088760495185852	-0.098857633769512
-0.30008351802826	-0.14302864670753	-0.11092852056026	-1.3632371425629	0.16434551775455	0.0039037093520164	0.028640031814575	0.088682413101196	-0.098837316036224
-0.30994069576263	-0.14296773076057	-0.11282400041819	-1.3632452487946	0.16402009129524	0.0039057582616806	0.02929151058197	0.088244199752808	-0.098892614245415
-0.31372007727623	-0.14271742105484	-0.11354497075081	-1.3631981611252	0.16411456465721	0.0039061605930328	0.029680609703064	0.087993144989014	-0.098884515464306
-0.32438018918037	-0.14269028604031	-0.11542380601168	-1.3631266355515	0.16379806399345	0.0039084851741791	0.030406594276428	0.087534785270691	-0.098915450274944
-0.33803531527519	-0.14262993633747	-0.11763422936201	-1.3630367517471	0.16335935890675	0.0039097368717194	0.031548619270325	0.086890459060669	-0.098861984908581
-0.34337940812111	-0.14306220412254	-0.11837766319513	-1.362930893898	0.16358006000519	0.0039096176624298	0.032216191291809	0.086615443229675	-0.098816677927971
-0.35479733347893	-0.14321503043175	-0.11994807422161	-1.3629702329636	0.16325704753399	0.0039111822843552	0.033069670200348	0.086111426353455	-0.09886834025383
-0.35915392637253	-0.14325837790966	-0.12054640054703	-1.3629447221756	0.16355955600739	0.0039114952087402	0.033529222011566	0.085861682891846	-0.09883213788271
-0.37010070681572	-0.14321018755436	-0.12200848013163	-1.3630019426346	0.16331894695759	0.0039130002260208	0.034263849258423	0.085403919219971	-0.098852105438709
-0.38381913304329	-0.1429671049118	-0.12371391057968	-1.3630133867264	0.16313225030899	0.0039143934845924	0.035319924354553	0.084751129150391	-0.098830990493298
-0.39879700541496	-0.14329625666142	-0.12530833482742	-1.3629319667816	0.163130402565	0.0039150267839432	0.036606550216675	0.084088325500488	-0.098784245550632
-0.41421580314636	-0.14359255135059	-0.12669007480145	-1.3629049062729	0.16324791312218	0.0039158761501312	0.037903010845184	0.083382368087769	-0.098767951130867
-0.41994887590408	-0.14399367570877	-0.12713858485222	-1.3628536462784	0.16374357044697	0.0039157494902611	0.038502871990204	0.083096742630005	-0.098724521696568
-0.43145966529846	-0.14378426969051	-0.12805414199829	-1.3629086017609	0.16368044912815	0.0039171054959297	0.039226949214935	0.082613587379456	-0.098771631717682
-0.43573650717735	-0.14366985857487	-0.12838318943977	-1.362889289856	0.16396091878414	0.0039174184203148	0.039628982543945	0.082353472709656	-0.098790034651756
-0.44684344530106	-0.14307923614979	-0.12921731173992	-1.362876534462	0.16375680267811	0.0039188414812088	0.040310621261597	0.081852197647095	-0.098813883960247
-0.45120790600777	-0.14361755549908	-0.12940037250519	-1.3628484010696	0.16401651501656	0.003918319940567	0.040845394134521	0.081643342971802	-0.098791234195232
-0.45274966955185	-0.14385777711868	-0.1294419169426	-1.3628733158112	0.16425402462482	0.0039181187748909	0.040996193885803	0.081586480140686	-0.098774746060371
-0.45315998792648	-0.14372953772545	-0.12946011126041	-1.3629397153854	0.16436418890953	0.0039184391498566	0.040964961051941	0.081569790840149	-0.098802894353867
-0.45926254987717	-0.15771748125553	-0.14545081555843	-1.3634967803955	0.16373257339001	0.0039231926202774	0.041167855262756	0.080698847770691	-0.098625421524048
-0.46200370788574	-0.15954805910587	-0.15112440288067	-1.3640401363373	0.16321405768394	0.0039265006780624	0.041219055652618	0.079888939857483	-0.098794467747211
-0.46315905451775	-0.15893459320068	-0.15329232811928	-1.3643684387207	0.16293081641197	0.0039281770586967	0.041207551956177	0.079444646835327	-0.098861932754517
-0.44874966144562	-0.20610153675079	-0.19946075975895	-1.365140914917	0.16402330994606	0.0060014054179192	0.039901733398438	0.07934832572937	-0.096265554428101
-0.41079172492027	-0.27079403400421	-0.25372922420502	-1.3650939464569	0.16791778802872	0.0096941962838173	0.036940693855286	0.080980062484741	-0.092524074018002
-0.39743363857269	-0.29336938261986	-0.2726514339447	-1.3650860786438	0.16948087513447	0.010881341993809	0.035856246948242	0.081489086151123	-0.091233819723129
-0.39287427067757	-0.30121368169785	-0.27924913167953	-1.3650205135345	0.16985714435577	0.011219456791878	0.035496294498444	0.081642627716064	-0.090787075459957
-0.34357038140297	-0.34580960869789	-0.30898308753967	-1.3647321462631	0.17461584508419	0.013782352209091	0.031688690185547	0.084017157554626	-0.088220618665218
-0.26771226525307	-0.39355182647705	-0.33207818865776	-1.3643326759338	0.18244585394859	0.016574688255787	0.025645852088928	0.087775468826294	-0.085440024733543
-0.24112318456173	-0.41019353270531	-0.34013104438782	-1.3642963171005	0.18546965718269	0.017459318041801	0.023423671722412	0.088953256607056	-0.084473051130772
-0.23198780417442	-0.41595920920372	-0.34293892979622	-1.364198923111	0.18634048104286	0.017696797847748	0.022669196128845	0.089332103729248	-0.084136962890625
-0.16505856812	-0.43705034255981	-0.3387405872345	-1.3637861013412	0.19325739145279	0.01907342672348	0.017011642456055	0.09282386302948	-0.082756444811821
-0.14148290455341	-0.44441720843315	-0.33727684617043	-1.3637366294861	0.1960893124342	0.019519455730915	0.014905452728271	0.093960881233215	-0.082265235483646
-0.069899059832096	-0.45041632652283	-0.31217828392982	-1.3632313013077	0.20398503541946	0.020225040614605	0.008382260799408	0.097959876060486	-0.081528760492802
-0.044743128120899	-0.45249938964844	-0.30342692136765	-1.3631913661957	0.20715522766113	0.020439356565475	0.0059469938278198	0.099244475364685	-0.081252209842205
0.022412115707994	-0.44002339243889	-0.25712382793427	-1.3626855611801	0.21529164910316	0.020340174436569	-0.00079953670501709	0.10334181785583	-0.081314384937286
0.046016164124012	-0.43565592169762	-0.24097895622253	-1.3626593351364	0.21853697299957	0.020277839154005	-0.0033195018768311	0.10465180873871	-0.081312760710716
0.10462205857038	-0.40529257059097	-0.17634037137032	-1.3621621131897	0.22645474970341	0.0193747356534	-0.0098821520805359	0.108607172966	-0.082179598510265
0.16630567610264	-0.35288107395172	-0.083503037691116	-1.3617341518402	0.23592042922974	0.017548553645611	-0.017464101314545	0.11309826374054	-0.083996936678886
0.18789948523045	-0.33454164862633	-0.051132779568434	-1.3617535829544	0.23950746655464	0.016832835972309	-0.020252168178558	0.11448061466217	-0.084611400961876
0.22665458917618	-0.27695000171661	0.036393597722054	-1.3613482713699	0.24610930681229	0.014486998319626	-0.025576293468475	0.11761927604675	-0.086921356618404
0.24029774963856	-0.25681835412979	0.066912166774273	-1.3613168001175	0.24866916239262	0.013603627681732	-0.027515470981598	0.11859500408173	-0.087725184857845
0.2668833732605	-0.19332695007324	0.15398320555687	-1.3609557151794	0.2537487745285	0.010752379894257	-0.031497061252594	0.12094724178314	-0.090563222765923
0.28918617963791	-0.11362393945456	0.25510281324387	-1.3606361150742	0.25864958763123	0.0068933181464672	-0.035015881061554	0.12297523021698	-0.094434134662151
0.30031198263168	-0.03389734774828	0.34965723752975	-1.3592833280563	0.2614318728447	0.0040226615965366	-0.036474108695984	0.12470376491547	-0.098091959953308
0.29922491312027	-0.013047411106527	0.37193417549133	-1.3585906028748	0.2625290453434	0.0040266327559948	-0.036301910877228	0.12506055831909	-0.099074870347977
0.29899853467941	-0.0069435313344002	0.37990236282349	-1.3583292961121	0.26321774721146	0.0040314346551895	-0.036415100097656	0.12528038024902	-0.099342212080956
0.29469504952431	-0.0095835952088237	0.37209936976433	-1.3583737611771	0.26350519061089	0.0040328688919544	-0.035908341407776	0.12493479251862	-0.099394656717777
0.29334628582001	-0.010428383946419	0.36937725543976	-1.3583713769913	0.26384398341179	0.0040330328047276	-0.035764694213867	0.12477779388428	-0.09949891269207
0.2885976433754	-0.014861456118524	0.35800597071648	-1.358461856842	0.26387658715248	0.0040315128862858	-0.035146534442902	0.12425374984741	-0.099484570324421
0.28214994072914	-0.020977422595024	0.3438615500927	-1.3583995103836	0.26394230127335	0.0040291920304298	-0.034161806106567	0.12374365329742	-0.09938608109951
0.27975985407829	-0.022867608815432	0.33891573548317	-1.3584244251251	0.26411300897598	0.0040283240377903	-0.033743619918823	0.1235134601593	-0.099438458681107
0.2743923664093	-0.027405541390181	0.32722932100296	-1.3584941625595	0.26397064328194	0.0040262043476105	-0.033021748065948	0.12296783924103	-0.099419347941875
0.27224871516228	-0.02895574644208	0.32312804460526	-1.3584796190262	0.26408785581589	0.0040255002677441	-0.032622158527374	0.12279605865479	-0.099478341639042
0.26650401949883	-0.03321860730648	0.31195956468582	-1.3586596250534	0.26397499442101	0.0040225237607956	-0.031739711761475	0.12230169773102	-0.099437192082405
0.26451456546783	-0.034763146191835	0.30804190039635	-1.3586409091949	0.26408341526985	0.0040217749774456	-0.031425774097443	0.12213695049286	-0.099449649453163
0.25885054469109	-0.038894113153219	0.29715463519096	-1.3587648868561	0.26399445533752	0.004019096493721	-0.030608594417572	0.12163102626801	-0.099437706172466
0.25195762515068	-0.043851021677256	0.28400894999504	-1.3587237596512	0.26397919654846	0.00401496514678	-0.029618084430695	0.12103223800659	-0.099390633404255
0.2491457760334	-0.045515134930611	0.27941882610321	-1.3586850166321	0.26412770152092	0.0040142983198166	-0.029093027114868	0.12081325054169	-0.099494241178036
0.24813456833363	-0.046211995184422	0.2778460085392	-1.3587836027145	0.26417061686516	0.0040139257907867	-0.028931081295013	0.12075197696686	-0.099490463733673
0.24270769953728	-0.049848638474941	0.26819485425949	-1.3589396476746	0.26408168673515	0.0040107406675816	-0.028177678585052	0.12029254436493	-0.099485613405704
0.24071915447712	-0.050771154463291	0.26476812362671	-1.3589127063751	0.26416730880737	0.0040097273886204	-0.027854263782501	0.12009143829346	-0.099520191550255
0.23477892577648	-0.054494492709637	0.25468987226486	-1.3590207099915	0.26411628723145	0.004006415605545	-0.027010202407837	0.11961209774017	-0.099510163068771
0.23259362578392	-0.055519696325064	0.25112497806549	-1.3590044975281	0.26421356201172	0.0040050707757473	-0.026654958724976	0.11941194534302	-0.099532537162304
0.22651794552803	-0.059149164706469	0.24119691550732	-1.3591184616089	0.26416307687759	0.0040013380348682	-0.025808274745941	0.11893081665039	-0.099520854651928
0.21889229118824	-0.06311096996069	0.22916354238987	-1.3591393232346	0.26415950059891	0.0039964877068996	-0.024714469909668	0.11829304695129	-0.099546000361443
0.21606624126434	-0.064335688948631	0.22493848204613	-1.3591094017029	0.26427954435349	0.0039949752390385	-0.024269461631775	0.11805438995361	-0.099562205374241
0.20964087545872	-0.068914361298084	0.21524837613106	-1.3591752052307	0.26425984501839	0.0039909109473228	-0.023416519165039	0.1177613735199	-0.099352046847343
0.20188300311565	-0.074278995394707	0.20379626750946	-1.359216094017	0.26418778300285	0.0039853863418102	-0.022451221942902	0.11735546588898	-0.099146470427513
0.19368323683739	-0.078870035707951	0.19183674454689	-1.3591183423996	0.26409611105919	0.0039801150560379	-0.021448075771332	0.1167801618576	-0.099069721996784
0.19071069359779	-0.080576665699482	0.18765361607075	-1.3589673042297	0.26415568590164	0.0039784200489521	-0.021046102046967	0.11659419536591	-0.099027864634991
0.18427382409573	-0.083724401891232	0.17847429215908	-1.3589788675308	0.26387256383896	0.0039743706583977	-0.020347476005554	0.11608076095581	-0.099052168428898
0.18179254233837	-0.084732130169868	0.17522011697292	-1.3588658571243	0.26382195949554	0.0039726197719574	-0.019951045513153	0.11590671539307	-0.099043019115925
0.17533075809479	-0.087446294724941	0.16651596128941	-1.3588852882385	0.26349169015884	0.003968320786953	-0.019209444522858	0.11538982391357	-0.099077470600605
0.16703306138515	-0.090465024113655	0.15599688887596	-1.3588165044785	0.26320421695709	0.0039621777832508	-0.018115758895874	0.11475813388824	-0.099104650318623
0.16373507678509	-0.091511905193329	0.15227636694908	-1.3586491346359	0.2631955742836	0.0039600171148777	-0.017559885978699	0.11454951763153	-0.09907416254282
0.15681685507298	-0.094193831086159	0.14378497004509	-1.3586447238922	0.26287403702736	0.0039553754031658	-0.016787946224213	0.11404466629028	-0.099094122648239
0.15411314368248	-0.094886273145676	0.14074060320854	-1.3584963083267	0.26279833912849	0.0039533823728561	-0.016355037689209	0.11384451389313	-0.099092267453671
0.14756335318089	-0.097147919237614	0.13259664177895	-1.3585473299026	0.26256504654884	0.0039476007223129	-0.015684545040131	0.11330902576447	-0.099128350615501
0.14498865604401	-0.09777220338583	0.12968525290489	-1.3584659099579	0.26267644762993	0.0039456970989704	-0.015268862247467	0.11311793327332	-0.09912384301424
0.13810080289841	-0.099938809871674	0.1217645406723	-1.3585180044174	0.26248803734779	0.0039406828582287	-0.014503717422485	0.11259961128235	-0.099155247211456
0.1292932331562	-0.10237192362547	0.11219532042742	-1.358506321907	0.26237505674362	0.003934022039175	-0.013425409793854	0.11196029186249	-0.099183760583401
0.12591771781445	-0.10319318622351	0.10881755501032	-1.3583872318268	0.26254215836525	0.0039317905902863	-0.012921810150146	0.11173939704895	-0.099163986742496
0.12478472292423	-0.10363060235977	0.10766930133104	-1.3583029508591	0.262565523386	0.0039312317967415	-0.012787699699402	0.11168038845062	-0.099150434136391
0.1181839928031	-0.10549279302359	0.10068657249212	-1.3583364486694	0.26230829954147	0.003926407545805	-0.012081503868103	0.11120736598969	-0.099187418818474
0.11557936668396	-0.10601415485144	0.098199084401131	-1.3582347631454	0.26235297322273	0.0039244741201401	-0.0116828083992	0.11103200912476	-0.099177941679955
0.1082184612751	-0.10803001374006	0.090921767055988	-1.3581938743591	0.26218846440315	0.0039199329912663	-0.010883271694183	0.11055302619934	-0.099188067018986
0.10537601262331	-0.10861299932003	0.088332034647465	-1.3580679893494	0.26225486397743	0.0039176940917969	-0.010451257228851	0.11037278175354	-0.099172040820122
0.10442295670509	-0.10894716531038	0.08745139092207	-1.3579915761948	0.26226681470871	0.0039173327386379	-0.0103480219841	0.1103253364563	-0.099156327545643
0.097577802836895	-0.1105737388134	0.080872245132923	-1.3579670190811	0.26196846365929	0.003912191838026	-0.0096036195755005	0.10985589027405	-0.099189251661301
0.094942212104797	-0.11102610081434	0.078529015183449	-1.3578554391861	0.26201975345612	0.0039103962481022	-0.0092187523841858	0.10968029499054	-0.099180474877357
0.087388716638088	-0.11270469427109	0.071602523326874	-1.357800245285	0.26180374622345	0.003905039280653	-0.0083870887756348	0.10917925834656	-0.099198713898659
0.077764444053173	-0.11453451216221	0.063179649412632	-1.3577085733414	0.2616631090641	0.0038979314267635	-0.007256805896759	0.10854244232178	-0.099218040704727
0.074584379792213	-0.11600325256586	0.060246672481298	-1.357516169548	0.26178008317947	0.0038954094052315	-0.0069317817687988	0.10847103595734	-0.099041752517223
0.073499538004398	-0.11699154227972	0.059268441051245	-1.3573688268661	0.26184323430061	0.0038949586451054	-0.0068128705024719	0.10851097106934	-0.098949640989304
0.066117435693741	-0.11868493258953	0.05313078686595	-1.3572825193405	0.2616565823555	0.003889836370945	-0.0059810280799866	0.10808050632477	-0.09894048422575
0.063363380730152	-0.11939076334238	0.050979573279619	-1.3571791648865	0.26176339387894	0.0038883350789547	-0.005610466003418	0.10794723033905	-0.098902635276318
0.055338706821203	-0.12086825817823	0.044579744338989	-1.3571299314499	0.26160925626755	0.0038826614618301	-0.0047258138656616	0.10745346546173	-0.098913758993149
0.045255232602358	-0.12243137508631	0.036795146763325	-1.3570296764374	0.26153692603111	0.0038757584989071	-0.0035876035690308	0.10682046413422	-0.098924666643143
0.041620623320341	-0.12309438735247	0.034067627042532	-1.3569165468216	0.2617019712925	0.0038732811808586	-0.0031499862670898	0.10661423206329	-0.098897755146027
0.04042499139905	-0.1234011426568	0.033141020685434	-1.3568649291992	0.26175704598427	0.0038726553320885	-0.0030479431152344	0.10655105113983	-0.098893783986568
0.040060203522444	-0.12348316609859	0.032821267843246	-1.3568289279938	0.26175528764725	0.0038725584745407	-0.0030322074890137	0.10652589797974	-0.098900265991688
0.032725993543863	-0.12444031238556	0.02733719162643	-1.3568007946014	0.26154255867004	0.003867257386446	-0.0022701621055603	0.10604989528656	-0.098938710987568
0.029994435608387	-0.12478867173195	0.025390332564712	-1.3567063808441	0.26164585351944	0.0038652382791042	-0.0019175410270691	0.10588538646698	-0.098922207951546
0.02182325348258	-0.12585845589638	0.019514668732882	-1.3566634654999	0.26153656840324	0.0038595795631409	-0.0010991096496582	0.10537111759186	-0.098953410983086
0.011417666450143	-0.12706679105759	0.012368026189506	-1.3566092252731	0.2615724503994	0.0038526840507984	1.7940998077393e-05	0.1047328710556	-0.098972223699093
0.0076194759458303	-0.12758518755436	0.0098620923236012	-1.3565083742142	0.26175907254219	0.0038501657545567	0.00046837329864502	0.10451889038086	-0.09894797950983
-0.0011028584558517	-0.1286104619503	0.0040860287845135	-1.3564933538437	0.26169854402542	0.0038443841040134	0.0013121366500854	0.1039959192276	-0.098977163434029
-0.0043356041423976	-0.12899516522884	0.0020487769506872	-1.3564026355743	0.26181721687317	0.0038424171507359	0.0017040967941284	0.10381233692169	-0.098960645496845
-0.0054326187819242	-0.12915498018265	0.0013494495069608	-1.3563586473465	0.26188045740128	0.0038417503237724	0.0018101930618286	0.10375070571899	-0.098959550261497
-0.013451723381877	-0.12990249693394	-0.0036876883823425	-1.3563482761383	0.26178604364395	0.0038363113999367	0.0025723576545715	0.10326814651489	-0.098993867635727
-0.016441727057099	-0.13016848266125	-0.0054755485616624	-1.3562647104263	0.2619181573391	0.0038345791399479	0.0029531717300415	0.10309362411499	-0.098975032567978
-0.025246106088161	-0.13095805048943	-0.010717500001192	-1.3562206029892	0.26181119680405	0.0038288831710815	0.0038296580314636	0.10257589817047	-0.098999388515949
-0.036326501518488	-0.13181245326996	-0.017067229375243	-1.3561321496964	0.26179161667824	0.0038218460977077	0.0049716830253601	0.10192561149597	-0.099014699459076
-0.040341299027205	-0.13221879303455	-0.019248669967055	-1.3560266494751	0.26198655366898	0.0038222931325436	0.005425751209259	0.10170769691467	-0.098995998501778
-0.049592927098274	-0.13313463330269	-0.024291284382343	-1.3559709787369	0.26191237568855	0.0038223415613174	0.0062892436981201	0.1012122631073	-0.099008619785309
-0.060975357890129	-0.1341618001461	-0.030203770846128	-1.3558807373047	0.26194036006927	0.0038312897086143	0.0074113607406616	0.1006133556366	-0.098997302353382
-0.073085062205791	-0.1353338509798	-0.036342941224575	-1.3558129072189	0.26187321543694	0.0038385838270187	0.0085424184799194	0.099992394447327	-0.098982788622379
-0.085275948047638	-0.13629803061485	-0.042445510625839	-1.3556323051453	0.26164162158966	0.0038411319255829	0.0095893740653992	0.099346160888672	-0.098985761404037
-0.098035909235477	-0.13727715611458	-0.048322793096304	-1.3555499315262	0.26138582825661	0.003845289349556	0.010821461677551	0.098689436912537	-0.098988093435764
-0.10274451225996	-0.13763545453548	-0.050406746566296	-1.3554271459579	0.26142358779907	0.0038461536169052	0.011371076107025	0.098439455032349	-0.098955631256104
-0.11286842823029	-0.1384491622448	-0.054685443639755	-1.3555088043213	0.26117953658104	0.0038498267531395	0.01230663061142	0.097944259643555	-0.098958365619183
-0.12504859268665	-0.13892847299576	-0.059698469936848	-1.3555883169174	0.26090836524963	0.0038542822003365	0.013435542583466	0.097288250923157	-0.098984912037849
-0.13810406625271	-0.13921605050564	-0.064845733344555	-1.355610370636	0.26069632172585	0.0038590952754021	0.014653325080872	0.0965656042099	-0.099013395607471
-0.14277151226997	-0.13915601372719	-0.066735200583935	-1.3554934263229	0.26082080602646	0.0038603097200394	0.015135049819946	0.096281886100769	-0.098992377519608
-0.15320068597794	-0.13980914652348	-0.070502646267414	-1.3555815219879	0.26065817475319	0.0038633868098259	0.016067683696747	0.095786690711975	-0.099002577364445
-0.1568990200758	-0.13972207903862	-0.071930192410946	-1.3555009365082	0.26076376438141	0.0038644522428513	0.01642906665802	0.095560073852539	-0.098991565406322
-0.16707193851471	-0.14021962881088	-0.075424008071423	-1.3555843830109	0.2605938911438	0.0038675218820572	0.017314612865448	0.095068573951721	-0.099009588360786
-0.17959776520729	-0.14032401144505	-0.079647533595562	-1.3556047677994	0.26041430234909	0.0038716644048691	0.018405973911285	0.094396471977234	-0.099045194685459
-0.19305934011936	-0.14036339521408	-0.083991028368473	-1.3555837869644	0.2602726817131	0.0038755759596825	0.019581258296967	0.093677401542664	-0.099072754383087
-0.19784098863602	-0.14035230875015	-0.085578247904778	-1.3554486036301	0.26042085886002	0.0038764923810959	0.020043730735779	0.093413591384888	-0.099046379327774
