0	0.501	-0.002	0.152
0	0.501	-0.002	0.153
0	0.501	-0.002	0.153
0	0.501	-0.002	0.153
0	0.501	-0.002	0.153
0	0.501	-0.002	0.153
0	0.500	-0.003	0.148
0	0.500	-0.004	0.148
0	0.500	-0.004	0.148
0	0.500	-0.004	0.149
0	0.500	-0.003	0.151
0	0.500	-0.003	0.152
0	0.500	-0.001	0.154
0	0.500	0.000	0.156
0	0.501	0.002	0.157
0	0.501	0.003	0.158
0	0.501	0.005	0.159
0	0.501	0.006	0.160
0	0.501	0.007	0.161
0	0.501	0.009	0.162
0	0.501	0.013	0.163
0	0.501	0.016	0.164
0	0.501	0.017	0.164
0	0.501	0.019	0.165
0	0.501	0.023	0.165
0	0.501	0.027	0.166
0	0.501	0.030	0.166
0	0.501	0.031	0.166
0	0.501	0.033	0.166
0	0.501	0.036	0.166
0	0.501	0.039	0.166
0	0.501	0.043	0.165
0	0.501	0.047	0.164
0	0.501	0.048	0.164
0	0.501	0.052	0.163
0	0.501	0.055	0.162
0	0.501	0.056	0.161
0	0.501	0.059	0.160
0	0.501	0.062	0.159
0	0.501	0.063	0.158
0	0.501	0.067	0.154
0	0.501	0.068	0.153
0	0.501	0.070	0.151
0	0.501	0.070	0.150
0	0.501	0.071	0.147
0	0.501	0.071	0.147
0	0.501	0.071	0.146
0	0.501	0.071	0.146
0	0.501	0.064	0.146
0	0.501	0.059	0.146
0	0.501	0.057	0.146
0	0.501	0.051	0.146
0	0.501	0.049	0.146
0	0.501	0.049	0.146
0	0.501	0.049	0.146
0	0.501	0.048	0.146
0	0.501	0.048	0.146
0	0.501	0.037	0.146
0	0.501	0.033	0.146
0	0.501	0.027	0.146
0	0.501	0.024	0.146
0	0.501	0.021	0.146
0	0.501	0.019	0.146
0	0.501	0.018	0.146
0	0.501	0.016	0.146
0	0.501	0.013	0.146
0	0.501	0.012	0.146
0	0.501	0.010	0.146
0	0.501	0.010	0.146
0	0.501	0.005	0.146
0	0.500	0.001	0.146
0	0.500	-0.000	0.146
0	0.500	-0.003	0.147
0	0.500	-0.004	0.148
0	0.500	-0.004	0.149
0	0.500	-0.004	0.149
0	0.500	-0.004	0.149
0	0.500	-0.001	0.154
0	0.500	0.003	0.158
0	0.501	0.005	0.159
0	0.501	0.007	0.161
0	0.501	0.007	0.161
0	0.501	0.012	0.163
0	0.501	0.017	0.164
0	0.501	0.019	0.165
0	0.501	0.025	0.165
0	0.501	0.029	0.166
0	0.501	0.031	0.166
0	0.501	0.031	0.166
0	0.501	0.042	0.164
0	0.501	0.047	0.164
0	0.501	0.053	0.162
0	0.501	0.055	0.162
0	0.501	0.059	0.160
0	0.501	0.063	0.158
0	0.501	0.064	0.157
0	0.501	0.065	0.157
0	0.501	0.068	0.152
0	0.501	0.070	0.150
0	0.501	0.070	0.150
0	0.501	0.070	0.149
0	0.501	0.064	0.147
0	0.501	0.062	0.146
0	0.501	0.061	0.146
0	0.501	0.055	0.146
0	0.501	0.054	0.146
0	0.501	0.049	0.146
0	0.501	0.047	0.146
0	0.501	0.043	0.146
0	0.501	0.041	0.146
0	0.501	0.040	0.146
0	0.501	0.039	0.146
0	0.501	0.039	0.146
0	0.501	0.033	0.146
0	0.501	0.030	0.146
0	0.501	0.027	0.146
0	0.501	0.026	0.146
0	0.501	0.023	0.146
0	0.501	0.023	0.146
0	0.501	0.022	0.146
0	0.501	0.016	0.146
0	0.501	0.012	0.146
0	0.501	0.010	0.146
0	0.500	0.004	0.146
0	0.500	0.002	0.146
0	0.500	0.001	0.146
0	0.500	-0.002	0.147
0	0.500	-0.003	0.149
0	0.500	-0.003	0.151
0	0.500	-0.002	0.153
0	0.500	-0.000	0.155
0	0.500	0.001	0.156
0	0.500	0.004	0.159
0	0.500	0.005	0.160
0	0.501	0.006	0.160
0	0.501	0.006	0.160
0	0.500	0.017	0.164
0	0.501	0.023	0.165
0	0.501	0.026	0.166
0	0.501	0.028	0.166
0	0.501	0.036	0.166
0	0.501	0.039	0.165
0	0.501	0.040	0.165
0	0.501	0.040	0.165
0	0.501	0.040	0.165
0	0.501	0.040	0.165
0	0.501	0.040	0.165
0	0.501	0.040	0.165
0	0.499	0.058	0.158
0	0.500	0.064	0.155
0	0.501	0.067	0.154
0	0.501	0.069	0.150
0	0.501	0.070	0.149
0	0.501	0.070	0.148
0	0.501	0.071	0.148
0	0.501	0.063	0.147
0	0.501	0.059	0.146
0	0.501	0.057	0.146
0	0.501	0.057	0.146
0	0.501	0.050	0.146
0	0.501	0.048	0.146
0	0.501	0.047	0.146
0	0.501	0.040	0.146
0	0.501	0.036	0.146
0	0.501	0.031	0.146
0	0.501	0.030	0.146
0	0.501	0.027	0.146
0	0.501	0.024	0.146
0	0.501	0.021	0.146
0	0.501	0.020	0.146
0	0.501	0.017	0.146
0	0.501	0.013	0.146
0	0.501	0.009	0.146
0	0.501	0.007	0.146
0	0.501	0.006	0.146
0	0.500	0.004	0.146
0	0.500	0.003	0.146
0	0.500	0.003	0.146
0	0.500	-0.002	0.146
0	0.500	-0.003	0.148
0	0.500	-0.003	0.151
0	0.500	-0.002	0.153
0	0.500	-0.002	0.153
0	0.500	-0.000	0.155
0	0.500	0.000	0.156
0	0.500	0.000	0.156
0	0.500	0.000	0.156
0	0.500	0.001	0.156
0	0.500	0.001	0.156
0	0.500	0.001	0.156
0	0.499	0.017	0.162
0	0.500	0.024	0.165
0	0.500	0.031	0.165
0	0.501	0.035	0.166
0	0.501	0.036	0.166
0	0.501	0.037	0.166
0	0.500	0.046	0.164
0	0.500	0.049	0.163
0	0.501	0.051	0.163
0	0.501	0.051	0.163
0	0.500	0.060	0.159
0	0.500	0.064	0.156
0	0.501	0.065	0.156
0	0.501	0.066	0.155
0	0.501	0.066	0.155
0	0.500	0.069	0.150
0	0.501	0.069	0.148
0	0.501	0.069	0.147
0	0.501	0.069	0.146
0	0.501	0.065	0.146
0	0.501	0.063	0.146
0	0.501	0.063	0.146
0	0.501	0.063	0.146
0	0.501	0.063	0.146
0	0.501	0.063	0.146
0	0.500	0.049	0.146
0	0.501	0.045	0.146
0	0.501	0.040	0.146
0	0.501	0.038	0.146
0	0.501	0.037	0.146
0	0.501	0.037	0.146
0	0.501	0.029	0.146
0	0.501	0.026	0.146
0	0.501	0.024	0.146
0	0.501	0.019	0.146
0	0.501	0.017	0.146
0	0.501	0.016	0.146
0	0.501	0.015	0.146
0	0.501	0.015	0.146
0	0.500	0.009	0.146
0	0.500	0.005	0.146
0	0.500	0.002	0.146
0	0.500	-0.000	0.146
0	0.500	-0.003	0.147
0	0.499	-0.004	0.147
0	0.499	-0.004	0.150
0	0.499	-0.003	0.151
0	0.500	-0.003	0.152
0	0.500	0.000	0.156
0	0.500	0.004	0.159
0	0.500	0.008	0.161
0	0.500	0.009	0.162
0	0.500	0.010	0.162
0	0.500	0.010	0.162
0	0.500	0.018	0.164
0	0.501	0.021	0.165
0	0.501	0.022	0.165
0	0.500	0.032	0.166
0	0.501	0.037	0.165
0	0.500	0.043	0.165
0	0.500	0.048	0.164
0	0.501	0.050	0.163
0	0.501	0.051	0.163
0	0.501	0.051	0.163
0	0.501	0.052	0.163
0	0.500	0.060	0.159
0	0.500	0.063	0.157
0	0.501	0.064	0.157
0	0.501	0.064	0.157
0	0.500	0.069	0.151
0	0.500	0.069	0.148
0	0.501	0.067	0.147
0	0.501	0.067	0.146
0	0.501	0.060	0.146
0	0.501	0.056	0.146
0	0.501	0.054	0.146
0	0.501	0.053	0.146
0	0.501	0.053	0.146
0	0.501	0.052	0.146
0	0.501	0.052	0.146
0	0.501	0.042	0.146
0	0.501	0.038	0.146
0	0.501	0.036	0.146
0	0.501	0.036	0.146
0	0.501	0.029	0.146
0	0.501	0.026	0.146
0	0.501	0.024	0.146
0	0.501	0.023	0.146
0	0.501	0.022	0.146
0	0.501	0.022	0.146
0	0.501	0.014	0.146
0	0.501	0.010	0.146
0	0.501	0.009	0.146
0	0.500	0.004	0.146
0	0.500	-0.001	0.146
0	0.500	-0.003	0.146
0	0.500	-0.004	0.146
0	0.500	-0.004	0.146
0	0.500	-0.004	0.146
0	0.500	-0.004	0.146
0	0.500	-0.004	0.146
0	0.500	-0.004	0.146
0	0.500	-0.004	0.146
0	0.500	-0.004	0.146
0	0.500	-0.004	0.146
0	0.500	-0.004	0.146
0	0.500	-0.004	0.146
0	0.500	-0.004	0.146
0	0.500	-0.004	0.146
0	0.500	-0.004	0.146
0	0.500	-0.004	0.146
0	0.500	-0.004	0.146
0	0.500	-0.004	0.146
0	0.500	-0.004	0.146
0	0.500	-0.004	0.146
0	0.500	-0.004	0.146
0	0.499	-0.004	0.146
0	0.499	-0.004	0.146
0	0.499	-0.004	0.146
