0.0023197736591101	-1.3574723005295	0.006336223334074	0.40192350745201
0.0013483120128512	-1.3582189083099	0.0065663568675518	0.68544417619705
0.00061127776280046	-1.3584176301956	0.0065752901136875	0.6839793920517
0.00040596444159746	-1.3584510087967	0.0066325180232525	0.68378269672394
0.00047027040272951	-1.3584649562836	0.0066795907914639	0.68378692865372
0.00060115335509181	-1.3585109710693	0.0067149326205254	0.68375587463379
0.00073186308145523	-1.358584523201	0.006741002202034	0.68371188640594
0.00085422955453396	-1.3586711883545	0.0067584365606308	0.68368256092072
0.0009704097174108	-1.3587636947632	0.00677090883255	0.68367403745651
0.0011522239074111	-1.3557497262955	0.0059138312935829	0.91309583187103
0.0019902372732759	-1.3541454076767	0.0025541447103024	0.70882087945938
0.0016132285818458	-1.3600852489471	0.002770509570837	0.76321852207184
0.0010822601616383	-1.3619527816772	0.0040331780910492	0.85171049833298
0.00098092202097178	-1.3604093790054	0.0054811425507069	0.67628800868988
0.0011889883317053	-1.3572343587875	0.0069266371428967	0.69090467691422
0.0016238940879703	-1.3537466526031	0.0082798339426517	0.70693969726562
0.001677812077105	-1.3504877090454	0.0094964616000652	0.71311187744141
0.001637713983655	-1.3474620580673	0.010913867503405	0.72250896692276
0.0017071035690606	-1.3440009355545	0.012183632701635	0.72888815402985
0.0013475762680173	-1.3396829366684	0.01329517737031	0.66563802957535
0.001402860507369	-1.3347809314728	0.014309212565422	0.75191575288773
0.00163684040308	-1.3292305469513	0.015216175466776	0.90387392044067
0.001696553081274	-1.3236826658249	0.015958998352289	0.77879154682159
0.0016645742580295	-1.3191170692444	0.016621433198452	0.78603130578995
0.0016064341180027	-1.3138688802719	0.017409790307283	0.80010831356049
0.001860685646534	-1.3086796998978	0.017905697226524	0.80051624774933
0.001990735065192	-1.3029224872589	0.018315404653549	0.73465633392334
0.0018046014010906	-1.2967338562012	0.018593952059746	0.81883126497269
0.0016892892308533	-1.2915617227554	0.018727883696556	0.82242822647095
0.0018066675402224	-1.2863332033157	0.018775410950184	1.4082639217377
0.0021805861033499	-1.2802722454071	0.018799997866154	0.8401854634285
0.0019752155058086	-1.2738701105118	0.018681325018406	0.82046735286713
0.0018782163970172	-1.2683148384094	0.018293835222721	0.81975126266479
0.0018311780877411	-1.2633228302002	0.017914406955242	0.81799733638763
0.0019406084902585	-1.2571483850479	0.017461575567722	0.81153213977814
0.00187314953655	-1.2514917850494	0.016684390604496	0.80490112304688
0.0019622198306024	-1.245777964592	0.015939794480801	0.79746210575104
0.0019600936211646	-1.2395631074905	0.015113584697247	0.70302784442902
0.001939645037055	-1.234246134758	0.014228008687496	0.76641142368317
0.0018089241348207	-1.2293243408203	0.013018418103456	1.6372556686401
0.0020965244621038	-1.2242434024811	0.011953558772802	1.3349132537842
0.002135066781193	-1.2188142538071	0.010800175368786	0.73950308561325
0.0019395123235881	-1.2141062021255	0.0094468742609024	0.72959792613983
0.0023074299097061	-1.2081921100616	0.0074137225747108	0.71180534362793
0.0025021801702678	-1.2033921480179	0.0056339651346207	0.69709020853043
0.002503908239305	-1.2001456022263	0.0031214617192745	0.693579018116
0.0027760383673012	-1.1981779336929	0.001331627368927	0.69375240802765
0.0032128402963281	-1.1994291543961	0.0012648217380047	0.64183580875397
0.0032442142255604	-1.2011070251465	0.0012015588581562	0.030484456568956
0.002886887639761	-1.202512383461	0.0011563450098038	-0.0033215370494872
0.0030180714093149	-1.2039066553116	0.0010969154536724	-0.0036371201276779
0.0031513874419034	-1.2047406435013	0.0010549873113632	-0.0031202114187181
0.0032568383030593	-1.2054697275162	0.0010247975587845	-0.003302950412035
0.0035616108216345	-1.2059471607208	0.00099483877420425	-0.0034165463875979
0.004300691653043	-1.207502245903	0.00096223503351212	-0.0041334768757224
0.0042911591008306	-1.2093479633331	0.00093077123165131	-0.003546753199771
0.0040736524388194	-1.2099665403366	0.00089651346206665	-0.0037277129013091
0.0042091351933777	-1.2092666625977	0.00087090581655502	-0.0035709540825337
0.0045217396691442	-1.2089869976044	0.00087258964776993	-0.0036015834193677
0.0047508175484836	-1.2096092700958	0.00088848918676376	-0.0037353876978159
0.005297273863107	-1.2104728221893	0.00090336054563522	-0.0037373495288193
0.0062769097276032	-1.2113419771194	0.0009370818734169	-0.00383196817711
0.00599111802876	-1.2112499475479	0.00096859037876129	-0.0037074412684888
0.0060003977268934	-1.2109872102737	0.00099474936723709	-0.0038216498214751
0.0059337583370507	-1.2108179330826	0.0010208114981651	-0.0036466172896326
0.0058179874904454	-1.2110043764114	0.0010447427630424	-0.0037999891210347
0.0066384444944561	-1.2121851444244	0.0010809823870659	-0.0035122972913086
0.0069781667552888	-1.2129602432251	0.0011454783380032	-0.0036903463769704
0.0070451628416777	-1.2127468585968	0.0011957511305809	-0.0036768354475498
0.0070924507454038	-1.2127212285995	0.001233845949173	-0.0037861324381083
0.0064260931685567	-1.2133814096451	0.0012821368873119	-0.0031719536054879
0.0062303757295012	-1.2142935991287	0.0013462901115417	-0.0036098151467741
0.0051129790954292	-1.2154259681702	0.0014488846063614	0.4833103120327
0.0036303238011897	-1.2153906822205	0.0015430226922035	0.91451472043991
0.0027863923460245	-1.2154462337494	0.0015541762113571	0.59673887491226
0.0021090330556035	-1.2150073051453	0.001543290913105	0.65157544612885
0.0026883757673204	-1.2137234210968	0.0015296787023544	0.64915764331818
0.0031246179714799	-1.2127282619476	0.0015389658510685	0.65137261152267
0.0034190062433481	-1.2122741937637	0.0015357136726379	0.64996963739395
0.0036240848712623	-1.2120718955994	0.0015333630144596	0.64824509620667
0.0037702517583966	-1.2119784355164	0.0015319921076298	0.6467542052269
0.0038506998680532	-1.211975812912	0.0015305727720261	0.64574706554413
0.0038969595916569	-1.2120321989059	0.0015301592648029	0.644884288311
0.0038975826464593	-1.2121007442474	0.0015296004712582	0.64540779590607
0.0038927923887968	-1.21217918396	0.0015295594930649	0.64548116922379
0.0038662804290652	-1.2122439146042	0.0015292800962925	0.64619278907776
0.0038292985409498	-1.2123198509216	0.0015294440090656	0.64644455909729
0.0037796618416905	-1.2123997211456	0.0015291199088097	0.64651530981064
0.0037326719611883	-1.2124831676483	0.0015293098986149	0.64650970697403
0.0036887577734888	-1.2125635147095	0.0015291608870029	0.64654052257538
0.003643604926765	-1.2126460075378	0.0015291124582291	0.6465430855751
0.0040690992027521	-1.2115014791489	0.0029356144368649	0.6479469537735
0.0036132084205747	-1.2090190649033	0.0041661113500595	0.71454471349716
0.0037571927532554	-1.2064257860184	0.0054589472711086	0.67445385456085
0.0039199781604111	-1.2035654783249	0.007025096565485	0.68686354160309
0.0039620823226869	-1.1999270915985	0.0083545595407486	0.70224505662918
0.0040632048621774	-1.195927977562	0.0096512995660305	0.71767872571945
0.004186041187495	-1.1918799877167	0.01090182363987	0.73161947727203
0.0043426984921098	-1.1880494356155	0.012040853500366	0.74025571346283
0.004648179281503	-1.1819891929626	0.013864118605852	0.67921471595764
0.0045212684199214	-1.1765077114105	0.015043172985315	0.76707088947296
0.0044467360712588	-1.1713343858719	0.015958223491907	0.77851504087448
0.0044642873108387	-1.1654322147369	0.016763541847467	0.79284220933914
0.0043423501774669	-1.1598722934723	0.017305638641119	0.80461537837982
0.0042200121097267	-1.1546479463577	0.017892763018608	0.81045198440552
0.0046597025357187	-1.1496559381485	0.018341042101383	0.81292402744293
0.005048687569797	-1.1429712772369	0.018762037158012	0.81330937147141
0.0048736878670752	-1.1348841190338	0.018921747803688	0.74876034259796
0.0047298492863774	-1.1275813579559	0.01865915954113	0.82961225509644
0.0045246132649481	-1.122450709343	0.018447436392307	0.82876890897751
0.0045886947773397	-1.1184322834015	0.018245451152325	0.82831114530563
0.0034778797999024	-1.1118991374969	0.017786212265491	0.82798159122467
0.0019404082559049	-1.1044330596924	0.016865909099579	0.82001960277557
0.0016992455348372	-1.0977473258972	0.015814542770386	0.80362939834595
0.0016307700425386	-1.0935134887695	0.01498531550169	0.79896658658981
0.0032454365864396	-1.0867949724197	0.014512494206429	0.70455640554428
0.004506463650614	-1.0781456232071	0.012499250471592	0.76755434274673
0.0045708427205682	-1.0688990354538	0.010254748165607	0.74843299388885
0.005059904884547	-1.0609903335571	0.0082928985357285	0.71903198957443
0.0052391872741282	-1.0550800561905	0.0066437683999538	0.69791150093079
0.0052840379066765	-1.0508675575256	0.005203977227211	0.68451601266861
0.0052987821400166	-1.0470677614212	0.003703273832798	0.66971063613892
0.0054198023863137	-1.0445395708084	0.0024111978709698	0.65561532974243
0.0055083627812564	-1.0438559055328	0.0013132467865944	0.65035653114319
0.0057608112692833	-1.0433986186981	0.0012994036078453	0.57959216833115
0.0055363867431879	-1.0419957637787	0.0012635439634323	0.64696818590164
0.0054906336590648	-1.0406299829483	0.0012673884630203	0.62063467502594
0.0056010722182691	-1.0398882627487	0.0012966245412827	0.61220866441727
0.0056904386729002	-1.0396536588669	0.0013189390301704	0.61041247844696
0.0057301674969494	-1.0395655632019	0.0013270787894726	0.60717362165451
0.0057364725507796	-1.0395703315735	0.0013297535479069	0.60589778423309
0.0057473536580801	-1.0396122932434	0.001331839710474	0.60474145412445
0.0057872915640473	-1.0396896600723	0.0013324096798897	0.60607767105103
0.0058543067425489	-1.0397489070892	0.0013320222496986	0.60360324382782
0.0059334640391171	-1.0397630929947	0.0013310797512531	0.60224491357803
0.0060305506922305	-1.0397794246674	0.0013315118849277	0.60365515947342
0.0061192340217531	-1.0398029088974	0.0013311021029949	0.60418295860291
0.0061982874758542	-1.0398265123367	0.0013315938413143	0.60432690382004
0.0062878848984838	-1.0398505926132	0.0013321749866009	0.60457938909531
0.0063442890532315	-1.0398602485657	0.0013314783573151	0.60399061441422
0.0063684131018817	-1.0398768186569	0.001331627368927	0.60394316911697
0.0063865850679576	-1.0398988723755	0.0013317056000233	0.60406959056854
0.0064279153011739	-1.0399168729782	0.0013314671814442	0.60401391983032
0.0066497926600277	-1.0414788722992	0.0013023726642132	0.55553901195526
0.0066672009415925	-1.042751789093	0.0012611784040928	0.47272315621376
0.0069397073239088	-1.0438008308411	0.001216322183609	0.43957948684692
0.0072673833929002	-1.044756770134	0.0011804588139057	0.42222493886948
0.0082193873822689	-1.0463074445724	0.0011279284954071	0.40505218505859
0.0082441698759794	-1.0470992326736	0.0010822489857674	-0.0040505030192435
0.0079980818554759	-1.0474504232407	0.0010480582714081	-0.0029309317469597
0.0074846870265901	-1.0479221343994	0.0010234043002129	-0.0032326083164662
0.0073107820935547	-1.04918384552	0.00098337233066559	-0.0040606469847262
0.0074426671490073	-1.0494382381439	0.00095097720623016	-0.0033189796376973
0.0071577280759811	-1.0497828722	0.00093250721693039	-0.0035201939754188
0.0075764539651573	-1.0510241985321	0.00090424716472626	-0.0036466564051807
0.0081126438453794	-1.0512609481812	0.00088202208280563	-0.0036750040017068
0.0081152562052011	-1.0511705875397	0.00086640566587448	-0.0036775465123355
0.0080068279057741	-1.0519132614136	0.00088240206241608	-0.003784543601796
0.0083271572366357	-1.0523540973663	0.00090295076370239	-0.0037570260465145
0.0086601488292217	-1.0527019500732	0.00092478841543198	-0.0037268667947501
0.0081368368119001	-1.0530154705048	0.00094642490148544	-0.00371915102005
0.0072891726158559	-1.0541259050369	0.00097700953483582	-0.0037412508390844
0.0072806370444596	-1.0547693967819	0.0010344311594963	-0.0037921648472548
0.0080005275085568	-1.0556304454803	0.0010801628232002	-0.0036053019575775
0.0083935968577862	-1.0551505088806	0.0011429898440838	-0.0040333913639188
0.0081479586660862	-1.0548046827316	0.0011804029345512	-0.0036318197380751
0.0078639248386025	-1.0547921657562	0.001207958906889	-0.0038147668819875
0.0080063305795193	-1.055112361908	0.0012370832264423	-0.0036845332942903
0.0077469414100051	-1.0552492141724	0.0012811832129955	-0.0036011724732816
0.0072945733554661	-1.0554959774017	0.001314289867878	-0.0036102130543441
0.0068681566044688	-1.0560684204102	0.0013373829424381	-0.0036273412406445
0.006826073396951	-1.056867480278	0.0013669952750206	-0.0036143609322608
0.0053831520490348	-1.0583747625351	0.0014642141759396	-0.0026583108119667
0.0051408754661679	-1.0568399429321	0.0015170685946941	0.52621924877167
0.0052895396947861	-1.0556727647781	0.001531396061182	0.7903037071228
0.0053513515740633	-1.0554739236832	0.0015310421586037	0.68645316362381
0.0053893490694463	-1.0554925203323	0.0015318691730499	0.65290397405624
0.0054163471795619	-1.0554835796356	0.001531932502985	0.64841103553772
0.0054555833339691	-1.0554243326187	0.001537024974823	0.64663064479828
0.0055041504092515	-1.0553127527237	0.0015365779399872	0.64567148685455
0.005539074074477	-1.0552252531052	0.0015355534851551	0.64545559883118
0.0055688200518489	-1.0551444292068	0.0015350207686424	0.64574605226517
0.0056032072752714	-1.0550726652145	0.0015349723398685	0.64539217948914
0.0056364331394434	-1.0550006628036	0.0015347898006439	0.64531648159027
0.0056634629145265	-1.0549330711365	0.0015350095927715	0.64519947767258
0.0056982473470271	-1.0548648834229	0.0015346631407738	0.64520961046219
0.0057298010215163	-1.0547969341278	0.0015346370637417	0.6452077627182
0.0057660080492496	-1.0547273159027	0.0015349388122559	0.64523893594742
0.0057985857129097	-1.0546596050262	0.0015348568558693	0.6452454328537
0.0058277156203985	-1.0545920133591	0.0015346743166447	0.64518558979034
0.0058650020509958	-1.0545209646225	0.0015345774590969	0.64522880315781
0.0059017525054514	-1.0544528961182	0.0015349052846432	0.64518880844116
0.005934139713645	-1.0543766021729	0.0015352703630924	0.64515709877014
0.006211054045707	-1.0537952184677	0.0022208876907825	0.58348977565765
0.0057601630687714	-1.0528844594955	0.0030849426984787	0.65309107303619
0.0058215758763254	-1.0513817071915	0.0041401796042919	0.65930783748627
0.0062587484717369	-1.0490430593491	0.0056074485182762	0.72633403539658
0.0065915589220822	-1.0456635951996	0.0069416873157024	0.68643534183502
0.0072017754428089	-1.042494058609	0.0082148797810078	0.69864690303802
0.0072394120506942	-1.0394800901413	0.0095157995820045	0.70665895938873
0.0072694141417742	-1.0357767343521	0.010979928076267	0.65237760543823
0.0073555093258619	-1.0290288925171	0.01281351596117	0.74583113193512
0.0074677355587482	-1.0230016708374	0.013998966664076	0.76066464185715
0.0079429447650909	-1.0176360607147	0.015014126896858	0.77378332614899
0.0082469750195742	-1.0132987499237	0.015831228345633	0.78150022029877
0.0083758495748043	-1.0067776441574	0.01702056825161	0.79523944854736
0.0068778838030994	-1.0009542703629	0.017843224108219	0.72822266817093
0.0073116053827107	-0.99402302503586	0.018377482891083	0.81743270158768
0.007746409624815	-0.98691791296005	0.018599405884743	0.82695978879929
0.0075467936694622	-0.97851955890656	0.018702812492847	0.83167350292206
0.0074429637752473	-0.97288429737091	0.018726676702499	0.83231335878372
0.0076688737608492	-0.96611952781677	0.018728815019131	0.82924270629883
0.0078885555267334	-0.95660746097565	0.017975732684135	0.82202136516571
0.0086772926151752	-0.94901424646378	0.017253242433071	0.73244380950928
0.0082697477191687	-0.93956291675568	0.016233630478382	0.80382442474365
0.0079256724566221	-0.93210989236832	0.015130057930946	0.79298746585846
0.0075307707302272	-0.92346811294556	0.013397805392742	0.77804082632065
0.0075122895650566	-0.9162170290947	0.012071553617716	0.75828754901886
0.0072574499063194	-0.91020995378494	0.010716810822487	0.74122953414917
0.0072402665391564	-0.90601748228073	0.0093159452080727	0.7315376996994
0.0069914306513965	-0.90262734889984	0.008219413459301	0.7271141409874
0.0067425942979753	-0.89667725563049	0.0054132789373398	0.64884233474731
0.0067596109583974	-0.89205747842789	0.0022973082959652	0.71681600809097
0.0068497653119266	-0.89095264673233	0.0013018660247326	0.72012937068939
0.0071393512189388	-0.88895815610886	0.0012438148260117	0.70616710186005
0.0070232111029327	-0.88629293441772	0.0012310892343521	0.64084899425507
0.006699591409415	-0.8846018910408	0.0012662559747696	0.61688089370728
0.0065189157612622	-0.88382369279861	0.0012988410890102	0.54607182741165
0.0064395340159535	-0.88346385955811	0.0013152249157429	0.60095423460007
0.006374194752425	-0.88328623771667	0.0013235695660114	0.5988250374794
0.0063123079016805	-0.88319462537766	0.0013276189565659	0.59741199016571
0.006259189452976	-0.88315230607986	0.0013300143182278	0.59674698114395
0.0062111727893353	-0.88313639163971	0.0013310052454472	0.5964452624321
0.0061661712825298	-0.88313859701157	0.0013314485549927	0.59620040655136
0.0061294008046389	-0.88315141201019	0.0013318695127964	0.59619241952896
0.0061015356332064	-0.8831815123558	0.0013321340084076	0.59616738557816
0.0060605891048908	-0.88320171833038	0.0013318248093128	0.59826815128326
0.00600356888026	-0.88322162628174	0.0013316683471203	0.59949111938477
0.005950263235718	-0.88324290513992	0.001331377774477	0.6023553609848
0.0059206592850387	-0.88327008485794	0.0013317130506039	0.60310256481171
0.0059311366640031	-0.8833042383194	0.0013317279517651	0.60398328304291
0.005992051679641	-0.88423073291779	0.0013206489384174	0.60196560621262
0.0060319765470922	-0.88554751873016	0.0012981556355953	0.59819233417511
0.0056774877011776	-0.88673979043961	0.0012709945440292	0.58873546123505
0.005750925745815	-0.88818818330765	0.0011981688439846	0.025652006268501
0.0061407452449203	-0.88849592208862	0.0011416003108025	-0.0032023917883635
0.006421267054975	-0.88898384571075	0.0011065267026424	-0.0030536951962858
0.0065949433483183	-0.89006036520004	0.0010785683989525	-0.0032047897111624
0.007048194296658	-0.89135724306107	0.0010325908660889	-0.0040856394916773
0.0071798879653215	-0.89167076349258	0.00099765509366989	-0.0032361131161451
0.0079453531652689	-0.89402294158936	0.00095029175281525	-0.003639928996563
0.0081743942573667	-0.89463174343109	0.00091928988695145	-0.0035283477045596
0.0079243183135986	-0.89436227083206	0.00089842081069946	-0.0037345625460148
0.007745916955173	-0.89416015148163	0.00088333338499069	-0.0035019959323108
0.0079673528671265	-0.89425277709961	0.00086721032857895	-0.0036408230662346
0.0082466118037701	-0.89457976818085	0.00087424367666245	-0.0036753234453499
0.008256372064352	-0.89473992586136	0.00089113414287567	-0.0039994805119932
0.0085940454155207	-0.89595460891724	0.0009174719452858	-0.0036523826420307
0.0091629829257727	-0.89740699529648	0.0009552463889122	-0.003764569060877
0.009798233397305	-0.89764624834061	0.00098606944084167	-0.0037429556250572
0.010472413152456	-0.89779311418533	0.0010140836238861	-0.0038490977603942
0.010846850462258	-0.89859396219254	0.00106281042099	-0.003772598458454
0.010855443775654	-0.89884471893311	0.0011005029082298	-0.0034649190492928
0.011226027272642	-0.89943605661392	0.001130037009716	-0.0038368892855942
0.011718679219484	-0.90135622024536	0.0011747740209103	-0.0036630190443248
0.012195067480206	-0.90272748470306	0.0012207962572575	-0.0037568924017251
0.012302003800869	-0.90369021892548	0.0013101845979691	-0.0031511522829533
0.011962407268584	-0.90243726968765	0.0013733506202698	-0.0037808245979249
0.011560771614313	-0.9017134308815	0.0014169700443745	-0.0036123637109995
0.011052010580897	-0.90196818113327	0.0014511831104755	-0.0036759437061846
0.010283542796969	-0.90238755941391	0.001486886292696	0.21404334902763
0.0097283758223057	-0.90279543399811	0.0015227943658829	0.80810368061066
0.0091102309525013	-0.90258014202118	0.0015415102243423	0.73088258504868
0.0090865679085255	-0.90211135149002	0.0015523806214333	0.65158367156982
0.0091730635613203	-0.9017259478569	0.0015473365783691	0.65002822875977
0.0092618316411972	-0.90147477388382	0.0015427134931087	0.6479697227478
0.0093418676406145	-0.90131556987762	0.0015397742390633	0.64714825153351
0.0094069382175803	-0.90121012926102	0.0015375651419163	0.64670360088348
0.0094626732170582	-0.90114521980286	0.0015360936522484	0.64637386798859
0.0095088724046946	-0.90110325813293	0.0015354044735432	0.64637207984924
0.0095647936686873	-0.90105712413788	0.0015348829329014	0.6463508605957
0.0096125919371843	-0.90099275112152	0.0015345960855484	0.64631116390228
0.0096586290746927	-0.90093314647675	0.0015344060957432	0.64625471830368
0.009700964204967	-0.90088993310928	0.00153449177742	0.64618700742722
0.0097404113039374	-0.90084671974182	0.0015343762934208	0.64613664150238
0.0097793051972985	-0.90080404281616	0.0015343874692917	0.64613926410675
0.0098175555467606	-0.90076231956482	0.0015342645347118	0.6461124420166
0.0098575372248888	-0.90072363615036	0.0015342682600021	0.64610755443573
0.010097782127559	-0.90067082643509	0.0015377104282379	0.64582878351212
0.010073222219944	-0.90015077590942	0.0024127922952175	0.64871865510941
0.01024588290602	-0.89874958992004	0.0033532306551933	0.65507233142853
0.0098103024065495	-0.89536786079407	0.0052940621972084	0.60599499940872
0.01006914395839	-0.89195817708969	0.0067901499569416	0.68734723329544
0.010440423153341	-0.88871997594833	0.0083298049867153	0.7018193602562
0.010344685055315	-0.8859087228775	0.0095913745462894	0.71290355920792
0.0091920141130686	-0.88299608230591	0.010887708514929	0.71797049045563
0.0081143993884325	-0.87780034542084	0.013007409870625	0.73375874757767
0.0089386962354183	-0.87047845125198	0.014185715466738	0.68399000167847
0.0099616330116987	-0.86367923021317	0.014992542564869	0.77653503417969
0.010395050980151	-0.85865563154221	0.015834558755159	0.78368198871613
0.010626196861267	-0.85206168889999	0.01704178377986	0.79317718744278
0.010232051834464	-0.84566515684128	0.017851881682873	0.8019186258316
0.0093128029257059	-0.8390297293663	0.018353968858719	0.81551229953766
0.0086303483694792	-0.83093625307083	0.018628425896168	0.82290869951248
0.0093467272818089	-0.82302361726761	0.01892875880003	0.74765628576279
0.009445583447814	-0.81277340650558	0.018525116145611	0.82743179798126
0.00927490927279	-0.8043674826622	0.018249712884426	0.82180279493332
0.0090719610452652	-0.79776614904404	0.017750859260559	0.81687289476395
0.0093083260580897	-0.79250276088715	0.017313875257969	0.8143310546875
0.0086953369900584	-0.78565609455109	0.016391173005104	0.8141958117485
0.0088891368359327	-0.77770793437958	0.015345938503742	0.80268442630768
0.0088252518326044	-0.77069026231766	0.014077253639698	0.70678216218948
0.0087263053283095	-0.7633650302887	0.012536387890577	0.77275329828262
0.0086126383394003	-0.75703644752502	0.01083317771554	0.77092891931534
0.0087337903678417	-0.7512988448143	0.0093434378504753	0.75169104337692
0.0084068085998297	-0.74417531490326	0.0072322972118855	0.7816179394722
0.0083547793328762	-0.73823016881943	0.0052913501858711	0.69295084476471
0.008100513368845	-0.73468643426895	0.0037075877189636	0.67238473892212
0.0079021081328392	-0.73272228240967	0.0017241202294827	0.66853296756744
0.0078514870256186	-0.73139601945877	0.0012713521718979	0.59480726718903
0.0076601542532444	-0.72986137866974	0.0012761317193508	0.62141799926758
0.0073287021368742	-0.72912150621414	0.0012997984886169	0.60872948169708
0.0074364356696606	-0.72845882177353	0.0013069696724415	0.60049968957901
0.0075387633405626	-0.72806441783905	0.0013164952397346	0.59777331352234
0.0076281996443868	-0.72787374258041	0.0013235025107861	0.59708511829376
0.007728517986834	-0.72777718305588	0.0013274066150188	0.59686654806137
0.0078239142894745	-0.72774231433868	0.0013298019766808	0.59693366289139
0.0079038804396987	-0.7277404665947	0.0013308189809322	0.60148441791534
0.007982786744833	-0.727783203125	0.0013315863907337	0.59753906726837
0.0080532263964415	-0.7278391122818	0.0013319812715054	0.59772920608521
0.008128160610795	-0.72789353132248	0.0013322271406651	0.59774774312973
0.0082264039665461	-0.727918446064	0.0013317577540874	0.59756034612656
0.0083367330953479	-0.72793370485306	0.0013315863907337	0.59734684228897
0.0084375021979213	-0.72796028852463	0.0013316124677658	0.5973247885704
0.0085307788103819	-0.72799074649811	0.0013317242264748	0.59725499153137
0.0086170705035329	-0.72802984714508	0.001331802457571	0.59724700450897
0.0085966251790524	-0.72796076536179	0.0013323612511158	0.5970396399498
0.0086614917963743	-0.72871553897858	0.0013159066438675	0.59626996517181
0.0088863437995315	-0.73084092140198	0.0012709386646748	0.59452086687088
0.0087115280330181	-0.73324823379517	0.0012172274291515	0.16254229843616
0.0086095500737429	-0.73398458957672	0.0011536814272404	-0.0036534387618303
0.0092074638232589	-0.73424184322357	0.0011067539453506	-0.0029733129777014
0.010355014353991	-0.73452645540237	0.001070998609066	-0.0032208629418164
0.01215679384768	-0.73556011915207	0.0010302811861038	-0.0036938041448593
0.01378426887095	-0.73735862970352	0.00098859518766403	-0.00315882707946
0.015261184424162	-0.73845952749252	0.00095703452825546	-0.0032488952856511
0.015347369015217	-0.73851674795151	0.00093431025743484	-0.0033786303829402
0.01402544323355	-0.73840171098709	0.00091856718063354	-0.003319192212075
0.012530479580164	-0.73869115114212	0.00090238451957703	-0.0033460916019976
0.011370340362191	-0.73949187994003	0.00089111179113388	-0.0034344631712884
0.010160211473703	-0.74030703306198	0.00088007748126984	-0.0033883438445628
0.0086411889642477	-0.74178504943848	0.00088638812303543	-0.0037408643402159
0.0087282219901681	-0.74141198396683	0.00090494751930237	-0.0035463764797896
0.010012585669756	-0.74041152000427	0.00092799216508865	-0.00339489383623
0.010898782871664	-0.73977929353714	0.00095038115978241	-0.0034959553740919
0.011334761977196	-0.73984444141388	0.00096990168094635	-0.0038037453778088
0.012113153934479	-0.74075621366501	0.00099768489599228	-0.003567311912775
0.012504384852946	-0.74070751667023	0.0010411739349365	-0.0036976467818022
0.012634590268135	-0.7409839630127	0.0010903775691986	-0.0036683294456452
0.012498877942562	-0.74077516794205	0.0011326633393764	-0.003569298889488
0.012414239346981	-0.74071645736694	0.0011678300797939	-0.0037516094744205
0.012422474101186	-0.74111342430115	0.0012229047715664	-0.003616739064455
0.012085834518075	-0.74107760190964	0.0012728981673717	-0.0036721625365317
0.011784795671701	-0.74181067943573	0.0013227313756943	-0.0036908022593707
0.011212421581149	-0.74225813150406	0.0014193244278431	-0.0037603639066219
0.011083753779531	-0.74185693264008	0.0014805793762207	0.14772792160511
0.011074673384428	-0.74183917045593	0.0015298128128052	0.8806037902832
0.010783931240439	-0.74160701036453	0.0015527978539467	0.94454318284988
0.010728706605732	-0.74098736047745	0.001551978290081	0.82373130321503
0.010960418730974	-0.74047982692719	0.0015497617423534	0.8180490732193
0.011280979029834	-0.74011760950089	0.0015469752252102	0.81735241413116
0.01142465043813	-0.73958402872086	0.0015406534075737	0.81699323654175
0.011465013027191	-0.73917251825333	0.0015363208949566	0.81671875715256
0.01154300943017	-0.73888599872589	0.0015344545245171	0.81656056642532
0.011641593649983	-0.73866599798203	0.0015336684882641	0.81655132770538
0.011742554605007	-0.73848116397858	0.0015331208705902	0.8165168762207
0.011840898543596	-0.73831164836884	0.0015327371656895	0.816530585289
0.011937651783228	-0.73815190792084	0.0015330165624619	0.81648635864258
0.012027312070131	-0.73799651861191	0.0015325024724007	0.81655150651932
0.012117654085159	-0.73784959316254	0.0015324912965298	0.81652891635895
0.012195700779557	-0.7377023100853	0.0015326775610447	0.81648653745651
0.01194691285491	-0.73655867576599	0.0028453655540943	0.81670987606049
0.01199765689671	-0.7344776391983	0.0048683360219002	0.81709825992584
0.011868900619447	-0.72953552007675	0.0077792629599571	0.79361301660538
0.011317851021886	-0.72368693351746	0.010451521724463	0.79821842908859
0.01104954816401	-0.71781557798386	0.012883588671684	0.79971164464951
0.010356394574046	-0.7053011059761	0.015734367072582	0.91891354322433
0.0080815171822906	-0.6933599114418	0.017264112830162	0.82196629047394
0.0058457027189434	-0.68330377340317	0.017838895320892	0.74900048971176
0.007977444678545	-0.67111402750015	0.017862670123577	0.74506670236588
0.0083852242678404	-0.65888744592667	0.017040237784386	0.7222381234169
0.0079766009002924	-0.64812803268433	0.015458971261978	0.71049404144287
0.0076863588765264	-0.63943612575531	0.013650961220264	0.69767260551453
0.0067919562570751	-0.62545847892761	0.0076789408922195	0.60597479343414
0.006825570948422	-0.61550015211105	0.0032292790710926	0.64002960920334
0.0070516485720873	-0.61084914207458	0.0019606165587902	0.62125933170319
0.0070295562036335	-0.60861814022064	0.0017717033624649	0.61055636405945
0.0068966224789619	-0.60753870010376	0.0016860514879227	0.60707819461823
0.0068337600678205	-0.6070562005043	0.0016664080321789	0.60677802562714
0.0067851757630706	-0.60678482055664	0.0016627982258797	0.6071280837059
0.0067340154200792	-0.60656839609146	0.0016600824892521	0.6072336435318
0.0066857011988759	-0.60635936260223	0.0016558095812798	0.60725164413452
0.0066399406641722	-0.60615116357803	0.0016531571745872	0.60730808973312
0.0065957033075392	-0.60594290494919	0.0016514211893082	0.60744208097458
0.006552585400641	-0.6057356595993	0.0016504265367985	0.60746604204178
0.0065044239163399	-0.60552126169205	0.0016102939844131	0.60741007328033
0.0064572421833873	-0.60530877113342	0.001629076898098	0.6075085401535
0.0064069358631968	-0.60509449243546	0.0016471073031425	0.60745638608932
0.0063645178452134	-0.60488122701645	0.0016508586704731	0.60752201080322
0.0063265734352171	-0.60466235876083	0.0016508102416992	0.6073232293129
0.0063889138400555	-0.60466426610947	0.0013307854533195	0.60716241598129
0.0064523462206125	-0.60628426074982	0.0013072714209557	0.60061484575272
0.0064070750959218	-0.60756009817123	0.0012614615261555	0.28422045707703
0.0063663087785244	-0.60871303081512	0.0012254416942596	0.14375297725201
0.0064717042259872	-0.6099317073822	0.0011884458363056	0.11077263206244
0.0067356540821493	-0.61119711399078	0.0011243671178818	-0.0038655628450215
0.006716285366565	-0.61165010929108	0.0010816417634487	-0.0029593096114695
0.006452199537307	-0.61246913671494	0.0010559558868408	-0.0031312219798565
0.005431127268821	-0.61482805013657	0.0010117292404175	-0.0038017549086362
0.0039289114065468	-0.61613589525223	0.00097459554672241	-0.0030398052185774
0.0043966919183731	-0.61638325452805	0.00092803686857224	-0.0034236356150359
0.0056501277722418	-0.61619883775711	0.00090549886226654	-0.0032354374416173
0.0064819920808077	-0.61659246683121	0.00089462846517563	-0.0032954975031316
0.0066562793217599	-0.61735790967941	0.00087329000234604	-0.003871860448271
0.0064361332915723	-0.61708158254623	0.00087474286556244	-0.0032198044937104
0.0060290130786598	-0.6171168088913	0.00089055299758911	-0.0033332095481455
0.0051219882443547	-0.61821508407593	0.00091931968927383	-0.0039861127734184
0.0047098561190069	-0.61881220340729	0.00096312910318375	-0.0035615605302155
0.0052281557582319	-0.61833131313324	0.00099911540746689	-0.0034885662607849
0.0054200082086027	-0.61897045373917	0.0010298043489456	-0.0036016080994159
0.0060667442157865	-0.62013751268387	0.0010724142193794	-0.0036015391815454
0.0059711374342442	-0.62001347541809	0.0011444948613644	-0.0038145859725773
0.0054673752747476	-0.62000554800034	0.0012073889374733	-0.0036152540706098
0.0051459083333611	-0.61956852674484	0.0012563951313496	-0.0037574931047857
0.0049587963148952	-0.61955618858337	0.001284696161747	-0.0036627557128668
0.004885514266789	-0.61968177556992	0.0013279840350151	-0.0036690975539386
0.0050538047216833	-0.61979722976685	0.0013710968196392	-0.0037268958985806
0.0050480719655752	-0.62000900506973	0.0014085210859776	-0.0038084383122623
0.004928189329803	-0.62030100822449	0.0014565587043762	-0.0035835753660649
0.0048940991982818	-0.62022984027863	0.0015023089945316	0.20459386706352
0.0047507528215647	-0.61987829208374	0.0015272125601768	0.57960706949234
0.0048143700696528	-0.61892652511597	0.0015333332121372	0.93953764438629
0.0047767916694283	-0.61877018213272	0.0015342235565186	1.0879963636398
0.0046664839610457	-0.61876583099365	0.0015336386859417	0.81492835283279
0.0045792637392879	-0.61874306201935	0.0015338473021984	0.81364095211029
0.0045040873810649	-0.61870884895325	0.0015332028269768	0.81323373317719
0.004438831936568	-0.61867594718933	0.0015341192483902	0.81296336650848
0.0044034486636519	-0.61864030361176	0.0015393421053886	0.8128308057785
0.004396625328809	-0.61849826574326	0.0015333406627178	0.81224727630615
0.0044004241935909	-0.61839884519577	0.0015399418771267	0.81263816356659
0.004389519803226	-0.61828541755676	0.0015333518385887	0.81261700391769
0.0043757595121861	-0.61817842721939	0.001533504575491	0.81275570392609
0.0043687359429896	-0.61806786060333	0.0015332251787186	0.81273651123047
0.0043643736280501	-0.61796128749847	0.0015336573123932	0.81280642747879
0.0043626045808196	-0.61785662174225	0.0015334039926529	0.81273257732391
0.0043453830294311	-0.61774754524231	0.0015331916511059	0.81262797117233
0.0043366807512939	-0.61763471364975	0.0015333220362663	0.81260824203491
0.0043240333907306	-0.61752396821976	0.0015331767499447	0.8126859664917
0.0043072518892586	-0.61741572618484	0.0015331730246544	0.81271779537201
0.0042916932143271	-0.61730688810349	0.0015331357717514	0.81272125244141
0.0042756302282214	-0.61719703674316	0.0015333406627178	0.81270802021027
0.0042157070711255	-0.61712563037872	0.0015350468456745	0.81100618839264
0.0046448819339275	-0.61580038070679	0.0026814676821232	0.73350185155869
0.0049392632208765	-0.61396652460098	0.0046317242085934	0.81149178743362
0.0049854577519	-0.61062908172607	0.0075425542891026	0.81071269512177
0.0050722621381283	-0.60693085193634	0.010169614106417	0.79741030931473
0.0046925023198128	-0.59952169656754	0.014063369482756	0.79648691415787
0.0045053344219923	-0.592005610466	0.015923149883747	0.77116703987122
0.004134182818234	-0.58328956365585	0.017363179475069	0.81647855043411
0.0041490714065731	-0.57520973682404	0.017373789101839	0.8418008685112
0.0045507871545851	-0.56814646720886	0.016526184976101	0.73099315166473
0.0044948584400117	-0.56251573562622	0.015343815088272	0.64057290554047
0.0037270747125149	-0.55301696062088	0.010051183402538	0.69618284702301
0.0034919227473438	-0.54591250419617	0.0058977678418159	0.6668449640274
0.0036135851405561	-0.54093199968338	0.0025292038917542	0.64537996053696
0.0040207915008068	-0.53809249401093	0.0016479268670082	0.62114715576172
0.0041381348855793	-0.53668403625488	0.0013966262340546	0.61066329479218
0.0040958803147078	-0.53621590137482	0.0014059320092201	0.60821038484573
0.0041608461178839	-0.53597450256348	0.0014092028141022	0.60751014947891
0.0041994210332632	-0.53584468364716	0.0014586672186852	0.60728055238724
0.0041818846948445	-0.53569811582565	0.001474492251873	0.60714781284332
0.004152400419116	-0.53552734851837	0.0014769956469536	0.60706371068954
0.0041233012452722	-0.53534823656082	0.0014772862195969	0.60706251859665
0.0040953583084047	-0.53516739606857	0.0014782175421715	0.60699832439423
0.0040547009557486	-0.53498655557632	0.0014735907316208	0.54657447338104
0.0040186014957726	-0.5347974896431	0.0014817863702774	0.60733497142792
0.0039722793735564	-0.53460651636124	0.0014801099896431	0.60695666074753
0.0039388909935951	-0.53441244363785	0.0014830902218819	0.60683470964432
0.003904256504029	-0.53421872854233	0.001467376947403	0.60686206817627
0.0038665803149343	-0.53402465581894	0.0014850497245789	0.60665982961655
0.0038371039554477	-0.53382480144501	0.0014857053756714	0.60679322481155
0.0038282559253275	-0.53362816572189	0.0014674812555313	0.60677248239517
0.0037714228965342	-0.5337907075882	0.00092795491218567	0.60642898082733
0.0033580390736461	-0.53574138879776	0.00094971805810928	0.60144478082657
0.0033619678579271	-0.53677272796631	0.00099030882120132	0.013576899655163
0.0031567867845297	-0.53714728355408	0.0010224506258965	-0.0028639065567404
0.0027630175463855	-0.53784966468811	0.0010456815361977	-0.003833323251456
0.0023899041116238	-0.5396483540535	0.0010709315538406	-0.0031179150100797
0.0017256806604564	-0.54095506668091	0.0011137686669827	-0.0034010340459645
0.00055603915825486	-0.54209816455841	0.0012159794569016	-0.003769485745579
0.00091298576444387	-0.54129356145859	0.0012748874723911	-0.0054906141012907
0.0012989067472517	-0.54105854034424	0.00133091583848	-0.0036241065245122
0.0018274476751685	-0.54065078496933	0.0013776123523712	-0.0037662885151803
0.0042827124707401	-0.5434113740921	0.0014408566057682	-0.0029425879474729
0.0040169679559767	-0.54291993379593	0.0015319809317589	-0.0040202718228102
0.0026061944663525	-0.54134613275528	0.0015455149114132	0.036825269460678
0.0014159632846713	-0.54018932580948	0.0015453137457371	0.25760239362717
0.00076400022953749	-0.53946715593338	0.001539945602417	0.27794903516769
0.00046995561569929	-0.53904175758362	0.0015360452234745	0.29162031412125
0.00033502420410514	-0.53875511884689	0.0015337318181992	0.29693180322647
0.00025806995108724	-0.53852409124374	0.0015336908400059	0.2999401986599
0.00020896783098578	-0.53831619024277	0.0015336088836193	0.30173695087433
0.00016990350559354	-0.53811717033386	0.0015327073633671	0.30272403359413
0.00013408018276095	-0.53792482614517	0.0015325285494328	0.30332452058792
0.00010046642273664	-0.53773552179337	0.0015327446162701	0.30363169312477
6.8407505750656e-05	-0.53754937648773	0.001533031463623	0.30376607179642
3.8831029087305e-05	-0.53736478090286	0.0015322864055634	0.30376642942429
9.3835406005383e-06	-0.5371807217598	0.0015325285494328	0.30383613705635
-2.1399930119514e-05	-0.53699612617493	0.0015327967703342	0.30401736497879
-5.1545910537243e-05	-0.53681099414825	0.001532569527626	0.30404794216156
-8.2298647612333e-05	-0.53662711381912	0.0015324987471104	0.30398720502853
-0.00011264998465776	-0.53644210100174	0.0015323236584663	0.3041099011898
0.00014080805703998	-0.5368857383728	0.001548744738102	0.32901993393898
8.6181331425905e-05	-0.53659981489182	0.0015611052513123	0.45376023650169
-0.00061068031936884	-0.53360331058502	0.0032469853758812	0.7406011223793
-0.0019462644122541	-0.53033941984177	0.0040730312466621	0.92685109376907
-0.0026052850298584	-0.52772104740143	0.0050792880356312	0.6720050573349
-0.0014370526187122	-0.52361971139908	0.0077192522585392	0.74671375751495
-0.00049466360360384	-0.51863795518875	0.0093326792120934	0.71326005458832
-0.00078470772132277	-0.51339989900589	0.011442307382822	0.72533452510834
-0.00069621670991182	-0.50520318746567	0.013682968914509	0.68035733699799
-0.00024846848100424	-0.49794057011604	0.014833573251963	0.77193135023117
-8.4545463323593e-06	-0.49132320284843	0.016266908496618	0.77554923295975
-0.00016997708007693	-0.48162245750427	0.017617166042328	0.79544627666473
-8.7710097432137e-05	-0.47354456782341	0.018122941255569	0.80789744853973
-0.00016276584938169	-0.46741631627083	0.018591791391373	0.81238329410553
-0.00033629313111305	-0.45734229683876	0.018792472779751	0.74810147285461
-0.00037725968286395	-0.44889324903488	0.018552854657173	0.82663691043854
-0.00051052076742053	-0.44245061278343	0.018226101994514	0.82655841112137
-0.00086649646982551	-0.4345515370369	0.017517514526844	0.82132756710052
-0.00072393845766783	-0.4274080991745	0.017464198172092	0.81010836362839
-0.0013126526027918	-0.41757011413574	0.016213722527027	0.80025827884674
-0.0017026802524924	-0.40491145849228	0.014027461409569	0.78069484233856
-0.0011841258965433	-0.39541518688202	0.01195028424263	0.76095700263977
-0.00093425763770938	-0.38961899280548	0.010501898825169	0.74633228778839
-0.00094480626285076	-0.38505160808563	0.0084088817238808	0.74223840236664
-0.0010127774439752	-0.38070195913315	0.0039898194372654	0.74116724729538
0.00010725716128945	-0.37394115328789	0.0010942816734314	0.6475989818573
0.00023735221475363	-0.3687284886837	0.001211304217577	0.63586068153381
-7.3862727731466e-05	-0.36497101187706	0.0012335926294327	0.60853010416031
-0.00057055987417698	-0.36330264806747	0.0012811496853828	0.60198259353638
-0.00095321284607053	-0.36278340220451	0.0013123452663422	0.600745677948
-0.0011215978302062	-0.36263483762741	0.0013236440718174	0.59820234775543
-0.0012423135340214	-0.36254158616066	0.0013280287384987	0.59786021709442
-0.0013142866082489	-0.36251053214073	0.0013299696147442	0.5976185798645
-0.0013598487712443	-0.36252188682556	0.0013305954635143	0.59749048948288
-0.0014086249284446	-0.36254861950874	0.0013310089707375	0.5974063873291
-0.0014787348918617	-0.36258992552757	0.0013315454125404	0.59750574827194
-0.0015220372006297	-0.36264416575432	0.0013317503035069	0.59748315811157
-0.0015570614486933	-0.36270460486412	0.0013318583369255	0.59746664762497
-0.0015921937301755	-0.36276808381081	0.0013318508863449	0.59749090671539
-0.0016262489371002	-0.36283189058304	0.0013318099081516	0.59745991230011
-0.0016638389788568	-0.36289137601852	0.0013318434357643	0.59740990400314
-0.0016758176498115	-0.3629469871521	0.0013321377336979	0.59746354818344
-0.0016732132062316	-0.3630031645298	0.0013319104909897	0.59731662273407
-0.0017123161815107	-0.36405831575394	0.0013158842921257	0.59646368026733
-0.0017457460053265	-0.36554470658302	0.0012872964143753	0.59412169456482
-0.0017076199874282	-0.36668768525124	0.0012467466294765	0.33994024991989
-0.0015385551378131	-0.36748829483986	0.001208920031786	0.20418456196785
-0.0015719775110483	-0.36834588646889	0.0011718757450581	-0.0035091110039502
-0.0013567176647484	-0.36988478899002	0.0011204779148102	-0.0034758723340929
-0.0011063320562243	-0.37054798007011	0.0010779090225697	-0.0031072427518666
-0.0014680433087051	-0.37121504545212	0.0010470002889633	-0.0032346441876143
-0.0016139247454703	-0.37275123596191	0.0010063648223877	-0.0037410408258438
-0.0016104774549603	-0.37337440252304	0.00097446143627167	-0.0032981312833726
-0.0018125572241843	-0.37426400184631	0.00095263868570328	-0.0034840989392251
-0.0017003901302814	-0.37446767091751	0.00092813372612	-0.0035595227964222
-0.0017703929916024	-0.37536570429802	0.00090376287698746	-0.0035399806220084
-0.0019731991924345	-0.37585493922234	0.00088517367839813	-0.0036219425965101
-0.0019106515683234	-0.37620896100998	0.00087020546197891	-0.0035419829655439
-0.001243676058948	-0.37648475170135	0.00086629390716553	-0.0037451933603734
-0.00073427427560091	-0.37686830759048	0.00088588148355484	-0.0035794030409306
-0.00076001975685358	-0.37770360708237	0.00092042982578278	-0.0038453999441117
-0.00072274915874004	-0.37808981537819	0.00096311420202255	-0.0037064594216645
-0.00074120191857219	-0.37759086489677	0.00099766999483109	-0.003725043265149
-0.00082240300253034	-0.37751361727715	0.0010233968496323	-0.0036988344509155
-0.00096182385459542	-0.37800833582878	0.0010443851351738	-0.0037410377990454
-0.0015660841017962	-0.37879392504692	0.0010770484805107	-0.0038001413922757
-0.0016382457688451	-0.38001522421837	0.0011157765984535	-0.0037503570783883
-0.0016967421397567	-0.38156002759933	0.0011651962995529	-0.003732206299901
-0.0021972451359034	-0.38244554400444	0.0012357346713543	-0.0037876213900745
-0.0024501741863787	-0.38346779346466	0.0013078302145004	-0.0033128608483821
-0.0021877298131585	-0.38291448354721	0.0013704746961594	-0.0039505758322775
-0.0020139776170254	-0.38226538896561	0.0014199241995811	-0.0037373206578195
-0.0020000468939543	-0.38200783729553	0.0014599412679672	-0.0038789468817413
-0.0020479457452893	-0.38253432512283	0.0015300177037716	0.55383121967316
-0.0021351617760956	-0.38136231899261	0.0015508085489273	0.91017377376556
-0.0023153671063483	-0.38062456250191	0.0015369839966297	0.86703872680664
-0.0024018278345466	-0.38041913509369	0.0015335641801357	0.79196959733963
-0.0025014826096594	-0.38028684258461	0.0015323013067245	0.78910082578659
-0.0025952132418752	-0.38018745183945	0.001531396061182	0.78805911540985
-0.0026870570145547	-0.38011655211449	0.0015311241149902	0.78780001401901
-0.0027783424593508	-0.38005796074867	0.001530222594738	0.78757905960083
-0.0028604655526578	-0.38000467419624	0.0015300810337067	0.78751242160797
-0.0029369294643402	-0.37995553016663	0.0015298165380955	0.78745925426483
-0.0030101113952696	-0.37990665435791	0.0015304200351238	0.78755033016205
-0.0030754283070564	-0.37985625863075	0.0015302300453186	0.78749519586563
-0.0031350869685411	-0.379802942276	0.0015302151441574	0.78749877214432
-0.0031953873112798	-0.37974926829338	0.0015301965177059	0.78751045465469
-0.0032535293139517	-0.37969797849655	0.0015304312109947	0.78756380081177
-0.0032946914434433	-0.37839370965958	0.0033992864191532	0.78970539569855
-0.0027693388983607	-0.37375941872597	0.0064792446792126	0.72118175029755
-0.0023046666756272	-0.36900380253792	0.0085527002811432	0.80878531932831
-0.0023512090556324	-0.3642652630806	0.010384060442448	0.82022398710251
-0.0024406565353274	-0.36012986302376	0.011974573135376	0.82549268007278
-0.0025038276799023	-0.35374030470848	0.014405932277441	0.83228969573975
-0.0024320813827217	-0.34728536009789	0.015864592045546	0.82909643650055
-0.002053935546428	-0.34065809845924	0.016820728778839	0.82464188337326
-0.0018082344904542	-0.33424335718155	0.017481688410044	0.81889092922211
-0.0015067216008902	-0.32841530442238	0.017918173223734	0.81320750713348
-0.0015057879500091	-0.32246395945549	0.018239490687847	0.80723917484283
-0.0012778341770172	-0.31727036833763	0.018327102065086	0.72186690568924
-0.00044745719060302	-0.30990448594093	0.017837092280388	0.79782181978226
-0.00016195653006434	-0.30455881357193	0.017156839370728	0.79807096719742
-8.0017372965813e-05	-0.29844465851784	0.015536986291409	0.79975265264511
-0.0010800650343299	-0.29316389560699	0.014540821313858	0.80029296875
-0.0017276247963309	-0.28775504231453	0.011899851262569	0.79927790164948
-0.0021473965607584	-0.27991646528244	0.0089543759822845	0.72092545032501
-0.00072724232450128	-0.27066513895988	0.007010892033577	0.72159564495087
5.3748488426208e-05	-0.26164051890373	0.0036000832915306	0.66929262876511
0.00011234963312745	-0.25597640872002	0.0015245229005814	0.6354341506958
-0.0002045794390142	-0.25315371155739	0.00097871571779251	0.61931639909744
-0.00031271204352379	-0.25275537371635	0.0009777769446373	0.61547821760178
-0.00040164543315768	-0.25248250365257	0.00097835808992386	0.61330318450928
-0.00045115407556295	-0.25224846601486	0.00097861140966415	0.61261755228043
-0.00047209346666932	-0.25202664732933	0.00097866356372833	0.61210834980011
-0.00046793511137366	-0.25180193781853	0.00097861886024475	0.61149144172668
-0.0004612528719008	-0.25158858299255	0.00097864866256714	0.61138927936554
-0.00044343108311296	-0.25136944651604	0.00097862631082535	0.61116540431976
-0.00043235486373305	-0.25115251541138	0.00097864866256714	0.61102730035782
-0.00043699331581593	-0.25095644593239	0.00097870081663132	0.61112642288208
-0.00044762063771486	-0.25075915455818	0.00097854435443878	0.61115801334381
-0.00044968305155635	-0.25056520104408	0.00097843259572983	0.61131680011749
-0.00046081328764558	-0.25037142634392	0.00097855180501938	0.61146527528763
-0.00046682683750987	-0.25017613172531	0.00097832828760147	0.61132884025574
-0.00037205824628472	-0.24991989135742	0.00097523629665375	0.60981899499893
-0.00060746120288968	-0.25170677900314	0.00094467401504517	0.15669025480747
-0.00050724809989333	-0.25256741046906	0.0009179562330246	-0.0031222959514707
-0.00059349602088332	-0.25317874550819	0.00089931488037109	-0.0035430695861578
-0.00079965777695179	-0.25358760356903	0.00088407844305038	-0.0033234325237572
-0.00098672974854708	-0.25405886769295	0.00087150186300278	-0.0031635663472116
-0.0011363592930138	-0.25497880578041	0.00088122487068176	-0.0041073067113757
-0.0012358985841274	-0.25522673130035	0.00090373307466507	-0.0031636692583561
-0.0015169815160334	-0.25587391853333	0.00092256814241409	-0.0036081462167203
-0.001844484359026	-0.25631532073021	0.00094705820083618	-0.0038911285810173
-0.0017243605107069	-0.25625151395798	0.00097037851810455	-0.0036306015681475
-0.0016962909139693	-0.25632265210152	0.00099573284387589	-0.0036657359451056
-0.0020903833210468	-0.25678423047066	0.0010173246264458	-0.0036945212632418
-0.0034433910623193	-0.25826171040535	0.001048356294632	-0.0037629182916135
-0.0035832487046719	-0.25908315181732	0.0011086836457253	-0.0038421447388828
-0.0033451290801167	-0.2590671479702	0.0011831745505333	-0.0038241364527494
-0.0033736298792064	-0.25864601135254	0.0012372508645058	-0.003473209682852
-0.0036487285979092	-0.25863686203957	0.0013038292527199	-0.003865759819746
-0.0037329769693315	-0.25854501128197	0.0013553164899349	-0.0037164911627769
-0.0040385690517724	-0.25904434919357	0.0013986267149448	-0.0036431369371712
-0.004811420571059	-0.25953462719917	0.0014509409666061	-0.0033982389140874
-0.0054954732768238	-0.25997611880302	0.0014985911548138	-0.0037639033980668
-0.0057839248329401	-0.25999221205711	0.0015195645391941	-0.0036471697967499
-0.0060363891534507	-0.26006785035133	0.0015271306037903	-0.0035657889675349
-0.0063447523862123	-0.26006531715393	0.0015337355434895	-0.0035066232085228
-0.0066306376829743	-0.26002296805382	0.0015368089079857	0.21404695510864
-0.0064455787651241	-0.2595137655735	0.0015377625823021	0.33059948682785
-0.0060327616520226	-0.2588349878788	0.0015349648892879	0.35753211379051
-0.0056941569782794	-0.25823199748993	0.0015283189713955	0.38816279172897
-0.0055844825692475	-0.25781038403511	0.0015239492058754	0.40886750817299
-0.0055858623236418	-0.25752136111259	0.0015216916799545	0.4199321269989
-0.0056436439044774	-0.25728031992912	0.0015205964446068	0.42395028471947
-0.0057187392376363	-0.25706487894058	0.0015201270580292	0.42661303281784
-0.0058037433773279	-0.25687679648399	0.0015198104083538	0.42789345979691
-0.0058851311914623	-0.25671449303627	0.0015195310115814	0.42751336097717
-0.0059482622891665	-0.2565530538559	0.0015189461410046	0.42816591262817
-0.0060050254687667	-0.2563850581646	0.0015176311135292	0.42966485023499
-0.0060641695745289	-0.25621971487999	0.0015175454318523	0.4298420548439
-0.0061203148216009	-0.25605675578117	0.0015190988779068	0.43019324541092
-0.0061786635778844	-0.25589483976364	0.0015175268054008	0.43017321825027
-0.0062388419173658	-0.25573533773422	0.0015175007283688	0.43018800020218
-0.0064923032186925	-0.25566080212593	0.0015347972512245	0.76711761951447
-0.006640734616667	-0.25445008277893	0.0019857697188854	0.65955853462219
-0.0063030212186277	-0.25335356593132	0.0032268203794956	0.66422241926193
-0.0059524127282202	-0.25168541073799	0.0051144361495972	0.66671580076218
-0.0068131615407765	-0.24980764091015	0.0067751854658127	0.66915208101273
-0.0060500991530716	-0.24595944583416	0.0084655322134495	0.62283998727798
-0.0057786987163126	-0.24019928276539	0.010513696819544	0.71982300281525
-0.0051195397973061	-0.2352100610733	0.011851232498884	0.73735481500626
-0.0048841047100723	-0.23056954145432	0.01316324993968	0.75276857614517
-0.004681533202529	-0.2264092862606	0.014157943427563	0.7669118642807
-0.0043389676138759	-0.2203354537487	0.01575580984354	0.78246337175369
-0.0038693961687386	-0.21497741341591	0.016643472015858	0.79291844367981
-0.0042531257495284	-0.20805577933788	0.017687059938908	0.80662840604782
-0.004480323754251	-0.20285396277905	0.018171761184931	0.81559598445892
-0.0050141690298915	-0.19814571738243	0.018582731485367	0.82463759183884
-0.0054729240946472	-0.1921826004982	0.018802389502525	0.74723887443542
-0.0040148524567485	-0.18546761572361	0.018975794315338	0.82871264219284
-0.0035692350938916	-0.17622691392899	0.018484905362129	0.82220840454102
-0.0030682124197483	-0.16869768500328	0.017743200063705	0.81529074907303
-0.0024655181914568	-0.16325271129608	0.017065577208996	0.8094345331192
-0.0021680742502213	-0.15946534276009	0.016491077840328	0.80820590257645
-0.0023113070055842	-0.15246729552746	0.015307500958443	0.79951655864716
-0.0024627754464746	-0.14638298749924	0.013993129134178	0.70624077320099
-0.0021488103084266	-0.14131684601307	0.012758284807205	0.77080166339874
-0.0021024881862104	-0.136484593153	0.010760270059109	0.75938242673874
-0.002620012499392	-0.12977589666843	0.0087370574474335	0.74123764038086
-0.0024301181547344	-0.12262323498726	0.0067073330283165	0.70553559064865
-0.002606906928122	-0.11649553477764	0.0039123743772507	0.68172389268875
-0.0025373166427016	-0.11203394830227	0.0023462846875191	0.65859007835388
-0.0025955736637115	-0.10953146964312	0.00097715854644775	0.63999021053314
-0.0029128426685929	-0.10903375595808	0.00097125023603439	0.63335853815079
-0.0028895898722112	-0.10786986351013	0.0009591206908226	0.55611103773117
-0.0029572239145637	-0.10687148571014	0.00096441805362701	0.60353899002075
-0.0029654740355909	-0.10644417256117	0.00097205489873886	0.60026687383652
-0.0029288572259247	-0.10621569305658	0.00097552686929703	0.59874987602234
-0.0028861491009593	-0.10602618008852	0.00097676366567612	0.59779417514801
-0.0028455411083996	-0.10586993396282	0.00097733736038208	0.5991023182869
-0.0028003975749016	-0.10573495924473	0.00097793340682983	0.59840375185013
-0.0027520866133273	-0.10561919212341	0.00097808241844177	0.59792602062225
-0.0026862476952374	-0.10552057623863	0.00097865611314774	0.59808522462845
-0.0026088464073837	-0.10545195639133	0.0009789764881134	0.59857511520386
-0.0025439583696425	-0.10539170354605	0.00097914040088654	0.59877818822861
-0.002479393966496	-0.10533252358437	0.00097920000553131	0.59893977642059
-0.0021525993943214	-0.10705383121967	0.00096228718757629	0.31062823534012
-0.002022260800004	-0.1080613732338	0.00093614310026169	-0.00029396155150607
-0.002154097892344	-0.10857170820236	0.00091510266065598	-0.0033335003536195
-0.0023089898750186	-0.10913759469986	0.00089696049690247	-0.0033550257794559
-0.0024986863136292	-0.10976862162352	0.00088260322809219	-0.0033458857797086
-0.0027807713486254	-0.11255034059286	0.0008680522441864	-0.0036680593620986
-0.0029140980914235	-0.11353658884764	0.00090110301971436	-0.0037810504436493
-0.0028680032119155	-0.11333011090755	0.00093371421098709	-0.0034976326860487
-0.0028721312992275	-0.11284100264311	0.00095953792333603	-0.0036025275476277
-0.0030377064831555	-0.11281015723944	0.00097715109586716	-0.0036652437411249
-0.0034355609677732	-0.11326806247234	0.00099778920412064	-0.0037414461839944
-0.0036343350075185	-0.11374033242464	0.0010207071900368	-0.003689068602398
-0.0034535205923021	-0.11426796764135	0.0010438710451126	-0.0037552546709776
-0.0036725276149809	-0.11481406539679	0.0010733529925346	-0.0037522562779486
-0.0038310168311	-0.11503755301237	0.001109667122364	-0.0037076291628182
-0.0040887827053666	-0.11543565988541	0.0011355318129063	-0.0037321082782
-0.0035260743461549	-0.1164868324995	0.0011725947260857	-0.003692263038829
-0.0030245599336922	-0.11674819141626	0.0012505613267422	-0.0035562242846936
-0.0035293395631015	-0.116395637393	0.0012977942824364	-0.0036780084483325
-0.0031418786384165	-0.11695683002472	0.0013488605618477	-0.0037913124542683
-0.0028405990451574	-0.11731407046318	0.0014003068208694	-0.0036728591658175
-0.0027921665459871	-0.1179596632719	0.0014276839792728	-0.0036414465866983
-0.0022617592476308	-0.11865044385195	0.0014864951372147	-0.0028710400220007
-0.0031927316449583	-0.11811684072018	0.0015536285936832	0.098775014281273
-0.003924282733351	-0.11706078797579	0.0015693679451942	0.32518893480301
-0.0044905198737979	-0.11621567606926	0.0015559606254101	0.36291658878326
-0.0047662924043834	-0.11565209925175	0.0015434697270393	0.39234918355942
-0.0048977490514517	-0.11522617936134	0.0015389733016491	0.40956383943558
-0.0049664969556034	-0.1148718893528	0.0015348643064499	0.42196330428123
-0.0050091445446014	-0.11456133425236	0.0015329197049141	0.42999944090843
-0.0050477352924645	-0.11428067833185	0.0015311390161514	0.43542414903641
-0.005088952369988	-0.11402291804552	0.0015313923358917	0.43899184465408
-0.0051313764415681	-0.11377479881048	0.0015298202633858	0.44140338897705
-0.005175556987524	-0.11353699862957	0.0015293806791306	0.4430143237114
-0.0052145873196423	-0.11329641193151	0.00152887403965	0.40878286957741
-0.005240058992058	-0.11306393891573	0.0015292055904865	0.44543346762657
-0.0052630328573287	-0.11282907426357	0.0015300400555134	0.44465723633766
-0.0052960203029215	-0.11297000944614	0.0015362575650215	0.38763901591301
-0.0055586514063179	-0.11016887426376	0.0042052417993546	0.68586128950119
-0.0054650502279401	-0.10469764471054	0.0066684260964394	0.70061755180359
-0.0052589871920645	-0.099618524312973	0.008176539093256	0.70006203651428
-0.0039474163204432	-0.093814551830292	0.010347787290812	0.72102463245392
-0.0031735463999212	-0.089213714003563	0.011855345219374	0.66431111097336
-0.0027617760933936	-0.085738122463226	0.013070333749056	0.74358266592026
-0.0025034099817276	-0.083113379776478	0.014216687530279	0.74531722068787
-0.0034512258134782	-0.074323020875454	0.015980079770088	0.76496201753616
-0.0036893454380333	-0.065848357975483	0.016681578010321	1.0655716657639
-0.0036669876426458	-0.059582978487015	0.017268922179937	1.0824792385101
-0.0038983542472124	-0.05388443171978	0.017840474843979	0.92106354236603
-0.0040689115412533	-0.049005020409822	0.018218599259853	0.80941134691238
-0.004148141015321	-0.04534275829792	0.018611505627632	0.811294734478
-0.0035825064405799	-0.035368498414755	0.018995590507984	0.75258135795593
-0.0031327717006207	-0.026623386889696	0.018683664500713	0.8194677233696
-0.002864089794457	-0.018529057502747	0.018139898777008	0.82392996549606
-0.0031321137212217	-0.011764325201511	0.017497308552265	0.82850056886673
-0.0026377346366644	-0.0048568826168776	0.016358703374863	0.8234691619873
-0.0021732579916716	0.0072294175624847	0.015352673828602	0.84637868404388
-0.0018558911979198	0.019298035651445	0.013405576348305	1.0635598897934
-0.0018592327833176	0.027160253375769	0.011659782379866	1.0651342868805
-0.0021406724117696	0.036966305226088	0.0090428553521633	0.80564880371094
-0.0017965524457395	0.045059289783239	0.0070086605846882	0.69858759641647
-0.0016175918281078	0.050979301333427	0.0052224099636078	0.67363613843918
-0.0015390967018902	0.055173993110657	0.0037119314074516	0.65863615274429
-0.0014722109772265	0.057702396064997	0.002470538020134	0.64440721273422
-0.001374221406877	0.059103950858116	0.0013269521296024	0.64311873912811
-0.0015180399641395	0.060370981693268	0.0012873783707619	0.57456767559052
-0.0016344785690308	0.061811231076717	0.0012779831886292	0.60726398229599
-0.0016247015446424	0.062681823968887	0.001293983310461	0.59729194641113
-0.0015842467546463	0.063040010631084	0.0013133250176907	0.59539306163788
-0.0015753554180264	0.063101291656494	0.0013268925249577	0.59905958175659
-0.001575487665832	0.063103854656219	0.0013289749622345	0.59986287355423
-0.0015324135310948	0.063080504536629	0.0013310201466084	0.59992235898972
-0.0014659599401057	0.06304332613945	0.0013304874300957	0.59956574440002
-0.0013975240290165	0.062998279929161	0.0013316422700882	0.59962666034698
-0.0013161795213819	0.062950767576694	0.0013317503035069	0.59966003894806
-0.0012385519221425	0.062899500131607	0.0013318844139576	0.5973813533783
-0.0011636726558208	0.06284349411726	0.0013317987322807	0.59727030992508
-0.0010823043994606	0.062788404524326	0.0013318844139576	0.59725618362427
-0.0010034223087132	0.062733337283134	0.0013320185244083	0.59720486402512
-0.00093712378293276	0.062669984996319	0.0013320185244083	0.59719723463058
-0.00085811270400882	0.062610521912575	0.0013319030404091	0.59717053174973
-0.00077042868360877	0.062556512653828	0.0013309344649315	0.59712970256805
-0.00067466218024492	0.061647590249777	0.0013135820627213	0.59649008512497
-0.0006131767295301	0.06028325855732	0.0012866482138634	0.59572619199753
-0.00043096905574203	0.058709248900414	0.0012562051415443	0.56217849254608
-0.00066752359271049	0.056623712182045	0.0012066252529621	0.07108760625124
-0.00075639272108674	0.056283552199602	0.0011441931128502	-0.0036034912336618
-4.8073008656502e-05	0.055916033685207	0.0010842345654964	-0.0033785391133279
0.00051856506615877	0.056096941232681	0.0010411366820335	-0.003105330048129
0.00089424988254905	0.056073300540447	0.0010140389204025	-0.0032564538996667
0.00070251617580652	0.055909678339958	0.00099405646324158	-0.0033845335710794
-0.00026913918554783	0.053414277732372	0.00095587223768234	-0.0043250601738691
-0.0010182447731495	0.051900006830692	0.00092590600252151	-0.0031477804295719
-0.0018427465111017	0.050765980035067	0.00088629126548767	-0.0040682973340154
-0.0017710863612592	0.052097983658314	0.00087296962738037	-0.0035283316392452
-0.0016523199155927	0.052970755845308	0.00089361518621445	-0.0036465511657298
-0.0013105082325637	0.053140409290791	0.0009077712893486	-0.0037736627273262
-0.0014312113635242	0.05213437974453	0.00093303620815277	-0.0037189193535596
-0.0014452240429819	0.051327709108591	0.00095763802528381	-0.0037647723220289
-0.0010965173132718	0.050996359437704	0.00098589062690735	-0.0037179726641625
-0.0012292466126382	0.050311475992203	0.0010093152523041	-0.0037477179430425
-0.0029935925267637	0.049079917371273	0.00108253210783	-0.0036630753893405
-0.0036280346103013	0.050299268215895	0.0011393241584301	-0.0040059043094516
-0.0040608164854348	0.051412768661976	0.0011798106133938	-0.0036301710642874
-0.0043626497499645	0.05138074606657	0.0012293271720409	-0.0036974851973355
-0.0045968135818839	0.051670216023922	0.0012761689722538	-0.0035259812138975
-0.0047095166519284	0.051802836358547	0.0013166777789593	-0.0037770371418446
-0.0050620762631297	0.051424883306026	0.0013555139303207	-0.0036566010676324
-0.0060259439051151	0.049448102712631	0.00141965970397	-0.0030642356723547
-0.0066813444718719	0.049241453409195	0.0015239752829075	0.44758480787277
-0.0067229340784252	0.049899160861969	0.0015464089810848	0.8303918838501
-0.0063867466524243	0.050638854503632	0.0015500597655773	0.74939274787903
-0.0058303885161877	0.051523655653	0.0015440843999386	0.72361171245575
-0.0056972871534526	0.051993254572153	0.0015369653701782	0.64957296848297
-0.0057446495629847	0.052210509777069	0.001532606780529	0.64680874347687
-0.005826064851135	0.052365869283676	0.001539770513773	0.64616441726685
-0.0058523928746581	0.05252093449235	0.0015380755066872	0.6461535692215
-0.0058848159387708	0.052647300064564	0.0015367493033409	0.64602184295654
-0.0059181312099099	0.052754648029804	0.0015359707176685	0.64592897891998
-0.0059523526579142	0.052853871136904	0.0015351288020611	0.64571523666382
-0.0059949704445899	0.052946254611015	0.0015348009765148	0.64566457271576
-0.006034295540303	0.053033985197544	0.0015350617468357	0.64555996656418
-0.0060728462412953	0.053116768598557	0.0015347227454185	0.64554798603058
-0.0060944524593651	0.053191103041172	0.0015348270535469	0.64550471305847
-0.0061029130592942	0.053270384669304	0.0015291608870029	0.64547836780548
-0.0061242538504303	0.053372271358967	0.0015295445919037	0.64537507295609
-0.0061529297381639	0.053467102348804	0.0015294626355171	0.64498937129974
-0.0061747520230711	0.053556457161903	0.0015293285250664	0.64473038911819
-0.0061965775676072	0.053642727434635	0.0015293210744858	0.64481580257416
-0.0062205577269197	0.053728774189949	0.0015288032591343	0.64484012126923
-0.006233271677047	0.055366016924381	0.0030546151101589	0.58872640132904
-0.0061923661269248	0.058746322989464	0.0051244571805	0.6725018620491
-0.0059916465543211	0.064354985952377	0.0077298246324062	0.69542509317398
-0.0050508184358478	0.070644862949848	0.010144870728254	0.71248561143875
-0.0045487750321627	0.078639730811119	0.012558877468109	0.73506373167038
-0.0042026988230646	0.085616193711758	0.013988830149174	0.75730955600739
-0.0038527445867658	0.091536164283752	0.014951076358557	0.76891767978668
-0.0035387012176216	0.096875585615635	0.015896156430244	0.70636117458344
-0.0033520325087011	0.10150872170925	0.016617562621832	0.7910116314888
-0.0032367813400924	0.10679063946009	0.017403963953257	0.8007196187973
-0.0028193644247949	0.11208437383175	0.017890423536301	0.80230587720871
-0.0020667086355388	0.12369008362293	0.018653050065041	0.82363653182983
-0.0019382848404348	0.13349469006062	0.018662571907043	0.82846242189407
-0.001740631647408	0.14386735856533	0.018421560525894	0.82352942228317
-0.0016840668395162	0.15193970501423	0.018118917942047	0.81826889514923
-0.0015049991197884	0.16133718192577	0.017390422523022	0.81147134304047
-0.0014601410366595	0.16896234452724	0.016666978597641	0.80115854740143
-0.0012625879608095	0.17454136908054	0.015858568251133	0.79440057277679
-0.0011458401568234	0.18034070730209	0.014407724142075	0.79274189472198
-0.0021032672375441	0.18828792870045	0.012041918933392	0.78788566589355
-0.0011895853094757	0.19471773505211	0.010715655982494	0.70875769853592
-9.9175609648228e-05	0.20667099952698	0.0064867287874222	0.76810133457184
0.00078275613486767	0.21743044257164	0.0029752254486084	0.69461184740067
0.0015711542218924	0.22269748151302	0.0012142807245255	0.64485186338425
0.0017212866805494	0.22478666901588	0.0012368746101856	0.61568880081177
0.0016063097864389	0.22581934928894	0.0012793354690075	0.60421669483185
0.0015414133667946	0.22625425457954	0.00130595266819	0.60165554285049
0.0015833065845072	0.226492613554	0.0013166889548302	0.59928596019745
0.001645433716476	0.22663971781731	0.0013228319585323	0.59766232967377
0.0017172992229462	0.22672422230244	0.0013265684247017	0.59685152769089
0.0017912378534675	0.22676604986191	0.0013292394578457	0.5965211391449
0.001867073122412	0.22678449749947	0.0013299062848091	0.59649419784546
0.0019274158403277	0.22679507732391	0.0013297535479069	0.59643054008484
0.0019775587134063	0.22679255902767	0.0013300217688084	0.59648084640503
0.0020304322242737	0.22678135335445	0.0013310872018337	0.59834682941437
0.0020779357291758	0.22675564885139	0.0013309866189957	0.59960687160492
0.0021567586809397	0.22672699391842	0.0013310685753822	0.60012203454971
0.0024093901738524	0.22694127261639	0.0013272725045681	0.59652298688889
0.0027753333561122	0.22628335654736	0.0013150423765182	0.5951224565506
0.0028446083888412	0.22424764931202	0.0012473426759243	0.07818828523159
0.0029282411560416	0.2228701710701	0.0011713393032551	-0.0033482615835965
0.0025610248558223	0.22245296835899	0.0011178478598595	-0.0032442673109472
0.0024835085496306	0.22215637564659	0.0010777562856674	-0.003293277695775
0.0024339878000319	0.22137479484081	0.0010490790009499	-0.0031696695368737
0.0025853314436972	0.22009241580963	0.0010241270065308	-0.0032881363295019
0.0024316776543856	0.21813586354256	0.00099251419305801	-0.0034581322688609
0.0022844467312098	0.21779844164848	0.00095655024051666	-0.0044100992381573
0.0026291343383491	0.21792094409466	0.0009271651506424	-0.0030784560367465
0.0030499408021569	0.21747364103794	0.00091154873371124	-0.0036294460296631
0.0028622085228562	0.21533989906311	0.00089190155267715	-0.0038389856927097
0.0027085919864476	0.21538271009922	0.00086759030818939	-0.0036322914529592
0.0029378267936409	0.21615916490555	0.00088975578546524	-0.0037394117098302
0.0031304997391999	0.21639813482761	0.0009085088968277	-0.0036809169687331
0.0035955323837698	0.21564465761185	0.000924251973629	-0.003751000855118
0.0037783337756991	0.21358370780945	0.00094971060752869	-0.0037625010591
0.0034837950952351	0.21207365393639	0.00099671632051468	-0.0036910891067237
0.0024448917247355	0.21155831217766	0.0010376647114754	-0.0037039532326162
0.001545696053654	0.21125562489033	0.001068226993084	-0.0038427480030805
0.0012128171510994	0.2103953063488	0.0010894015431404	-0.0037611566949636
0.0033225086517632	0.20835234224796	0.0011606775224209	-0.0032415085006505
0.0044921170920134	0.20931762456894	0.0012372098863125	-0.0037815521936864
0.0044585363939404	0.21093939244747	0.0012876391410828	-0.0036639389581978
0.0045618992298841	0.21151395142078	0.0013511590659618	-0.0034750539343804
0.0048186685889959	0.21173104643822	0.0014300867915154	-0.0035106521099806
0.0046111810952425	0.21225754916668	0.0014857761561871	0.077034324407578
0.0045747882686555	0.21272931993008	0.0015257485210896	0.71359539031982
0.0048088561743498	0.21351942420006	0.0015310719609261	0.77340477705002
0.0048362431116402	0.21368975937366	0.0015302672982216	0.65517365932465
0.0047615705989301	0.21374197304249	0.0015290603041649	0.64957797527313
0.004695950075984	0.21374514698982	0.0015293620526791	0.64749306440353
0.0046646012924612	0.21375322341919	0.0015295296907425	0.6458752155304
0.0046291989274323	0.21377128362656	0.0015294328331947	0.64575254917145
0.0045705647207797	0.21378554403782	0.0015294961631298	0.64553815126419
0.0045110946521163	0.21379937231541	0.0015294477343559	0.6453161239624
0.0044542537070811	0.21381340920925	0.0015294216573238	0.64529150724411
0.004393148701638	0.21382436156273	0.0015289187431335	0.64513170719147
0.0043305889703333	0.21383459866047	0.00152937322855	0.64510667324066
0.0042654159478843	0.2138430327177	0.0015295185148716	0.64510351419449
0.004196391440928	0.21384978294373	0.0015294961631298	0.6450280547142
0.0042372224852443	0.21398767828941	0.0023555383086205	0.64655536413193
0.0042841797694564	0.21488752961159	0.0033676140010357	0.58802592754364
0.004426708444953	0.21784630417824	0.004973478615284	0.66450786590576
0.0049385903403163	0.22382593154907	0.0087272897362709	0.74120825529099
0.0058149034157395	0.23301240801811	0.01208208501339	0.70564448833466
0.0062414910644293	0.24080674350262	0.013779025524855	0.7496817111969
0.0073091979138553	0.24828514456749	0.015432920306921	0.77493035793304
0.0074380128644407	0.25654289126396	0.016898509114981	0.85350096225739
0.007322977297008	0.26504635810852	0.017929140478373	0.80332201719284
0.0068692089989781	0.27224817872047	0.018530890345573	0.81301718950272
0.0069711627438664	0.27834331989288	0.01871095597744	0.82046049833298
0.006091061513871	0.28458952903748	0.018610879778862	0.73631250858307
0.0053352047689259	0.29248589277267	0.017439052462578	0.82250624895096
0.0050820177420974	0.29711014032364	0.016435749828815	0.82506120204926
0.0087139066308737	0.31024393439293	0.012522958219051	0.940220952034
0.010621702298522	0.32695236802101	0.0092493519186974	0.80546414852142
0.011428358964622	0.33866572380066	0.006279394030571	1.2352473735809
0.011471930891275	0.34531670808792	0.0036867186427116	1.2726101875305
0.011519195511937	0.34897527098656	0.00212761759758	0.6942081451416
0.011563289910555	0.35024699568748	0.00096829235553741	0.67169797420502
0.011928306892514	0.35291433334351	0.00096461176872253	0.64865952730179
0.012101957574487	0.35461124777794	0.00094820559024811	0.59860777854919
0.012330441735685	0.35566917061806	0.00095539540052414	0.59122538566589
0.012515135109425	0.35613185167313	0.0009649470448494	0.5964058637619
0.012643367052078	0.35643863677979	0.0009702742099762	0.59823548793793
0.012739727273583	0.35666424036026	0.00097325444221497	0.59943133592606
0.012800945900381	0.3568414747715	0.00097495317459106	0.5997701883316
0.012833157554269	0.35698315501213	0.00097629427909851	0.60021531581879
0.012843849137425	0.35710123181343	0.00097712874412537	0.6004598736763
0.0128522105515	0.3572102189064	0.00097814202308655	0.60066831111908
0.012840567156672	0.35731285810471	0.00097838789224625	0.60094261169434
0.012802915647626	0.3574110865593	0.00097883492708206	0.5988866686821
0.01275828294456	0.35750499367714	0.00097908824682236	0.5967732667923
0.012858987785876	0.35768431425095	0.00097706168889999	0.59589856863022
0.012737127020955	0.35691869258881	0.00097132474184036	0.59345424175262
0.01271297596395	0.35523593425751	0.0009441152215004	0.3236044049263
0.012638993561268	0.35416728258133	0.0009203627705574	0.012997409328818
0.012482773512602	0.35365301370621	0.00089903175830841	-0.0033639869652689
0.012565546669066	0.35315245389938	0.00088363140821457	-0.0034879208542407
0.012668780982494	0.35262542963028	0.00087001919746399	-0.0031758360564709
0.012741387821734	0.35209858417511	0.00086724758148193	-0.0037071381229907
0.012781091034412	0.35183173418045	0.00089032202959061	-0.0035182442516088
0.012590639293194	0.35159772634506	0.00091080367565155	-0.0033431861083955
0.012454329058528	0.35106989741325	0.00092854350805283	-0.0038769964594394
0.012450916692615	0.35077530145645	0.00095239281654358	-0.0035136386286467
0.012236918322742	0.35061803460121	0.00097818672657013	-0.0038814232684672
0.012205924838781	0.35057321190834	0.00099974125623703	-0.0035905386321247
0.011836616322398	0.35030204057693	0.0010256245732307	-0.0037574518937618
0.012148914858699	0.34981307387352	0.0010505095124245	-0.0037806178443134
0.012476273812354	0.34948360919952	0.0010764375329018	-0.0037254740018398
0.012643127702177	0.34872248768806	0.0010925456881523	-0.0037738748360425
0.012678573839366	0.34771078824997	0.0011121816933155	-0.0036284062080085
0.012502658180892	0.34617364406586	0.0012080445885658	-0.0034998785704374
0.012036329135299	0.34695398807526	0.001301221549511	-0.0039145098999143
0.011432559229434	0.34662547707558	0.001349650323391	-0.0033375411294401
0.012096151709557	0.34639486670494	0.0014097765088081	-0.0039701401256025
0.012098367325962	0.34612172842026	0.0015014857053757	-0.0033098820131272
0.011671727523208	0.34709793329239	0.0015396662056446	0.076814912259579
0.011449391022325	0.34772944450378	0.0015401244163513	0.36422184109688
0.011297821998596	0.34813046455383	0.0015339553356171	0.4007682800293
0.011257608421147	0.34839981794357	0.0015303269028664	0.41441488265991
0.011248476803303	0.34863895177841	0.0015285015106201	0.42096251249313
0.01124369725585	0.34886375069618	0.0015274286270142	0.42526087164879
0.011248245835304	0.34905943274498	0.0015273131430149	0.42679086327553
0.01124525628984	0.34926745295525	0.0015264898538589	0.43109983205795
0.011235931888223	0.34946584701538	0.0015261843800545	0.43723854422569
0.01122141815722	0.34966948628426	0.0015256814658642	0.40455204248428
0.011209902353585	0.34985706210136	0.0015257485210896	0.44052940607071
0.011198524385691	0.35004463791847	0.0015257224440575	0.4408398270607
0.01118740811944	0.35023075342178	0.001525592058897	0.44077444076538
0.01117558311671	0.35041558742523	0.0015255212783813	0.44076856970787
0.011163419112563	0.35059973597527	0.0015254840254784	0.440913438797
0.011151463724673	0.35078281164169	0.001525517553091	0.44082325696945
0.010991853661835	0.35102033615112	0.0015407651662827	0.48508110642433
0.011054448783398	0.35199838876724	0.0023679956793785	0.75393784046173
0.010988152585924	0.35294586420059	0.0032685101032257	0.65659373998642
0.011365469545126	0.35473173856735	0.0042343698441982	0.59555530548096
0.011648572981358	0.35705026984215	0.0055778697133064	0.67136865854263
0.011483328416944	0.35960340499878	0.0070213973522186	0.68257296085358
0.011108598671854	0.36320918798447	0.0085241757333279	0.69945752620697
0.011367758736014	0.36727252602577	0.0097180679440498	0.71618378162384
0.011488638818264	0.37019455432892	0.010873313993216	0.72502410411835
0.01150278467685	0.37415573000908	0.012778002768755	0.7288830280304
0.01134511642158	0.37828257679939	0.014303509145975	0.79409766197205
0.012384963221848	0.38784930109978	0.015836328268051	0.76805394887924
0.012895051389933	0.39978384971619	0.017077412456274	0.79467225074768
0.012977581471205	0.40805792808533	0.017584316432476	0.80870914459229
0.012465168721974	0.4143191576004	0.018128827214241	0.81925517320633
0.013347559608519	0.42216488718987	0.018726579844952	0.82479494810104
0.014418751001358	0.42863675951958	0.018855959177017	0.73956227302551
0.015244347974658	0.43754041194916	0.0184525847435	0.96726310253143
0.014885347336531	0.44919893145561	0.018028602004051	1.0036052465439
0.014468990266323	0.45847004652023	0.017392419278622	0.79991286993027
0.014250822365284	0.46529564261436	0.016567304730415	0.80765306949615
0.014474662020802	0.47362738847733	0.015335932374001	0.79650694131851
0.014353075996041	0.48053768277168	0.01426737755537	0.77450501918793
0.014199532568455	0.48603847622871	0.013067122548819	0.69666171073914
0.013814916834235	0.49195700883865	0.011237032711506	0.76114267110825
0.014560194686055	0.49831628799438	0.01000864058733	0.74418520927429
0.015031949616969	0.5047807097435	0.0074224099516869	0.72505033016205
0.014742139726877	0.5098083615303	0.0054601542651653	0.7156640291214
0.014724349603057	0.51453405618668	0.0036670789122581	0.68378663063049
0.0156858433038	0.51895362138748	0.0019461289048195	0.65447694063187
0.015971973538399	0.52088332176208	0.0012986250221729	0.57581216096878
0.016007477417588	0.5219841003418	0.0012793950736523	0.63222151994705
0.016036383807659	0.52299761772156	0.0012839287519455	0.60925376415253
0.015733497217298	0.52388894557953	0.0012883096933365	0.60023856163025
0.015492403879762	0.52459335327148	0.001297764480114	0.59734952449799
0.015372591093183	0.52504509687424	0.001308873295784	0.59430348873138
0.015297450125217	0.5252645611763	0.001321442425251	0.59366226196289
0.015287240035832	0.52531772851944	0.0013295821845531	0.59519755840302
0.015289217233658	0.52531433105469	0.0013309493660927	0.59579968452454
0.015353145077825	0.52526569366455	0.0013316161930561	0.59713888168335
0.015453023836017	0.52525591850281	0.0013310797512531	0.59684771299362
0.015516948886216	0.52526473999023	0.0013300776481628	0.59697824716568
0.015564158558846	0.52524948120117	0.0013309791684151	0.60077100992203
0.015615473501384	0.52524203062057	0.0013314038515091	0.59669119119644
0.01566687785089	0.52521920204163	0.0013316236436367	0.59690189361572
0.015681989490986	0.52519547939301	0.0013315267860889	0.59681761264801
0.015724878758192	0.52515596151352	0.0013312734663486	0.5968850851059
0.015749206766486	0.52511495351791	0.0013315267860889	0.59695732593536
0.01576767116785	0.52509278059006	0.0013313852250576	0.59691953659058
0.015754412859678	0.52426117658615	0.0013139694929123	0.59631311893463
0.015685398131609	0.52257907390594	0.0012836344540119	0.53991651535034
0.015617867931724	0.52070796489716	0.0012498758733273	0.44569247961044
0.015784431248903	0.51962351799011	0.0011915378272533	0.012849527411163
0.015812000259757	0.51953893899918	0.0011401064693928	-0.0030410489998758
0.016202475875616	0.51931399106979	0.0011019296944141	-0.0031745168380439
0.016463093459606	0.51912647485733	0.0010703653097153	-0.0033108559437096
0.016614522784948	0.51842671632767	0.0010298490524292	-0.0040985881350935
0.016338985413313	0.51830822229385	0.00099807232618332	-0.0029999597463757
0.016378393396735	0.51794689893723	0.00097150355577469	-0.0033238995820284
0.016880078241229	0.51724570989609	0.00095045566558838	-0.0033901729620993
0.017328413203359	0.5152930021286	0.00092621147632599	-0.003478528233245
0.017752625048161	0.51360493898392	0.00090609490871429	-0.003473500488326
0.017082817852497	0.51277214288712	0.00089304894208908	-0.003584161400795
0.017203405499458	0.51136034727097	0.00087262690067291	-0.0050439536571503
0.017728777602315	0.51225930452347	0.00090325623750687	-0.0034757540561259
0.018400058150291	0.51271730661392	0.00093831121921539	-0.0036247570533305
0.019045658409595	0.51280415058136	0.00096582621335983	-0.0037363264709711
0.018776385113597	0.51220208406448	0.0010062158107758	-0.0036961827427149
0.018712291494012	0.51250392198563	0.0010427385568619	-0.0036595345009118
0.018479321151972	0.5126878619194	0.0010733976960182	-0.0038187720347196
0.018335536122322	0.51225107908249	0.0010950937867165	-0.0036647939123213
0.017966570332646	0.51185059547424	0.0011285357177258	-0.0035606403835118
0.017901178449392	0.51210188865662	0.0011730529367924	-0.0035574366338551
0.017720643430948	0.51236635446548	0.0012074820697308	-0.0037813235539943
0.017737608402967	0.51198095083237	0.0012382417917252	-0.0036900178529322
0.017738040536642	0.51094496250153	0.0012671016156673	-0.0036406125873327
0.01769731938839	0.51041865348816	0.0013195909559727	-0.0035767364315689
0.017657645046711	0.51017624139786	0.0013608671724796	-0.0035499385558069
0.017910927534103	0.50846546888351	0.0014135800302029	-0.0035891588777304
0.017989190295339	0.50738602876663	0.0015261061489582	-0.0035441268701106
0.017777863889933	0.50957906246185	0.0015300959348679	-0.0035246815532446
0.017326710745692	0.51082080602646	0.0019406788051128	0.069011501967907
0.017269533127546	0.51086413860321	0.0017891898751259	0.80327808856964
0.017257113009691	0.51063591241837	0.0017283372581005	0.77079713344574
0.017226288095117	0.51058524847031	0.0015311650931835	0.66741305589676
0.017158851027489	0.51061671972275	0.0015302039682865	0.64923524856567
0.01708846911788	0.51063740253448	0.0015297830104828	0.64766681194305
0.017019134014845	0.51065528392792	0.0015295818448067	0.64693188667297
0.016946179792285	0.51066970825195	0.0015294328331947	0.64662027359009
0.016870606690645	0.51067531108856	0.0015293136239052	0.64655077457428
0.016794940456748	0.51067745685577	0.0015292502939701	0.64649444818497
0.016721580177546	0.51068061590195	0.0015291944146156	0.64648669958115
0.016650535166264	0.51068371534348	0.0015291459858418	0.64652359485626
0.016580762341619	0.51068651676178	0.0015291459858418	0.64649188518524
0.016512501984835	0.51069015264511	0.0015291571617126	0.64652597904205
0.01644491404295	0.51069402694702	0.0015290938317776	0.64642745256424
0.016379062086344	0.51069808006287	0.0015290528535843	0.64650881290436
0.016314145177603	0.51070219278336	0.0015291534364223	0.646599650383
0.016339585185051	0.51226586103439	0.0030968151986599	0.65315806865692
0.016251558437943	0.51412433385849	0.0041030757129192	0.65921801328659
0.016648307442665	0.51587164402008	0.0053616166114807	0.66649752855301
0.016340179368854	0.51886880397797	0.007060669362545	0.61461734771729
0.015390185639262	0.52346909046173	0.0092193931341171	0.69828736782074
0.015026167035103	0.52772158384323	0.010871537029743	0.71879100799561
0.014883637428284	0.53288322687149	0.012775056064129	0.73433005809784
0.015438540838659	0.54424250125885	0.015316147357225	0.76216232776642
0.016822481527925	0.55443727970123	0.016369763761759	0.78856515884399
0.017371531575918	0.56145137548447	0.017039284110069	0.80291187763214
0.017676044255495	0.57048225402832	0.017939724028111	0.81716138124466
0.0175112914294	0.57817441225052	0.018402673304081	0.82715672254562
0.017297100275755	0.5840939283371	0.018620774149895	0.74784934520721
0.017130475491285	0.59083735942841	0.018682733178139	0.83231371641159
0.017617486417294	0.59711283445358	0.018932230770588	0.83188647031784
0.017563948407769	0.60802406072617	0.018186412751675	0.82402771711349
0.017908830195665	0.6170562505722	0.01716873049736	0.81164395809174
0.017778731882572	0.62329685688019	0.01641745865345	0.806480884552
0.017524149268866	0.628209233284	0.015698783099651	0.80064141750336
0.017777113243937	0.63705742359161	0.014636643230915	0.70551908016205
0.017984731122851	0.64433372020721	0.013239480555058	0.76619976758957
0.018217951059341	0.64949262142181	0.011998940259218	0.76090478897095
0.018700756132603	0.65450650453568	0.010786429047585	0.74674254655838
0.01849752664566	0.66161602735519	0.008767407387495	0.72436797618866
0.018238123506308	0.66766482591629	0.0069337226450443	0.70178574323654
0.018283698707819	0.67240315675735	0.0054237954318523	0.61573970317841
0.018188748508692	0.67636108398438	0.0037606582045555	0.66917604207993
0.018022250384092	0.6794056892395	0.0016889572143555	0.65349465608597
0.018194410949945	0.68217474222183	0.0012812614440918	0.63187617063522
0.01807226985693	0.68374478816986	0.0012832395732403	0.60785067081451
0.018024710938334	0.68460553884506	0.00130495429039	0.59920299053192
0.018087930977345	0.68488901853561	0.0013186037540436	0.59762394428253
0.018151661381125	0.6850665807724	0.0013236589729786	0.5985466837883
0.0182148180902	0.68520092964172	0.0013260431587696	0.60052090883255
0.018282346427441	0.68527734279633	0.0013277977705002	0.60158640146255
0.018345847725868	0.68533873558044	0.0013286024332047	0.60181641578674
0.018418958410621	0.68539947271347	0.0013288445770741	0.60150068998337
0.01848610304296	0.68543511629105	0.0013303644955158	0.60163950920105
0.018578369170427	0.68545150756836	0.0013304241001606	0.60172843933105
0.018677430227399	0.6854630112648	0.0013304762542248	0.60186618566513
0.018786191940308	0.68547451496124	0.0013299286365509	0.60185676813126
0.018867557868361	0.68565678596497	0.0013251937925816	0.59408158063889
0.018941693007946	0.68506962060928	0.0013163983821869	0.45076280832291
0.019056331366301	0.6839799284935	0.0012930817902088	0.45934835076332
0.019244274124503	0.68222069740295	0.0012373141944408	0.052741128951311
0.019295172765851	0.68137264251709	0.0011832155287266	-0.0031922091729939
0.019208688288927	0.6806423664093	0.0011465959250927	-0.0034428332000971
0.019195921719074	0.6799800992012	0.0011069029569626	-0.0031865914352238
0.019378613680601	0.67916977405548	0.0010782815515995	-0.0032222936861217
0.019647745415568	0.67787134647369	0.0010531172156334	-0.0032779909670353
0.020065287128091	0.6752518415451	0.0010185241699219	-0.0033440112601966
0.021282222121954	0.67356860637665	0.00097427517175674	-0.0034541375935078
0.021425914019346	0.67273712158203	0.00093957036733627	-0.0034731074701995
0.020259436219931	0.67282783985138	0.00091919302940369	-0.0032848827540874
0.019301123917103	0.67285776138306	0.00090309232473373	-0.0032384772785008
0.018939724192023	0.67113095521927	0.00088430941104889	-0.0032978367526084
0.018558166921139	0.66924667358398	0.00088276714086533	-0.0034591134171933
0.018678389489651	0.66904503107071	0.00091919302940369	-0.0036210708785802
0.019069045782089	0.67047041654587	0.00095269083976746	-0.0031368001364172
0.01983773894608	0.67003071308136	0.00099034607410431	-0.0071030580438673
0.02030910924077	0.67002832889557	0.0010192170739174	-0.003282007528469
0.020592723041773	0.66865706443787	0.001056969165802	-0.0035173210781068
0.021393483504653	0.66809016466141	0.0010981187224388	-0.0036327831912786
0.021002922207117	0.66836881637573	0.0011443272233009	-0.0033845144789666
0.02030224353075	0.66776615381241	0.0012192837893963	-0.0035521355457604
0.020248837769032	0.66784989833832	0.0012735724449158	-0.0038477275520563
0.019330929964781	0.6682642698288	0.0013169459998608	-0.0037700515240431
0.019175220280886	0.66686695814133	0.0013621039688587	-0.0033252076245844
0.0192143432796	0.66676580905914	0.0014591068029404	-0.0037879864685237
0.019460765644908	0.66729462146759	0.0015188194811344	-0.0035545055288821
0.019094692543149	0.66743206977844	0.0015583485364914	-0.0035474877804518
0.018691776320338	0.66783159971237	0.0015776976943016	-0.0035662159789354
0.01839305460453	0.66833877563477	0.0015751682221889	-0.0035588056780398
0.017995057627559	0.66956412792206	0.0015246234834194	-0.0034980580676347
0.018290035426617	0.67017912864685	0.0015377327799797	0.59473764896393
0.018467325717211	0.6706006526947	0.0015351809561253	0.7691667675972
0.018472500145435	0.6706936955452	0.00152987241745	0.65191304683685
0.018512710928917	0.67079746723175	0.0015295073390007	0.64819020032883
0.018535450100899	0.67089855670929	0.0015294142067432	0.6464432477951
0.018553555011749	0.67099678516388	0.001528687775135	0.64560675621033
0.018572168424726	0.67108803987503	0.0015291608870029	0.64517706632614
0.018586728721857	0.67117553949356	0.0015288256108761	0.64496958255768
0.018590228632092	0.67126542329788	0.0015289075672626	0.64495879411697
0.01859176158905	0.67134422063828	0.0015356950461864	0.64498138427734
0.018574444577098	0.67143529653549	0.0015349648892879	0.64522564411163
0.018545154482126	0.67151927947998	0.0015349052846432	0.64534938335419
0.018506307154894	0.67160457372665	0.0015351325273514	0.64534795284271
0.0184794254601	0.67168939113617	0.001535028219223	0.64533722400665
0.018538739532232	0.67173337936401	0.0015360824763775	0.64457434415817
0.018700815737247	0.67163449525833	0.002394512295723	0.64202052354813
0.019083864986897	0.67297410964966	0.0034022219479084	0.58363699913025
0.01929659023881	0.67581468820572	0.0054007545113564	0.66884690523148
0.019302241504192	0.67807734012604	0.0069192536175251	0.68187564611435
0.020848210901022	0.68197500705719	0.0090769454836845	0.68891078233719
0.02235453389585	0.68662244081497	0.011353440582752	0.69442743062973
0.020957551896572	0.69626522064209	0.013844948261976	0.7330709695816
0.019569365307689	0.70973145961761	0.015920896083117	1.1512920856476
0.018608585000038	0.71861392259598	0.016904927790165	0.78785538673401
0.017886187881231	0.73496055603027	0.018302321434021	0.81261187791824
0.018028002232313	0.74725008010864	0.018511228263378	0.82476246356964
0.017962038516998	0.754434466362	0.018422394990921	0.83058851957321
0.016654839739203	0.75956547260284	0.018667750060558	0.83228319883347
0.016316609457135	0.76664996147156	0.018160477280617	1.2515288591385
0.016817661002278	0.77843827009201	0.017015129327774	0.8378381729126
0.01805068552494	0.78872013092041	0.01569676399231	0.85330021381378
0.017664786428213	0.79920607805252	0.014069899916649	0.84850549697876
0.01760321483016	0.80615162849426	0.012733891606331	0.76445531845093
0.016509681940079	0.81510478258133	0.010081570595503	0.8211327791214
0.016602594405413	0.82208091020584	0.0083797015249729	0.71976232528687
0.016729546710849	0.82834947109222	0.0068571344017982	0.70729267597198
0.016748385503888	0.83285129070282	0.0052020698785782	0.68249815702438
0.016702931374311	0.83685708045959	0.0038005672395229	0.67484986782074
0.016718238592148	0.84014385938644	0.002428837120533	0.65443235635757
0.016896139830351	0.84230887889862	0.0012501180171967	0.63683074712753
0.016902081668377	0.84341663122177	0.0012754984200001	0.62989217042923
0.016913093626499	0.84445375204086	0.001285195350647	0.61489975452423
0.016924982890487	0.8451110124588	0.0013005062937737	0.61082917451859
0.016913687810302	0.84564226865768	0.0013061203062534	0.61312878131866
0.016867775470018	0.84596467018127	0.0013192594051361	0.60498905181885
0.016907108947635	0.84605252742767	0.0013285614550114	0.60296010971069
0.017008032649755	0.84603381156921	0.0013308115303516	0.60453045368195
0.017111521214247	0.84598886966705	0.0013319589197636	0.60429328680038
0.017217196524143	0.84592723846436	0.0013322085142136	0.6038823723793
0.017319848760962	0.84585565328598	0.00133316218853	0.60366863012314
0.017427930608392	0.84577924013138	0.0013324618339539	0.60347694158554
0.01752588711679	0.84569525718689	0.0013335160911083	0.60361021757126
0.017632648348808	0.84561622142792	0.0013329982757568	0.60332250595093
0.017741413787007	0.84553492069244	0.0013326928019524	0.60330951213837
0.018244203180075	0.84327918291092	0.0012883171439171	0.39773467183113
0.018491826951504	0.84212118387222	0.001228790730238	0.24709105491638
0.018569923937321	0.84139335155487	0.001180674880743	-0.0035858552437276
0.0185840819031	0.84057033061981	0.0011467039585114	-0.00308329006657
0.018327694386244	0.8395494222641	0.0011170692741871	-0.0035173236392438
0.018219579011202	0.83833974599838	0.0010618045926094	-0.0036295969039202
0.018116168677807	0.83823329210281	0.0010216236114502	-0.0031561709474772
0.017906194552779	0.83772718906403	0.0009961873292923	-0.0032851558644325
0.017489101737738	0.83676517009735	0.00095951557159424	-0.0041376571170986
0.017602497711778	0.83691245317459	0.00092985481023788	-0.0033947168849409
0.017584554851055	0.83680999279022	0.00091274082660675	-0.0034085954539478
0.018070777878165	0.83566409349442	0.00088859349489212	-0.0039302362129092
0.018590167164803	0.83349657058716	0.00086329877376556	-0.0037951921112835
0.019782396033406	0.83265292644501	0.00088771432638168	-0.0036664630752057
0.020625706762075	0.83086359500885	0.00093282759189606	-0.0037566695827991
0.020166527479887	0.83152288198471	0.00099053978919983	-0.003764336463064
0.018605429679155	0.83222943544388	0.0010444149374962	-0.0036744107492268
0.017436273396015	0.83313399553299	0.0010817646980286	-0.0038591367192566
0.016539342701435	0.83346050977707	0.0011094883084297	-0.0036777700297534
0.016074074432254	0.83352106809616	0.0011370964348316	-0.0036564511246979
0.015782680362463	0.83347016572952	0.0011673867702484	-0.0035366322845221
0.015388073399663	0.83290719985962	0.0012145973742008	-0.0037491675466299
0.014792816713452	0.83275938034058	0.0012674480676651	-0.003362626535818
0.014464512467384	0.83268678188324	0.0013107322156429	-0.0037173144519329
0.014056386426091	0.83250218629837	0.0013527162373066	-0.0035999796818942
0.013648387044668	0.83205157518387	0.001383550465107	-0.0036656372249126
0.014255797490478	0.83173054456711	0.001436248421669	-0.0035494931507856
0.014923071488738	0.83160084486008	0.0014832653105259	-0.003524623811245
0.01516155526042	0.8313912153244	0.001520212739706	-0.0035321966279298
0.01507037691772	0.83230626583099	0.001525055617094	0.39219224452972
0.014688221737742	0.83310800790787	0.0015437230467796	0.73697555065155
0.014608511701226	0.83349364995956	0.0015356056392193	0.71885401010513
0.014745453372598	0.83356136083603	0.0015333481132984	0.65028321743011
0.01488601975143	0.83359909057617	0.0015327781438828	0.6472464799881
0.015025766566396	0.83362627029419	0.0015323683619499	0.64597940444946
0.015164125710726	0.83364546298981	0.0015320405364037	0.64531803131104
0.015300501137972	0.83365887403488	0.0015317387878895	0.64494949579239
0.015433464199305	0.83367055654526	0.0015317983925343	0.64475679397583
0.015563910827041	0.83367991447449	0.0015315413475037	0.64464056491852
0.015693213790655	0.83368867635727	0.0015316642820835	0.64458131790161
0.015822105109692	0.83369731903076	0.0015314035117626	0.64455103874207
0.015951678156853	0.83370471000671	0.0015316717326641	0.64452397823334
0.016079055145383	0.83371329307556	0.0015314221382141	0.64450037479401
0.01620914041996	0.8337185382843	0.0015316493809223	0.64449024200439
0.016339462250471	0.83372604846954	0.0015316270291805	0.64448612928391
0.016467534005642	0.83373427391052	0.0015315636992455	0.64448750019073
0.016597835347056	0.83374118804932	0.0015315897762775	0.64447200298309
0.016800362616777	0.83395463228226	0.0021401196718216	0.64440321922302
0.017453007400036	0.8362090587616	0.0039470642805099	0.59289145469666
0.017847707495093	0.83880150318146	0.0054780356585979	0.67742216587067
0.017430331557989	0.84365582466125	0.0078312084078789	0.69631469249725
0.017099553719163	0.84844249486923	0.0095297023653984	0.71642422676086
0.016688652336597	0.85265916585922	0.010825544595718	0.7326352596283
0.016532922163606	0.85610544681549	0.012049417942762	0.74472749233246
0.016257682815194	0.85880869626999	0.013212114572525	0.75106078386307
0.015176264569163	0.86479848623276	0.015032950788736	0.76370489597321
0.0156528390944	0.87236028909683	0.016028739511967	0.78270637989044
0.016430590301752	0.8793386220932	0.016690947115421	0.71419125795364
0.016928492113948	0.88494896888733	0.017281487584114	0.79806405305862
0.01743308454752	0.8935204744339	0.01808126270771	0.81253498792648
