-0.34266656637192	-0.13412256538868	-0.12409484386444	-0.20661748945713	-0.088326394557953	0.14815580844879	-0.0034603662788868	0.028808858245611	0.08381399512291	-0.10032516717911
-0.34262293577194	-0.13427056372166	-0.12409444898367	-0.20669393241405	-0.088419787585735	0.14890989661217	-0.003247880609706	0.028810132294893	0.083838552236557	-0.10028539597988
-0.34261935949326	-0.13431523740292	-0.12409416586161	-0.20671515166759	-0.088429190218449	0.14901115000248	-0.0033610637765378	0.028814774006605	0.083848208189011	-0.10027618706226
-0.34261509776115	-0.13436648249626	-0.12409400194883	-0.2067313939333	-0.088442146778107	0.14905589818954	-0.0033350228331983	0.028818652033806	0.083859354257584	-0.10026305913925
-0.34261438250542	-0.13434284925461	-0.12409394979477	-0.20672525465488	-0.088441632688046	0.14903682470322	-0.003369738580659	0.02881720289588	0.083854228258133	-0.1002706438303
-0.34261846542358	-0.13434056937695	-0.12409412115812	-0.20672908425331	-0.088442824780941	0.14903590083122	-0.0033443581778556	0.028817590326071	0.08385369181633	-0.10027016699314
-0.34261429309845	-0.13435141742229	-0.12409394979477	-0.20673431456089	-0.088447391986847	0.14904649555683	-0.0033668396063149	0.028818104416132	0.083856046199799	-0.10026776790619
-0.53166913986206	-0.12636388838291	-0.17187485098839	-0.20262755453587	-0.072222039103508	0.14865593612194	-0.0029730484820902	0.041106846183538	0.071810632944107	-0.10065838694572
-0.52716034650803	-0.12552757561207	-0.1769937723875	-0.20195019245148	-0.072614252567291	0.14865660667419	-0.0036420202814043	0.040408182889223	0.071433529257774	-0.10067571699619
-0.52665567398071	-0.12539812922478	-0.17754356563091	-0.20185531675816	-0.072686351835728	0.14863237738609	-0.0031650543678552	0.040320798754692	0.07138504087925	-0.10068733990192
-0.47731578350067	-0.12555125355721	-0.17616781592369	-0.20185235142708	-0.076770946383476	0.14864006638527	-0.0033930994104594	0.03681555762887	0.073441177606583	-0.10068236291409
-0.44754660129547	-0.12571035325527	-0.17459525167942	-0.20185041427612	-0.079231306910515	0.14864252507687	-0.0032947107683867	0.03469592705369	0.074669271707535	-0.10067862272263
-0.44438523054123	-0.12572522461414	-0.17442652583122	-0.20186384022236	-0.079493083059788	0.14864340424538	-0.003361128969118	0.034474689513445	0.074791938066483	-0.1006790548563
-0.41965740919113	-0.12589226663113	-0.17251016199589	-0.20184411108494	-0.08154271543026	0.1486405134201	-0.0034107305109501	0.032700084149837	0.075827568769455	-0.10068213939667
-0.3928080201149	-0.1261241286993	-0.16993176937103	-0.20181813836098	-0.083803452551365	0.14862853288651	-0.0033898199908435	0.030770231038332	0.076958283782005	-0.1006787866354
-0.34212177991867	-0.12662908434868	-0.16347540915012	-0.20177032053471	-0.088107272982597	0.14857743680477	-0.0035163075663149	0.027075044810772	0.079129323363304	-0.10067555308342
-0.31319257616997	-0.12696509063244	-0.15897053480148	-0.20174907147884	-0.090592764317989	0.14865596592426	-0.0034904517233372	0.024938214570284	0.080375865101814	-0.10066610574722
-0.28687763214111	-0.12722252309322	-0.15419010818005	-0.20172920823097	-0.092886298894882	0.14865791797638	-0.0035480607766658	0.022969260811806	0.081523701548576	-0.10066665709019
-0.26113528013229	-0.12743934988976	-0.14889161288738	-0.20170994102955	-0.095153145492077	0.14864705502987	-0.0035557895898819	0.021014045923948	0.08266045153141	-0.10067099332809
-0.23580934107304	-0.12765057384968	-0.1430451720953	-0.20168758928776	-0.097391881048679	0.14865452051163	-0.0035939402878284	0.019067928195	0.083803191781044	-0.10066649317741
-0.23311574757099	-0.12765908241272	-0.14241734147072	-0.20166103541851	-0.097692549228668	0.14865310490131	-0.0036090258508921	0.018862083554268	0.08391760289669	-0.10066962242126
-0.18872937560081	-0.12784245610237	-0.13030304014683	-0.20162093639374	-0.10176082700491	0.14865672588348	-0.0036333426833153	0.01536201313138	0.085984498262405	-0.10066218674183
-0.18401561677456	-0.12783254683018	-0.12900191545486	-0.20156833529472	-0.10224068164825	0.14858721196651	-0.0035917051136494	0.014989070594311	0.086184978485107	-0.10067243874073
-0.14097388088703	-0.12765112519264	-0.11479716002941	-0.20155243575573	-0.10634869337082	0.14859172701836	-0.0037413188256323	0.011469889432192	0.088256850838661	-0.10067048668861
-0.13640095293522	-0.12766453623772	-0.11327216029167	-0.2015436142683	-0.1068648993969	0.14866614341736	-0.0036597060970962	0.011098243296146	0.088474333286285	-0.10065560042858
-0.11526674777269	-0.12739215791225	-0.10530805587769	-0.20150785148144	-0.10896861553192	0.14866095781326	-0.0036673010326922	0.0093179270625114	0.089519411325455	-0.10065501928329
-0.092796914279461	-0.12697002291679	-0.096134148538113	-0.20148456096649	-0.11120613664389	0.14866615831852	-0.0037080235779285	0.0073904283344746	0.090653836727142	-0.10064752399921
-0.051279287785292	-0.12564496695995	-0.076935514807701	-0.20148378610611	-0.11546870321035	0.14867930114269	-0.0037539391778409	0.0037166997790337	0.092825144529343	-0.10064227879047
-0.02795840241015	-0.12457104772329	-0.064969226717949	-0.20146381855011	-0.11791529506445	0.14867722988129	-0.0037221224047244	0.0015883035957813	0.094068720936775	-0.10063923895359
-0.0070057790726423	-0.12332738190889	-0.053239081054926	-0.2014484256506	-0.12017694860697	0.14868205785751	-0.0037367180921137	-0.00037680193781853	0.095222130417824	-0.10063570737839
0.013223948888481	-0.12184225767851	-0.040988862514496	-0.20142921805382	-0.12244439870119	0.14868676662445	-0.0037413772661239	-0.0023151524364948	0.096367448568344	-0.10063196718693
0.015385581180453	-0.12167353928089	-0.039673633873463	-0.2014274597168	-0.12268253415823	0.14868707954884	-0.0037473160773516	-0.0025222152471542	0.096485391259193	-0.10063271224499
0.050344564020634	-0.11823252588511	-0.015887841582298	-0.20145058631897	-0.12674030661583	0.14865954220295	-0.0038070387672633	-0.0060131177306175	0.098557278513908	-0.10061971843243
0.087036021053791	-0.11324864625931	0.012575331144035	-0.20139919221401	-0.13120363652706	0.14862734079361	-0.003705918090418	-0.0098481848835945	0.10080742835999	-0.10063749551773
0.12222596257925	-0.106957860291	0.043869581073523	-0.20139156281948	-0.13571383059025	0.14862039685249	-0.0037870020605624	-0.013721961528063	0.10309886932373	-0.10062648355961
0.14100049436092	-0.10287892818451	0.062244258821011	-0.20136640965939	-0.13821840286255	0.14861971139908	-0.0037513370625675	-0.015869576483965	0.10435838997364	-0.10062140226364
0.17184935510159	-0.094587065279484	0.096091881394386	-0.20137499272823	-0.14248877763748	0.14863176643848	-0.0037337918765843	-0.019555438309908	0.10654799640179	-0.10061672329903
0.18899443745613	-0.089210651814938	0.11661083996296	-0.20135790109634	-0.14496019482613	0.14864566922188	-0.0037315699737519	-0.021687090396881	0.1078030616045	-0.1006046384573
0.1908054202795	-0.088620185852051	0.11881373822689	-0.20135618746281	-0.14522705972195	0.14865949749947	-0.0037117251195014	-0.021907478570938	0.10793535411358	-0.10059982538223
0.19099335372448	-0.088572882115841	0.11905051767826	-0.20136898756027	-0.14524465799332	0.1485847234726	-0.0037632691673934	-0.021929543465376	0.10795222222805	-0.10060013830662
0.24279603362083	-0.066399566829205	0.19328351318836	-0.20138971507549	-0.15325689315796	0.14870715141296	-0.0038147885352373	-0.028853174299002	0.11208924651146	-0.10059481859207
0.27208742499352	-0.050143968313932	0.24263276159763	-0.20136186480522	-0.15811975300312	0.14874678850174	-0.0036883105058223	-0.033058319240808	0.11456237733364	-0.10057243704796
0.27519306540489	-0.048388052731752	0.24793146550655	-0.20134525001049	-0.15864051878452	0.14875227212906	-0.0036308113485575	-0.033505294471979	0.11481645703316	-0.1005657017231
0.28415030241013	-0.088566780090332	0.22065772116184	-0.20134919881821	-0.1602884978056	0.15158504247665	-0.0035894594620913	-0.034859571605921	0.11564457416534	-0.097738489508629
0.28160798549652	-0.11766098439693	0.19004356861115	-0.20134277641773	-0.15984182059765	0.15324684977531	-0.0035994346253574	-0.034467846155167	0.1154080927372	-0.096068412065506
0.28134018182755	-0.12078475952148	0.18675641715527	-0.20133574306965	-0.15981514751911	0.15342676639557	-0.0035843676887453	-0.034427370876074	0.11537806689739	-0.095889717340469
0.28131717443466	-0.1211995407939	0.186403632164	-0.20131197571754	-0.15976326167583	0.15318146348	-0.0041186711750925	-0.034426458179951	0.11539162695408	-0.09584729373455
0.28128501772881	-0.12123902142048	0.18636594712734	-0.2013545781374	-0.15981303155422	0.15340948104858	-0.0032623976003379	-0.034416269510984	0.11539459228516	-0.095846518874168
0.28131350874901	-0.12125127762556	0.18636173009872	-0.20138555765152	-0.15981498360634	0.1534965634346	-0.0035273977555335	-0.03442570567131	0.11539472639561	-0.0958391726017
0.18333326280117	-0.33602750301361	-0.10246555507183	-0.20172969996929	-0.14436976611614	0.16385477781296	-0.003734465688467	-0.021006885915995	0.10783848166466	-0.085526257753372
0.17290458083153	-0.35903427004814	-0.13347797095776	-0.20143342018127	-0.14262953400612	0.16471461951733	-0.0036321140360087	-0.019682664424181	0.10670702159405	-0.084454998373985
0.17179976403713	-0.36152526736259	-0.13680805265903	-0.20157584547997	-0.14234851300716	0.16499379277229	-0.003630883526057	-0.019544042646885	0.10658010840416	-0.084332197904587
0.086612649261951	-0.4276071190834	-0.25414550304413	-0.20143535733223	-0.13151822984219	0.16748124361038	-0.005279173143208	-0.0097711756825447	0.10095125436783	-0.08181457221508
0.077564664185047	-0.43468034267426	-0.26674449443817	-0.2014564871788	-0.12995798885822	0.16770333051682	-0.0033109511714429	-0.0088236816227436	0.10025589168072	-0.081540524959564
0.076613672077656	-0.435422539711	-0.26809728145599	-0.2014354467392	-0.12984099984169	0.16769099235535	-0.0036898858379573	-0.008729100227356	0.10017530620098	-0.081515699625015
-0.095209337770939	-0.46744078397751	-0.37999650835991	-0.20186629891396	-0.11086107045412	0.16838224232197	-0.0037511561531574	0.0076940692961216	0.090865164995193	-0.080922961235046
-0.14558030664921	-0.46750974655151	-0.40089797973633	-0.201695099473	-0.10577859729528	0.16821731626987	-0.0044292593374848	0.011894378811121	0.088115513324738	-0.081095471978188
-0.15093857049942	-0.46753606200218	-0.40314221382141	-0.20165778696537	-0.10524266958237	0.16821305453777	-0.003748744726181	0.012315727770329	0.08780962228775	-0.081104889512062
-0.2485030144453	-0.44338274002075	-0.41227221488953	-0.2017846852541	-0.09626892209053	0.16671726107597	-0.003637361805886	0.020104311406612	0.083323389291763	-0.082591697573662
-0.25888207554817	-0.44081252813339	-0.41325241327286	-0.20174735784531	-0.095320723950863	0.16657522320747	-0.0036130088847131	0.020866345614195	0.082797169685364	-0.082741662859917
-0.2600035071373	-0.44050192832947	-0.41335785388947	-0.20187875628471	-0.094840735197067	0.16652971506119	-0.0035587069578469	0.020948454737663	0.082732737064362	-0.082763537764549
-0.40507188439369	-0.36226177215576	-0.3746542930603	-0.20206959545612	-0.082683399319649	0.16220623254776	-0.0036640937905759	0.031751900911331	0.076598927378654	-0.087112188339233
-0.42054662108421	-0.35388857126236	-0.37049853801727	-0.2019464224577	-0.081391498446465	0.16175402700901	-0.0034423749893904	0.032793615013361	0.075825557112694	-0.087571278214455
-0.42217949032784	-0.35296937823296	-0.37005263566971	-0.20192965865135	-0.081257604062557	0.16169883310795	-0.0034130029380322	0.032894901931286	0.075738698244095	-0.087626114487648
-0.42234405875206	-0.35289588570595	-0.37000459432602	-0.20199212431908	-0.081165328621864	0.16169407963753	-0.0033604216296226	0.03290581330657	0.075734049081802	-0.087625354528427
-0.53409779071808	-0.19767208397388	-0.24215731024742	-0.20219798386097	-0.071992442011833	0.15287691354752	-0.0028488591779023	0.040951322764158	0.071223825216293	-0.096457734704018
-0.5505730509758	-0.15712153911591	-0.20667015016079	-0.20207281410694	-0.070671908557415	0.15051186084747	-0.0035222801379859	0.042037006467581	0.070418149232864	-0.098815470933914
-0.52914917469025	-0.12883502244949	-0.18072982132435	-0.20201271772385	-0.072316214442253	0.14884626865387	-0.0032709550578147	0.040499489754438	0.071291610598564	-0.10047695040703
-0.50219178199768	-0.12580645084381	-0.17746298015118	-0.20200008153915	-0.074532732367516	0.1486576795578	-0.0034111700952053	0.038578316569328	0.072397068142891	-0.10066159069538
-0.49932068586349	-0.12551407516003	-0.17711208760738	-0.20200563967228	-0.074775658547878	0.14864760637283	-0.0032156691886485	0.038380283862352	0.072515234351158	-0.10067448019981
-0.42550933361053	-0.12588219344616	-0.17279855906963	-0.20201814174652	-0.080817617475986	0.14864221215248	-0.003293200628832	0.033124670386314	0.075617000460625	-0.100679859519
-0.36938714981079	-0.12637585401535	-0.1671125292778	-0.20197384059429	-0.085504420101643	0.14864458143711	-0.0032973983325064	0.029067885130644	0.077973708510399	-0.10067681968212
-0.36343044042587	-0.12641364336014	-0.16650204360485	-0.2019659280777	-0.085996843874454	0.14864507317543	-0.0032988537568599	0.028639256954193	0.078201323747635	-0.10067701339722
-0.36279538273811	-0.12640595436096	-0.1664365530014	-0.201984629035	-0.086035206913948	0.14864161610603	-0.0041051362641156	0.028592851012945	0.078223675489426	-0.10067896544933
-0.24660222232342	-0.12755639851093	-0.14492885768414	-0.20205642282963	-0.095978707075119	0.14865003526211	-0.0032927349675447	0.019903693348169	0.083406835794449	-0.10067056119442
-0.21204787492752	-0.12779326736927	-0.13684615492821	-0.20185460150242	-0.099294826388359	0.14866177737713	-0.0033151239622384	0.017216689884663	0.084906488656998	-0.1006620824337
-0.1650238931179	-0.1277933716774	-0.12292668968439	-0.20181508362293	-0.10360434651375	0.14865165948868	-0.0041189747862518	0.013446480035782	0.087104424834251	-0.10066758096218
-0.16001608967781	-0.12782277166843	-0.12143203616142	-0.20181119441986	-0.104069031775	0.14866268634796	-0.0035720330197364	0.013045333325863	0.08733181655407	-0.10065776109695
-0.1594964414835	-0.12776127457619	-0.12127166986465	-0.2017929404974	-0.10414753854275	0.14863848686218	-0.0036296877078712	0.013003010302782	0.087342113256454	-0.10067273676395
-0.159433811903	-0.12779526412487	-0.12125448137522	-0.2018071860075	-0.10414570569992	0.14865246415138	-0.0038168709725142	0.013000328093767	0.08735316991806	-0.10066203773022
-0.15944638848305	-0.12778672575951	-0.12125257402658	-0.2017927467823	-0.10414180904627	0.14865413308144	-0.0036625470966101	0.013002719730139	0.087351188063622	-0.10066606104374
-0.020962791517377	-0.12371841818094	-0.059282194823027	-0.20195642113686	-0.11786334216595	0.14866073429585	-0.0037770573981106	0.00092053785920143	0.094632208347321	-0.10065959393978
-0.006254178006202	-0.12322724610567	-0.052628513425589	-0.20179536938667	-0.11938322335482	0.14867262542248	-0.0037441346794367	-0.00044998526573181	0.095276519656181	-0.1006396561861
-0.0047128982841969	-0.12317810207605	-0.051913909614086	-0.20203618705273	-0.11917991191149	0.14868304133415	-0.0038210980128497	-0.00058694183826447	0.095345541834831	-0.10063672065735
0.081219561398029	-0.1139150261879	0.0087073724716902	-0.20169086754322	-0.13035008311272	0.14871650934219	-0.0037652894388884	-0.0092444196343422	0.10054515302181	-0.10061506927013
0.10617353022099	-0.11004717648029	0.029039626941085	-0.20157742500305	-0.1333359926939	0.14868329465389	-0.0037542744539678	-0.011929929256439	0.10203646123409	-0.10062897205353
0.10882765054703	-0.10969413816929	0.031222885474563	-0.20154981315136	-0.13372260332108	0.14871023595333	-0.0037456273566931	-0.012213319540024	0.10220746695995	-0.10061003267765
0.10909606516361	-0.10957330465317	0.031457278877497	-0.20155000686646	-0.13371561467648	0.14867225289345	-0.0037405081093311	-0.012241292744875	0.10220697522163	-0.10063295066357
0.10914490371943	-0.10962244868279	0.031482260674238	-0.20153690874577	-0.13379622995853	0.14870718121529	-0.0037347816396505	-0.012248501181602	0.10222084820271	-0.10061480104923
0.10913447290659	-0.10961927473545	0.031484991312027	-0.20153796672821	-0.13378946483135	0.14870238304138	-0.0037424322217703	-0.012244172394276	0.10222192108631	-0.10061509907246
0.10913475602865	-0.10962238162756	0.03148540854454	-0.20153811573982	-0.13379083573818	0.14869816601276	-0.0037381411530077	-0.012244619429111	0.10222245752811	-0.10061717033386
0.24613770842552	-0.062068168073893	0.20419654250145	-0.20173452794552	-0.15347108244896	0.14868465065956	-0.0043250536546111	-0.029402151703835	0.1127070337534	-0.10066574811935
0.27244788408279	-0.049686029553413	0.24380500614643	-0.20146086812019	-0.15768185257912	0.14872992038727	-0.0037414643447846	-0.033121760934591	0.11462374031544	-0.1005796790123
0.28595453500748	-0.064368292689323	0.24607564508915	-0.20144030451775	-0.16005167365074	0.15017999708652	-0.0036644139327109	-0.035138163715601	0.11580355465412	-0.099140495061874
0.2873717546463	-0.065797097980976	0.24631857872009	-0.2014220058918	-0.16026273369789	0.15025793015957	-0.0037029734812677	-0.035340335220098	0.11589884757996	-0.09902486205101
0.27705347537994	-0.14045186340809	0.16352121531963	-0.20146441459656	-0.15849043428898	0.15449604392052	-0.0034697658848017	-0.033787909895182	0.11503757536411	-0.094825357198715
0.26181852817535	-0.19896893203259	0.092305928468704	-0.20147719979286	-0.15588112175465	0.15742576122284	-0.003805261105299	-0.03153657540679	0.1137018352747	-0.091794267296791
0.25092628598213	-0.23025138676167	0.052147731184959	-0.20147280395031	-0.15404956042767	0.15901863574982	-0.0034649916924536	-0.029971580952406	0.11275811493397	-0.090249329805374
0.24977143108845	-0.23359148204327	0.047835525125265	-0.20143941044807	-0.15389448404312	0.15921783447266	-0.0035960064269602	-0.02980825304985	0.11264707148075	-0.090085700154305
0.24965208768845	-0.23393575847149	0.04737252369523	-0.20143872499466	-0.15387651324272	0.15923608839512	-0.0036225807853043	-0.029791817069054	0.11263161897659	-0.090075001120567
0.24964727461338	-0.2339980751276	0.047322995960712	-0.20143929123878	-0.15388157963753	0.15924295783043	-0.0036474764347076	-0.029794856905937	0.11263275146484	-0.09006929397583
0.16119787096977	-0.36732059717178	-0.14873230457306	-0.20171254873276	-0.14050497114658	0.16520842909813	-0.0036216429434717	-0.018261540681124	0.10605666041374	-0.084144949913025
0.085501857101917	-0.42823854088783	-0.25542604923248	-0.20162287354469	-0.13039229810238	0.16736447811127	-0.0054834550246596	-0.0096557959914207	0.10087913274765	-0.081787124276161
0.052160743623972	-0.44604220986366	-0.29174786806107	-0.20157279074192	-0.12630708515644	0.1681147813797	-0.0034081339836121	-0.006187442690134	0.098700597882271	-0.081182956695557
0.021821893751621	-0.45712471008301	-0.31826624274254	-0.20164313912392	-0.1225413531065	0.16849693655968	-0.0036864974536002	-0.0031446404755116	0.09690634906292	-0.080818489193916
0.018580436706543	-0.45831775665283	-0.32111367583275	-0.20163676142693	-0.12215793132782	0.16854524612427	-0.0037100207991898	-0.0028312802314758	0.096707940101624	-0.080776184797287
0.018243402242661	-0.45844474434853	-0.32141947746277	-0.20163571834564	-0.12212233245373	0.16854752600193	-0.0037083018105477	-0.0028000175952911	0.096685811877251	-0.080771416425705
0.018222510814667	-0.45845541357994	-0.32145237922668	-0.20167990028858	-0.12211895734072	0.16854470968246	-0.0037135302554816	-0.0028011128306389	0.096682116389275	-0.080772265791893
0.018219677731395	-0.45847019553185	-0.32145565748215	-0.20172716677189	-0.12190601229668	0.16854670643806	-0.0037018023431301	-0.0028012953698635	0.096683546900749	-0.080770462751389
0.018226010724902	-0.45847314596176	-0.32145613431931	-0.20165176689625	-0.12209084630013	0.16851286590099	-0.0036970973014832	-0.0028038322925568	0.096686407923698	-0.080767929553986
0.018194492906332	-0.45843899250031	-0.32145625352859	-0.20166474580765	-0.12208390235901	0.16853249073029	-0.0037223696708679	-0.0027956441044807	0.09667956829071	-0.080779761075974
-0.34946024417877	-0.38288125395775	-0.37714740633965	-0.20254947245121	-0.088082291185856	0.16299943625927	-0.0036160617601126	0.028054658323526	0.079778030514717	-0.085981741547585
-0.38874614238739	-0.37476500868797	-0.38312628865242	-0.20230036973953	-0.083614781498909	0.16289949417114	-0.0045764311216772	0.030547104775906	0.077260285615921	-0.086421355605125
-0.4639368057251	-0.31449782848358	-0.34119856357574	-0.20217584073544	-0.077637426555157	0.15954551100731	-0.0039662639610469	0.035920411348343	0.07404825091362	-0.089774578809738
-0.4908247590065	-0.28625842928886	-0.31928169727325	-0.20215100049973	-0.075400695204735	0.15794725716114	-0.0032893032766879	0.037797674536705	0.072883233428001	-0.091371342539787
-0.4936825633049	-0.2832570374012	-0.31692823767662	-0.20214831829071	-0.075176477432251	0.1577872633934	-0.0034339900594205	0.037990234792233	0.072760060429573	-0.091535642743111
-0.49398326873779	-0.28291061520576	-0.31667578220367	-0.20216718316078	-0.075147457420826	0.15776282548904	-0.0032742102630436	0.038005638867617	0.072742789983749	-0.091558426618576
-0.49403727054596	-0.28289809823036	-0.31664830446243	-0.2021506279707	-0.075131595134735	0.1577605009079	-0.0032882415689528	0.03801653534174	0.07274304330349	-0.091557905077934
-0.49400645494461	-0.28288272023201	-0.31664532423019	-0.20220427215099	-0.074877232313156	0.15776005387306	-0.0032673594541848	0.038006011396646	0.072744131088257	-0.091559529304504
-0.52312242984772	-0.14228774607182	-0.19253872334957	-0.20227347314358	-0.07270510494709	0.14962927997112	-0.0028747147880495	0.040115546435118	0.071600899100304	-0.099691718816757
-0.52622550725937	-0.12720511853695	-0.17921286821365	-0.2021993547678	-0.072453759610653	0.14874467253685	-0.0035234470851719	0.040292106568813	0.071404129266739	-0.10057705640793
-0.45276075601578	-0.12589593231678	-0.17492225766182	-0.2021516263485	-0.078331895172596	0.14865204691887	-0.0032466005068272	0.035074420273304	0.074481844902039	-0.1006678789854
-0.4205384850502	-0.12593975663185	-0.17256331443787	-0.20208212733269	-0.080979749560356	0.148532807827	-0.0031979139894247	0.032763753086329	0.075803339481354	-0.10067439079285
-0.36886268854141	-0.12639772891998	-0.16708700358868	-0.20208488404751	-0.085257209837437	0.14864493906498	-0.0032160021364689	0.029031500220299	0.077994361519814	-0.1006740629673
-0.3633668422699	-0.12643222510815	-0.16649915277958	-0.20206534862518	-0.085697069764137	0.1486479640007	-0.003199739381671	0.028634905815125	0.078207954764366	-0.10067190229893
-0.29222390055656	-0.12717217206955	-0.15499843657017	-0.20207603275776	-0.091807670891285	0.1486849039793	-0.0046294410713017	0.023372493684292	0.081319630146027	-0.10067021846771
-0.26170673966408	-0.12746737897396	-0.1489782333374	-0.20206125080585	-0.094343349337578	0.14865557849407	-0.0032414770685136	0.021060410887003	0.082645952701569	-0.10066595673561
-0.21362911164761	-0.12777514755726	-0.13728082180023	-0.20203132927418	-0.098691262304783	0.14865627884865	-0.0035623807925731	0.017333921045065	0.084830567240715	-0.10066516697407
-0.18667057156563	-0.12786321341991	-0.12975101172924	-0.20200514793396	-0.10110176354647	0.14865763485432	-0.0035845660604537	0.015199605375528	0.086075112223625	-0.1006625443697
-0.14126570522785	-0.12769992649555	-0.11487780511379	-0.20199334621429	-0.10541260242462	0.14867086708546	-0.0037782564759254	0.011497620493174	0.088257968425751	-0.10065288841724
-0.11577784270048	-0.12741805613041	-0.10548017174006	-0.20195333659649	-0.10787754505873	0.14867225289345	-0.0036483921576291	0.0093600004911423	0.089502081274986	-0.10064941644669
-0.073058471083641	-0.12643387913704	-0.087309926748276	-0.2019405066967	-0.11212731897831	0.14867897331715	-0.0036477856338024	0.0056586526334286	0.091683596372604	-0.1006453037262
-0.068532817065716	-0.12630289793015	-0.085359208285809	-0.20178984105587	-0.11277075111866	0.1486718505621	-0.0036822184920311	0.0052682906389236	0.091899991035461	-0.1006473004818
-0.068052940070629	-0.12628707289696	-0.085149750113487	-0.20178630948067	-0.11279866844416	0.14867413043976	-0.0036926090251654	0.0052286982536316	0.09192356467247	-0.10064572095871
-0.06800002604723	-0.12628702819347	-0.085127353668213	-0.20178852975368	-0.11280556023121	0.1486721932888	-0.0036778799258173	0.0052244625985622	0.091926634311676	-0.10064573585987
-0.06788807362318	-0.12629675865173	-0.085124887526035	-0.20132140815258	-0.11357595771551	0.1486749202013	-0.0043005682528019	0.005192045122385	0.091930955648422	-0.1006443798542
-0.068016901612282	-0.12623235583305	-0.085124775767326	-0.20178993046284	-0.11260788142681	0.14864757657051	-0.0036697264295071	0.0052283108234406	0.091913104057312	-0.10065865516663
-0.067992620170116	-0.12619297206402	-0.085124805569649	-0.2017767727375	-0.11262258142233	0.1486257314682	-0.0037362643051893	0.0052183829247952	0.09190459549427	-0.10067029297352
-0.067988492548466	-0.12627024948597	-0.085125178098679	-0.20178738236427	-0.11261303722858	0.1485641002655	-0.0037431933451444	0.0052246563136578	0.091924265027046	-0.10064387321472
-0.067993462085724	-0.12628966569901	-0.085124455392361	-0.20180603861809	-0.11264129728079	0.14867721498013	-0.0037443512119353	0.0052242837846279	0.091927498579025	-0.10064536333084
-0.067984394729137	-0.1262988448143	-0.085124380886555	-0.201764985919	-0.1131044626236	0.14868305623531	-0.004217351321131	0.0052219443023205	0.091928973793983	-0.10064446926117
-0.067988909780979	-0.126280143857	-0.085124440491199	-0.20177103579044	-0.11309722065926	0.1486726552248	-0.003723319619894	0.00522256270051	0.091924756765366	-0.10064738988876
0.20289406180382	-0.076716788113117	0.15177537500858	-0.20321688055992	-0.14621071517467	0.14848017692566	-0.0037210863083601	-0.023688811808825	0.10999988019466	-0.10084120929241
0.23168130218983	-0.071359887719154	0.17721000313759	-0.20240426063538	-0.15002864599228	0.14871326088905	-0.0037131267599761	-0.027337100356817	0.11125276982784	-0.10060499608517
0.23468412458897	-0.070762507617474	0.17994071543217	-0.20231062173843	-0.15039452910423	0.14874522387981	-0.0036053662188351	-0.027705457061529	0.11138726770878	-0.10057877004147
0.23499502241611	-0.07072227448225	0.18023404479027	-0.20231026411057	-0.15043008327484	0.14870023727417	-0.003700939938426	-0.027739964425564	0.11141008138657	-0.10056702792645
0.2764051258564	-0.11580045521259	0.18570324778557	-0.20237447321415	-0.15739668905735	0.15293821692467	-0.0037271964829415	-0.033711772412062	0.1149882376194	-0.096377521753311
0.27589374780655	-0.14576736092567	0.15701241791248	-0.20234726369381	-0.15728129446507	0.15475559234619	-0.0034859608858824	-0.03361426666379	0.11490462720394	-0.094562202692032
0.27584388852119	-0.14896781742573	0.1539319306612	-0.20233763754368	-0.15726554393768	0.15494465827942	-0.0035181338898838	-0.033605668693781	0.11488811671734	-0.094374015927315
0.2758142054081	-0.14933323860168	0.15360131859779	-0.20237718522549	-0.15710911154747	0.15497756004333	-0.0036095522809774	-0.033595588058233	0.11489486694336	-0.094344928860664
0.27581083774567	-0.14935496449471	0.15356519818306	-0.20237901806831	-0.15711432695389	0.15495604276657	-0.0039171897806227	-0.033595804125071	0.11489202082157	-0.09434387087822
0.21538975834846	-0.29643982648849	-0.040831923484802	-0.20232506096363	-0.14753957092762	0.16214318573475	-0.0033690836280584	-0.02511315792799	0.11005458235741	-0.087190881371498
0.20896349847317	-0.31216460466385	-0.061705157160759	-0.20220170915127	-0.14648066461086	0.16286179423332	-0.0037344160955399	-0.024252310395241	0.10938273370266	-0.086456581950188
0.2083011418581	-0.31386822462082	-0.063946515321732	-0.20217952132225	-0.14637100696564	0.16289722919464	-0.0036774221807718	-0.024168945848942	0.10930748283863	-0.08637335896492
0.20818082988262	-0.31404215097427	-0.064187183976173	-0.20198303461075	-0.1467250585556	0.16267570853233	-0.0047337235882878	-0.024142671376467	0.10930082201958	-0.08636711537838
0.065209701657295	-0.43394035100937	-0.27121382951736	-0.20237112045288	-0.12763795256615	0.16767130792141	-0.003504381980747	-0.0074939727783203	0.099867627024651	-0.081658557057381
0.023187901824713	-0.45583030581474	-0.3160617351532	-0.20211333036423	-0.12256866693497	0.16845062375069	-0.0036989680957049	-0.0032667331397533	0.097044587135315	-0.080869317054749
-0.0094830114394426	-0.46472591161728	-0.34103825688362	-0.20204089581966	-0.11890511214733	0.16857802867889	-0.0037698547821492	-0.00012366473674774	0.0951247215271	-0.080649510025978
-0.012941136024892	-0.46572959423065	-0.34371995925903	-0.20205381512642	-0.11852499097586	0.16864521801472	-0.003744985209778	0.00019347295165062	0.094918325543404	-0.080608293414116
-0.1047747284174	-0.4706606566906	-0.38811594247818	-0.20210503041744	-0.10914536565542	0.1684682071209	-0.0036791414022446	0.0084655210375786	0.090148985385895	-0.080802574753761
-0.17899040877819	-0.46206599473953	-0.40767452120781	-0.2021083086729	-0.10207403451204	0.167844876647	-0.0036441963165998	0.014624267816544	0.086512550711632	-0.081471219658852
-0.1868933737278	-0.46113595366478	-0.40977457165718	-0.20206867158413	-0.10132789611816	0.16777685284615	-0.0036881018895656	0.015234623104334	0.086091816425323	-0.081540182232857
-0.31442093849182	-0.4163019657135	-0.40480163693428	-0.20219184458256	-0.090199254453182	0.16519823670387	-0.0035950164310634	0.025106597691774	0.080447465181351	-0.084116920828819
-0.35730102658272	-0.39573043584824	-0.39633986353874	-0.20234562456608	-0.086326405405998	0.16413187980652	-0.0034276782535017	0.028224997222424	0.078517779707909	-0.085245385766029
-0.36187118291855	-0.39351752400398	-0.39543128013611	-0.20232155919075	-0.085957020521164	0.1639554053545	-0.0037900619208813	0.028541728854179	0.078301146626472	-0.085369601845741
-0.36236110329628	-0.39322519302368	-0.39533412456512	-0.20231926441193	-0.085917554795742	0.16391496360302	-0.003474063007161	0.0285709425807	0.078268140554428	-0.085396245121956
-0.3624093234539	-0.3932184278965	-0.39532345533371	-0.20232857763767	-0.085925936698914	0.16392935812473	-0.0033909708727151	0.028574600815773	0.078268587589264	-0.085391566157341
-0.36241713166237	-0.39321601390839	-0.39532232284546	-0.20233003795147	-0.085925124585629	0.16392569243908	-0.0033937704283744	0.028576016426086	0.078268006443977	-0.085393130779266
-0.36242190003395	-0.39320403337479	-0.39532223343849	-0.20231719315052	-0.085980854928493	0.16392229497433	-0.0033983557950705	0.028576005250216	0.078265726566315	-0.085396274924278
-0.53380954265594	-0.15409180521965	-0.20099711418152	-0.20271393656731	-0.071847781538963	0.14992666244507	-0.0033490762580186	0.041057415306568	0.071437120437622	-0.099010095000267
-0.55208057165146	-0.12845195829868	-0.18013226985931	-0.20243087410927	-0.070456743240356	0.14880654215813	-0.0028096907772124	0.042152870446444	0.070363432168961	-0.10050807893276
-0.55400192737579	-0.12574607133865	-0.17789170145988	-0.20240262150764	-0.07032023370266	0.1486826390028	-0.0037856106646359	0.042260210961103	0.070256218314171	-0.10065817832947
-0.45570051670074	-0.12572185695171	-0.17478032410145	-0.20240946114063	-0.078525468707085	0.14862236380577	-0.0035671726800501	0.03528555482626	0.074382364749908	-0.10068379342556
-0.44524598121643	-0.12564401328564	-0.17444595694542	-0.20231850445271	-0.079368367791176	0.1485241651535	-0.0031976173631847	0.034521896392107	0.07474285364151	-0.10071076452732
-0.44413527846336	-0.12571115791798	-0.1744102537632	-0.20233741402626	-0.079473152756691	0.1485903263092	-0.0033365495037287	0.034452479332685	0.074798226356506	-0.10068637132645
-0.44403591752052	-0.12571914494038	-0.17440661787987	-0.202342197299	-0.079522989690304	0.14863856136799	-0.00333984894678	0.034452926367521	0.074803724884987	-0.10068123042583
-0.44399505853653	-0.12573978304863	-0.17440621554852	-0.20234423875809	-0.079427070915699	0.14864426851273	-0.0038201715797186	0.034446984529495	0.074811562895775	-0.1006736010313
-0.44400614500046	-0.12573796510696	-0.17440587282181	-0.20234763622284	-0.079417571425438	0.14864724874496	-0.003338037757203	0.034448694437742	0.074810326099396	-0.10067526996136
-0.44400876760483	-0.1256977468729	-0.17440621554852	-0.20233549177647	-0.079421237111092	0.14861941337585	-0.0035000697243959	0.034446224570274	0.074802026152611	-0.1006847769022
-0.443981975317	-0.12573598325253	-0.17440624535084	-0.2023945748806	-0.079367712140083	0.14864918589592	-0.0034995048772544	0.034441731870174	0.074811652302742	-0.10067403316498
-0.16860748827457	-0.12749889492989	-0.1196718737483	-0.20277020335197	-0.10355883091688	0.14864130318165	-0.0041730934754014	0.013805497437716	0.087477490305901	-0.10068295896053
-0.098441913723946	-0.12698718905449	-0.097676157951355	-0.20230956375599	-0.11018857359886	0.14866057038307	-0.0036047170870006	0.0078690350055695	0.090459764003754	-0.10065460205078
-0.091010577976704	-0.12692661583424	-0.095314666628838	-0.20223347842693	-0.11087813228369	0.14867569506168	-0.0036406882572919	0.007238183170557	0.090749517083168	-0.10064694285393
-0.03218362852931	-0.12472219765186	-0.066942349076271	-0.20215649902821	-0.11722980439663	0.14868032932281	-0.0038210214115679	0.0019729249179363	0.09386970102787	-0.100641310215
-0.025950336828828	-0.12445928156376	-0.063895888626575	-0.20214734971523	-0.11784420162439	0.14867603778839	-0.0036957650445402	0.0014083795249462	0.094173491001129	-0.10064297914505
-0.025267224758863	-0.12443309277296	-0.063568964600563	-0.20216728746891	-0.11783362925053	0.14867407083511	-0.0037201724480838	0.0013445988297462	0.094207674264908	-0.10064187645912
0.062734961509705	-0.11638920754194	-0.0057855867780745	-0.20227389037609	-0.12778444588184	0.14867947995663	-0.0039565479382873	-0.0073020569980145	0.099379509687424	-0.10064002871513
0.072078816592693	-0.11550303548574	0.00041862577199936	-0.20220875740051	-0.12886723875999	0.14869630336761	-0.0037238888908178	-0.0082572102546692	0.099871829152107	-0.10062336921692
0.073062345385551	-0.11535055935383	0.0010846110526472	-0.20219868421555	-0.12895999848843	0.14865389466286	-0.0037762795109302	-0.0083559304475784	0.099913656711578	-0.10063505172729
0.13578414916992	-0.10382463037968	0.0576501339674	-0.20225408673286	-0.13696011900902	0.14869710803032	-0.0037578344345093	-0.015282094478607	0.10405836999416	-0.10062071681023
0.1570680141449	-0.098797082901001	0.07934945076704	-0.20222301781178	-0.13982734084129	0.14868438243866	-0.0037288502790034	-0.017768792808056	0.10548508167267	-0.10061474144459
0.20092082023621	-0.084756925702095	0.13234749436378	-0.20230187475681	-0.14608432352543	0.1487081348896	-0.0037506327498704	-0.023226987570524	0.10872687399387	-0.1006101667881
0.20554646849632	-0.083234988152981	0.1380380243063	-0.20223322510719	-0.146782964468	0.14867688715458	-0.0037134550511837	-0.023803971707821	0.10905720293522	-0.10059969127178
0.20603741705418	-0.083074420690536	0.13864895701408	-0.20225520431995	-0.14689643681049	0.14871950447559	-0.003689342411235	-0.023863773792982	0.10909448564053	-0.10059586167336
0.20608937740326	-0.08311665058136	0.13871505856514	-0.20226930081844	-0.14691559970379	0.14874157309532	-0.0036509404890239	-0.023871332406998	0.10911117494106	-0.10058145225048
0.20609200000763	-0.083093233406544	0.13872203230858	-0.20227028429508	-0.14691804349422	0.14873656630516	-0.0036551367957145	-0.023870997130871	0.10910798609257	-0.10058484971523
0.20610162615776	-0.083150692284107	0.13872316479683	-0.20230819284916	-0.14686952531338	0.14875659346581	-0.0036703005898744	-0.023874711245298	0.10911951959133	-0.10057075321674
0.20609690248966	-0.083076886832714	0.13872258365154	-0.20230087637901	-0.14685785770416	0.14872741699219	-0.0036491868086159	-0.023872353136539	0.10910369455814	-0.10059191286564
0.20609204471111	-0.083076640963554	0.13872264325619	-0.20230849087238	-0.14685855805874	0.14872601628304	-0.0036530115175992	-0.023869697004557	0.10910499095917	-0.10058853030205
0.20609809458256	-0.083140335977077	0.13872280716896	-0.20231914520264	-0.14683569967747	0.14866518974304	-0.0039329151622951	-0.023872397840023	0.10911765694618	-0.10057348012924
0.22191134095192	-0.26626378297806	-0.0091911796480417	-0.20241115987301	-0.14939633011818	0.16041126847267	-0.003698542714119	-0.026008818298578	0.11051791906357	-0.088897243142128
0.20966251194477	-0.30885943770409	-0.058308053761721	-0.20229908823967	-0.14745835959911	0.16264095902443	-0.0035464097745717	-0.024345826357603	0.1094256490469	-0.08665668964386
0.19283899664879	-0.33534526824951	-0.096476688981056	-0.20228019356728	-0.14491477608681	0.1638146340847	-0.0037104480434209	-0.022165305912495	0.10811993479729	-0.085473135113716
0.15512980520725	-0.37813645601273	-0.16417257487774	-0.20231346786022	-0.13955865800381	0.16561684012413	-0.003659846726805	-0.017523918300867	0.10541959106922	-0.083671092987061
0.15111897885799	-0.3827155828476	-0.17144131660461	-0.20228037238121	-0.13896518945694	0.16583609580994	-0.0041550882160664	-0.017052549868822	0.10510389506817	-0.08348123729229
0.15069463849068	-0.38319391012192	-0.17222179472446	-0.20227614045143	-0.13890379667282	0.16584657132626	-0.0035990295000374	-0.017004929482937	0.10506588220596	-0.08346663415432
0.032320916652679	-0.45043107867241	-0.30543258786201	-0.20251542329788	-0.12399715930223	0.16826690733433	-0.0037121351342648	-0.0041542053222656	0.097727343440056	-0.081065088510513
0.019657151773572	-0.45757675170898	-0.31973612308502	-0.20246669650078	-0.12218607962132	0.16850984096527	-0.0042020538821816	-0.0029236748814583	0.096797853708267	-0.080805018544197
0.018330439925194	-0.45837065577507	-0.32127144932747	-0.2023034542799	-0.12230853736401	0.16855108737946	-0.003711009863764	-0.0028024762868881	0.096698865294456	-0.080772593617439
0.018211659044027	-0.45847284793854	-0.32143619656563	-0.20228873193264	-0.12231785058975	0.16855885088444	-0.0036691899877042	-0.0027954392135143	0.096689328551292	-0.080765038728714
-0.19830000400543	-0.45264434814453	-0.40345767140388	-0.20289754867554	-0.10056219249964	0.16729751229286	-0.0036613431293517	0.016280502080917	0.085944309830666	-0.082017093896866
-0.22139738500118	-0.45203617215157	-0.41226428747177	-0.20257064700127	-0.098331928253174	0.16721910238266	-0.0036289647687227	0.017984554171562	0.084531247615814	-0.082093507051468
-0.34739604592323	-0.3995121717453	-0.39714151620865	-0.20269545912743	-0.087603025138378	0.16429960727692	-0.0035595600493252	0.027545217424631	0.079021468758583	-0.085046753287315
-0.3608164191246	-0.39389386773109	-0.39551758766174	-0.20277324318886	-0.08600477874279	0.16397006809711	-0.0037106752861291	0.028469555079937	0.078351318836212	-0.085354223847389
-0.36225202679634	-0.39324644207954	-0.39534366130829	-0.20274649560452	-0.085821971297264	0.16385868191719	-0.0033825270365924	0.028563946485519	0.078271090984344	-0.085397064685822
-0.36240711808205	-0.39321398735046	-0.39532440900803	-0.20276118814945	-0.085830740630627	0.16391748189926	-0.0034207839053124	0.028575029224157	0.07826566696167	-0.085396692156792
-0.49622422456741	-0.27225911617279	-0.30642309784889	-0.20294231176376	-0.07476319372654	0.15715876221657	-0.0031130958814174	0.038269277662039	0.072794735431671	-0.092165127396584
-0.52388674020767	-0.23625658452511	-0.27715745568275	-0.20283150672913	-0.072477877140045	0.15510112047195	-0.0034673889167607	0.040149249136448	0.071527615189552	-0.09422267973423
-0.5494749546051	-0.16125947237015	-0.21042843163013	-0.20285777747631	-0.070339612662792	0.1507493853569	-0.0029554234351963	0.041958596557379	0.07046765089035	-0.098572343587875
-0.5537166595459	-0.12926658987999	-0.18114477396011	-0.20282587409019	-0.069972097873688	0.14887663722038	-0.0033443407155573	0.042241364717484	0.070271924138069	-0.10044892132282
-0.55417031049728	-0.12582467496395	-0.17800050973892	-0.20280201733112	-0.069944679737091	0.14866836369038	-0.0033143856562674	0.042266763746738	0.07024584710598	-0.10065449774265
-0.55421209335327	-0.12546174228191	-0.17766278982162	-0.20280547440052	-0.06995315849781	0.14864785969257	-0.003169032279402	0.042269289493561	0.070245027542114	-0.10067377984524
-0.45573532581329	-0.12572549283504	-0.17475564777851	-0.20271408557892	-0.077983558177948	0.14858475327492	-0.0034532453864813	0.035293389111757	0.074387639760971	-0.1006743311882
-0.445257127285	-0.12572208046913	-0.17444342374802	-0.20263154804707	-0.078958868980408	0.14858907461166	-0.0034426867496222	0.034533284604549	0.07476370036602	-0.10067921876907
-0.44413575530052	-0.12573590874672	-0.17441004514694	-0.2026289254427	-0.079033106565475	0.14864613115788	-0.0034511021804065	0.034455981105566	0.074805095791817	-0.10067602992058
-0.44402289390564	-0.12573972344398	-0.17440648376942	-0.20263183116913	-0.079058960080147	0.14864605665207	-0.0034043334890157	0.034451335668564	0.074809238314629	-0.10067576169968
-0.44400188326836	-0.12574908137321	-0.17440620064735	-0.20267072319984	-0.079045444726944	0.1486494988203	-0.0034800383727998	0.034449692815542	0.074812561273575	-0.10067334771156
-0.44399973750114	-0.1257291585207	-0.17440597712994	-0.20267637073994	-0.079004980623722	0.14864249527454	-0.003478852333501	0.034445777535439	0.074809059500694	-0.10067889094353
-0.44399762153625	-0.12573154270649	-0.17440621554852	-0.20267623662949	-0.078999646008015	0.1486452370882	-0.0034914650022984	0.034445974975824	0.074809804558754	-0.10067656636238
-0.44402804970741	-0.12574537098408	-0.17440585792065	-0.20268912613392	-0.07902117818594	0.14864349365234	-0.0034885692875832	0.034455023705959	0.074810564517975	-0.10067576169968
-0.14793729782104	-0.12723837792873	-0.11187109351158	-0.20335967838764	-0.104735866189	0.1486282646656	-0.0034834910184145	0.012115497142076	0.088564813137054	-0.10069192945957
-0.11647071689367	-0.12734994292259	-0.10515762120485	-0.20283392071724	-0.10757047683001	0.14866176247597	-0.0046345265582204	0.0094166733324528	0.089528888463974	-0.10065707564354
-0.11314813792706	-0.12734796106815	-0.10443671047688	-0.20272472500801	-0.10785932838917	0.1486643999815	-0.0034551559947431	0.0091404318809509	0.089625716209412	-0.10065586864948
-0.016069866716862	-0.12365262955427	-0.057476852089167	-0.20276682078838	-0.11792016774416	0.14867503941059	-0.0038694783579558	0.00046927481889725	0.094811663031578	-0.10064758360386
0.012273889034986	-0.12187340855598	-0.04144412279129	-0.20267800986767	-0.12101327627897	0.14868724346161	-0.0037093772552907	-0.002229206264019	0.096323356032372	-0.10063515603542
0.015289668925107	-0.1216824427247	-0.039722550660372	-0.202662140131	-0.12136804312468	0.14868722856045	-0.0037519731558859	-0.0025152489542961	0.09648123383522	-0.10063192248344
0.083323173224926	-0.11358966678381	0.010016019456089	-0.20260992646217	-0.12957543134689	0.14864638447762	-0.0037755705416203	-0.009464219212532	0.10060560703278	-0.10065419971943
0.090534411370754	-0.11275855451822	0.015356473624706	-0.20257993042469	-0.13046833872795	0.14867985248566	-0.0037405206821859	-0.01021695882082	0.10101974010468	-0.10063077509403
0.12262107431889	-0.10695538669825	0.044168055057526	-0.20268306136131	-0.13451099395752	0.14871126413345	-0.0038451459258795	-0.013769380748272	0.10313087701797	-0.10061007738113
0.15568214654922	-0.099154807627201	0.077901676297188	-0.20271164178848	-0.13894402980804	0.1487074047327	-0.0037386945914477	-0.017606496810913	0.10539714992046	-0.10061039030552
0.15918457508087	-0.098290465772152	0.081523865461349	-0.20269766449928	-0.13940852880478	0.14870226383209	-0.0037402294110507	-0.018014807254076	0.10562615096569	-0.10061150789261
0.15955899655819	-0.098231136798859	0.081912964582443	-0.2027408182621	-0.13941150903702	0.14871248602867	-0.0037359930574894	-0.018057458102703	0.10565809905529	-0.10060375928879
0.15958964824677	-0.098196089267731	0.081954479217529	-0.20272380113602	-0.13939048349857	0.14870169758797	-0.003833094611764	-0.018059577792883	0.10565558075905	-0.10061010718346
0.15957060456276	-0.098204605281353	0.081958808004856	-0.20246766507626	-0.13977240025997	0.14871209859848	-0.0037239803932607	-0.018052741885185	0.1056611686945	-0.10060572624207
0.15958875417709	-0.098219610750675	0.08195973187685	-0.20247583091259	-0.13978277146816	0.14872264862061	-0.0036745027173311	-0.018057856708765	0.1056627035141	-0.1006021052599
0.15959413349628	-0.098221033811569	0.08195960521698	-0.20248827338219	-0.13976426422596	0.14871805906296	-0.0036510317586362	-0.01806066557765	0.10566279292107	-0.10060194134712
0.27189826965332	-0.093923777341843	0.20283702015877	-0.20277553796768	-0.15714506804943	0.15152654051781	-0.0036713473964483	-0.033109351992607	0.11480671167374	-0.097842648625374
0.28381934762001	-0.09344120323658	0.2158158570528	-0.20258143544197	-0.15905106067657	0.15187719464302	-0.0037488886155188	-0.034821927547455	0.11562874913216	-0.097451522946358
0.28508597612381	-0.093388989567757	0.21720910072327	-0.20260056853294	-0.15915305912495	0.15187078714371	-0.0035065324045718	-0.035002123564482	0.1157193928957	-0.097408294677734
0.25338533520699	-0.2189624607563	0.065559029579163	-0.2027228474617	-0.15378946065903	0.15856224298477	-0.003524137660861	-0.030334658920765	0.11306302249432	-0.090826332569122
0.22691416740417	-0.28087738156319	-0.01704696379602	-0.2026668637991	-0.14944465458393	0.16138875484467	-0.0041870302520692	-0.026644095778465	0.1108313947916	-0.087859109044075
0.22410041093826	-0.28747573494911	-0.025916915386915	-0.20262816548347	-0.14898563921452	0.16176252067089	-0.0033613867126405	-0.026262812316418	0.11055463552475	-0.087558403611183
0.22381070256233	-0.28817030787468	-0.026869209483266	-0.20265071094036	-0.14889000356197	0.16178753972054	-0.0036554210819304	-0.026226408779621	0.11051926016808	-0.087530061602592
0.13798788189888	-0.39056432247162	-0.18682537972927	-0.20274415612221	-0.13661366701126	0.16611079871655	-0.0041343113407493	-0.015509124845266	0.10437701642513	-0.083210691809654
0.1288425475359	-0.40153324604034	-0.20400039851665	-0.20260918140411	-0.13531830906868	0.16656646132469	-0.0037061721086502	-0.014460537582636	0.10359291732311	-0.082750424742699
0.056771941483021	-0.4432972073555	-0.28622564673424	-0.20272429287434	-0.12638673186302	0.16805943846703	-0.0037825186736882	-0.0066439583897591	0.099051982164383	-0.081260204315186
0.049107234925032	-0.44774746894836	-0.29505491256714	-0.20265537500381	-0.12540891766548	0.16821086406708	-0.0037204176187515	-0.0058755055069923	0.098508089780807	-0.081101104617119
0.048273302614689	-0.44823142886162	-0.29600259661674	-0.20263603329659	-0.12528681755066	0.16823528707027	-0.0037187994457781	-0.0057920254766941	0.098448976874352	-0.081083938479424
0.048203889280558	-0.44831436872482	-0.29610452055931	-0.20264241099358	-0.12527051568031	0.16818681359291	-0.0037322461139411	-0.0057860538363457	0.098446950316429	-0.081071302294731
0.048203155398369	-0.44829371571541	-0.29611536860466	-0.20281204581261	-0.12499013543129	0.16822919249535	-0.003718163818121	-0.0057884529232979	0.098440736532211	-0.081080704927444
0.048197787255049	-0.44829162955284	-0.29611691832542	-0.20282596349716	-0.12500210106373	0.16823518276215	-0.0037218858487904	-0.0057864226400852	0.098441526293755	-0.08107802271843
0.048201400786638	-0.44829994440079	-0.29611676931381	-0.20284013450146	-0.12495969235897	0.16823515295982	-0.0037215142510831	-0.005787581205368	0.098442196846008	-0.08107778429985
0.048191517591476	-0.44830679893494	-0.29611659049988	-0.2028506398201	-0.1249700114131	0.1682433784008	-0.0037182192318141	-0.0057852640748024	0.098443627357483	-0.081076353788376
0.048223607242107	-0.44832020998001	-0.29611676931381	-0.20335467159748	-0.12463182210922	0.16822716593742	-0.0037382126320153	-0.0057933814823627	0.098445877432823	-0.081069156527519
0.04820328950882	-0.44833558797836	-0.29611667990685	-0.20332355797291	-0.12469901889563	0.16824069619179	-0.003708953037858	-0.0057867020368576	0.098449274897575	-0.081067755818367
-0.41676351428032	-0.32236728072166	-0.3318567276001	-0.20462293922901	-0.081996627151966	0.15993863344193	-0.0048053902573884	0.033261086791754	0.077424436807632	-0.089388087391853
-0.48585930466652	-0.28705260157585	-0.31827884912491	-0.20327137410641	-0.076092205941677	0.15796205401421	-0.0039580189622939	0.037556532770395	0.073249563574791	-0.091353803873062
-0.50937253236771	-0.26081490516663	-0.29815077781677	-0.20311181247234	-0.074088379740715	0.15647931396961	-0.0033306132536381	0.039113104343414	0.072118744254112	-0.092831298708916
-0.53578805923462	-0.2115069180727	-0.25569379329681	-0.20311397314072	-0.071896947920322	0.1536513864994	-0.0033856115769595	0.040970701724291	0.071012496948242	-0.095661342144012
-0.5386318564415	-0.20624819397926	-0.25113454461098	-0.20304395258427	-0.071713872253895	0.15335336327553	-0.003224876942113	0.04117039963603	0.07088677585125	-0.095961093902588
-0.5525643825531	-0.13406659662724	-0.18551601469517	-0.20308981835842	-0.070374600589275	0.14914953708649	-0.0029336120933294	0.042165029793978	0.070326268672943	-0.10017278790474
-0.55404376983643	-0.12634249031544	-0.17847020924091	-0.20307655632496	-0.070270419120789	0.14869748055935	-0.0033737909980118	0.042259026318789	0.070251628756523	-0.10062429308891
-0.55419671535492	-0.12551312148571	-0.17771370708942	-0.20307667553425	-0.070263221859932	0.14865110814571	-0.0031703163404018	0.042266894131899	0.07024522125721	-0.10067203640938
-0.55421382188797	-0.12535923719406	-0.17763289809227	-0.20305335521698	-0.070249810814857	0.14856068789959	-0.0031576931942254	0.042262516915798	0.07023012638092	-0.10069110989571
-0.55421715974808	-0.12534274160862	-0.177624091506	-0.20305520296097	-0.070256538689137	0.14856952428818	-0.0031650923192501	0.042260613292456	0.070227548480034	-0.10069504380226
-0.55421578884125	-0.12540498375893	-0.17762283980846	-0.20308707654476	-0.07026506960392	0.1486422419548	-0.0031324021983892	0.042267002165318	0.070241823792458	-0.10067869722843
-0.55421954393387	-0.12541538476944	-0.17762270569801	-0.2030875235796	-0.070268847048283	0.14864230155945	-0.0031592953018844	0.042270254343748	0.070242837071419	-0.10067844390869
-0.55421721935272	-0.12536512315273	-0.17762286961079	-0.20307849347591	-0.070276379585266	0.14863248169422	-0.0031496626324952	0.042261369526386	0.070234522223473	-0.10068808495998
-0.5542054772377	-0.12541121244431	-0.17762261629105	-0.20309220254421	-0.070276945829391	0.1486394405365	-0.0031613712199032	0.042265925556421	0.070243582129478	-0.10067898035049
-0.55421870946884	-0.1254074126482	-0.17762276530266	-0.20309610664845	-0.070275723934174	0.14864380657673	-0.0031480807811022	0.042268741875887	0.070241719484329	-0.10067892074585
-0.55422025918961	-0.12541161477566	-0.17762278020382	-0.20309902727604	-0.070278227329254	0.14864510297775	-0.0031500037293881	0.042269501835108	0.070242002606392	-0.10067889094353
-0.55422025918961	-0.1253803819418	-0.17762269079685	-0.2030972391367	-0.070285223424435	0.14863361418247	-0.0031499662436545	0.042264517396688	0.070237204432487	-0.10068693757057
-0.55422019958496	-0.1254163980484	-0.17762276530266	-0.20310941338539	-0.070288680493832	0.14864546060562	-0.0031574058812112	0.042270291596651	0.070243269205093	-0.10067743062973
-0.5542169213295	-0.1253347992897	-0.17762313783169	-0.20307652652264	-0.070280127227306	0.1485415995121	-0.00316326553002	0.04226041212678	0.070227980613708	-0.10069581866264
-0.55421531200409	-0.12532670795918	-0.17762286961079	-0.20307588577271	-0.070290938019753	0.14854423701763	-0.0031497315503657	0.042258761823177	0.070224687457085	-0.10070011019707
-0.55421876907349	-0.12535880506039	-0.1776228249073	-0.20308999717236	-0.070297665894032	0.14857539534569	-0.0031489110551775	0.042263887822628	0.070229887962341	-0.10069189965725
-0.55422055721283	-0.12538854777813	-0.17762261629105	-0.20310659706593	-0.070316530764103	0.14862966537476	-0.0031482577323914	0.042265631258488	0.070236027240753	-0.10068725049496
-0.55421668291092	-0.12539000809193	-0.17762278020382	-0.20311026275158	-0.070321306586266	0.14863732457161	-0.0031482216436416	0.042265523225069	0.070238038897514	-0.10068336129189
-0.55421590805054	-0.12539510428905	-0.1776227504015	-0.20311449468136	-0.070324659347534	0.14863784611225	-0.0031565006356686	0.042265266180038	0.070239901542664	-0.10068325698376
-0.55422282218933	-0.12542447447777	-0.17762257158756	-0.20312675833702	-0.070323057472706	0.14864775538445	-0.0031499466858804	0.042271547019482	0.070244491100311	-0.10067518055439
-0.554219186306	-0.12541800737381	-0.17762251198292	-0.20313014090061	-0.070325836539268	0.14864572882652	-0.0031546377576888	0.042269963771105	0.070243746042252	-0.10067741572857
-0.55421602725983	-0.12541288137436	-0.17762254178524	-0.2031322568655	-0.070329681038857	0.14864398539066	-0.0031462255865335	0.042269390076399	0.070242509245872	-0.10067927837372
-0.55421435832977	-0.12540954351425	-0.17762272059917	-0.20313480496407	-0.070332601666451	0.14864300191402	-0.0031587812118232	0.042266763746738	0.070243746042252	-0.10067884624004
-0.55421721935272	-0.12541437149048	-0.17762261629105	-0.20313976705074	-0.070334076881409	0.1486459672451	-0.0031489704269916	0.04226915538311	0.070243149995804	-0.10067796707153
-0.55421721935272	-0.12540629506111	-0.17762273550034	-0.2031401693821	-0.070336997509003	0.1486422419548	-0.0031540330965072	0.04226815328002	0.070241644978523	-0.10068023204803
-0.55422115325928	-0.12538453936577	-0.17762283980846	-0.20313899219036	-0.070338234305382	0.14863878488541	-0.0031495480798185	0.042265865951777	0.070237621665001	-0.10068371891975
-0.55421143770218	-0.12537835538387	-0.17762286961079	-0.20313839614391	-0.070342727005482	0.1486322581768	-0.0031571541912854	0.04226242005825	0.070238262414932	-0.10068613290787
-0.55421954393387	-0.12540975213051	-0.1776227504015	-0.20315003395081	-0.07034382969141	0.1486455053091	-0.0031483464408666	0.042268924415112	0.070242211222649	-0.10067835450172
-0.55421811342239	-0.12540574371815	-0.17762288451195	-0.20315177738667	-0.070344313979149	0.14863975346088	-0.003159073414281	0.042268894612789	0.070241287350655	-0.10067977011204
-0.55421298742294	-0.12539820373058	-0.17762294411659	-0.20314757525921	-0.070347055792809	0.14862081408501	-0.0031705643050373	0.042267359793186	0.070240452885628	-0.10068054497242
-0.55421882867813	-0.12535683810711	-0.17762289941311	-0.20313622057438	-0.070342689752579	0.14857937395573	-0.0031227450817823	0.0422637835145	0.070230707526207	-0.10069060325623
-0.55422097444534	-0.12537811696529	-0.17762252688408	-0.203150421381	-0.070362813770771	0.14862832427025	-0.0031314406078309	0.04226441681385	0.070234894752502	-0.10068771243095
-0.55422067642212	-0.12540912628174	-0.17762266099453	-0.20316183567047	-0.070362344384193	0.14864286780357	-0.0031844351906329	0.042269393801689	0.070242136716843	-0.10067774355412
-0.55421996116638	-0.12539871037006	-0.17762283980846	-0.20316223800182	-0.070365451276302	0.14863811433315	-0.0031493708956987	0.042268320918083	0.070239901542664	-0.10068130493164
-0.55422073602676	-0.12541773915291	-0.1776227504015	-0.20317266881466	-0.070368342101574	0.14864683151245	-0.0031512056011707	0.042270515114069	0.070243254303932	-0.10067640244961
-0.5542174577713	-0.1254051476717	-0.17762272059917	-0.20317359268665	-0.070372760295868	0.14864172041416	-0.0031530745327473	0.042267579585314	0.070242196321487	-0.10067947208881
-0.55421829223633	-0.12540972232819	-0.17762283980846	-0.20317743718624	-0.070372976362705	0.14864322543144	-0.0031523692887276	0.042269337922335	0.070241793990135	-0.10067884624004
-0.55422073602676	-0.12539151310921	-0.17762283980846	-0.20317775011063	-0.070376016199589	0.14863762259483	-0.0031557101756334	0.04226702824235	0.070238322019577	-0.10068371891975
-0.55422705411911	-0.12540349364281	-0.17762269079685	-0.20318619906902	-0.070379815995693	0.14863994717598	-0.0031525157392025	0.042270340025425	0.070239916443825	-0.10068097710609
-0.55422085523605	-0.12538975477219	-0.17762270569801	-0.20318713784218	-0.070385999977589	0.14864008128643	-0.0031520784832537	0.042266249656677	0.07023897767067	-0.10068222880363
-0.5542174577713	-0.12542064487934	-0.17762266099453	-0.20319746434689	-0.070388630032539	0.14864811301231	-0.0031465836800635	0.04226978495717	0.070245057344437	-0.10067483782768
-0.55421841144562	-0.12540018558502	-0.17762278020382	-0.20319707691669	-0.070390373468399	0.14863842725754	-0.0031615695916116	0.04226790368557	0.070240989327431	-0.10067979991436
-0.55422002077103	-0.1254109442234	-0.17762263119221	-0.20320548117161	-0.070392221212387	0.14864261448383	-0.0031481559854001	0.042269840836525	0.070242077112198	-0.10067902505398
-0.55421030521393	-0.12540879845619	-0.17762267589569	-0.20320829749107	-0.070397116243839	0.14864155650139	-0.0031467471271753	0.042266391217709	0.07024310529232	-0.10068033635616
-0.55420178174973	-0.12534226477146	-0.17762336134911	-0.20317807793617	-0.070375725626945	0.14851722121239	-0.0031580079812557	0.04226154088974	0.070230484008789	-0.10068871080875
-0.55421727895737	-0.12534083425999	-0.17762295901775	-0.20318913459778	-0.070389524102211	0.14856088161469	-0.0031472786795348	0.042260807007551	0.070227384567261	-0.10069561004639
-0.55421787500381	-0.1253355294466	-0.17762325704098	-0.20318974554539	-0.070393569767475	0.14853617548943	-0.0031642254907638	0.042263060808182	0.070226535201073	-0.10069437325001
-0.5542243719101	-0.12536196410656	-0.17762283980846	-0.2032066732645	-0.070406042039394	0.1485847234726	-0.0031375992111862	0.042265836149454	0.070230230689049	-0.100690305233
-0.55422842502594	-0.12532639503479	-0.1776228249073	-0.2031986117363	-0.070410385727882	0.14854896068573	-0.0031534656882286	0.042260840535164	0.070222809910774	-0.10070210695267
-0.554223716259	-0.12534557282925	-0.17762261629105	-0.20321001112461	-0.070420496165752	0.1485879868269	-0.0031543611548841	0.042261406779289	0.070226907730103	-0.1006992161274
-0.55421900749207	-0.12541301548481	-0.17762254178524	-0.20323644578457	-0.070430777966976	0.14864259958267	-0.0031568831764162	0.042268954217434	0.070242464542389	-0.10067908465862
-0.55422186851501	-0.12539818882942	-0.1776228249073	-0.20323686301708	-0.07043431699276	0.14863720536232	-0.0031479441095144	0.042268566787243	0.070239782333374	-0.1006815135479
-0.55422353744507	-0.12541380524635	-0.17762285470963	-0.20324401557446	-0.070436492562294	0.14864328503609	-0.0031543597579002	0.042270604521036	0.070242688059807	-0.10067716240883
-0.55421900749207	-0.12539768218994	-0.17762289941311	-0.20324374735355	-0.070440977811813	0.14863699674606	-0.0031604492105544	0.042268335819244	0.07023960351944	-0.10068118572235
-0.55422556400299	-0.1253674775362	-0.17762249708176	-0.20324049890041	-0.070445671677589	0.14862480759621	-0.0031176065094769	0.04226391017437	0.07023186981678	-0.10069312155247
-0.5542219877243	-0.12540881335735	-0.17762251198292	-0.20325350761414	-0.070448331534863	0.14864125847816	-0.0031857087742537	0.042269788682461	0.070241242647171	-0.10067988932133
-0.55422186851501	-0.12541209161282	-0.17762270569801	-0.20325684547424	-0.070453181862831	0.14864352345467	-0.0031389459036291	0.042270269244909	0.070242419838905	-0.10067760944366
-0.55421984195709	-0.12540394067764	-0.17762285470963	-0.20325809717178	-0.070455744862556	0.14864119887352	-0.0031630464363843	0.042268380522728	0.070241048932076	-0.10067966580391
-0.55422252416611	-0.12541450560093	-0.17762281000614	-0.20326445996761	-0.070458248257637	0.14864790439606	-0.0031454432755709	0.042270548641682	0.070243015885353	-0.10067671537399
-0.55421453714371	-0.12540754675865	-0.17762279510498	-0.20326481759548	-0.070461586117744	0.1486425101757	-0.0031561453361064	0.042267970740795	0.070242300629616	-0.10067881643772
-0.55421876907349	-0.12541621923447	-0.17762276530266	-0.20326985418797	-0.07046715170145	0.14864781498909	-0.0031495639123023	0.042269375175238	0.070243880152702	-0.10067719221115
-0.55421662330627	-0.12541687488556	-0.17762276530266	-0.20327246189117	-0.070470534265041	0.14864757657051	-0.0031531502027065	0.042268842458725	0.070244282484055	-0.1006765961647
-0.55422109365463	-0.12538133561611	-0.17762286961079	-0.20326787233353	-0.070469163358212	0.14863294363022	-0.0031454737763852	0.042265214025974	0.070236504077911	-0.10068717598915
-0.55421656370163	-0.1253963559866	-0.17762269079685	-0.20327140390873	-0.070474445819855	0.14863872528076	-0.0031644322443753	0.042265757918358	0.07024011015892	-0.10068181157112
-0.55422246456146	-0.12541158497334	-0.17762267589569	-0.20327669382095	-0.070475205779076	0.14864322543144	-0.0031519425101578	0.042269852012396	0.07024197280407	-0.10067903995514
-0.55421847105026	-0.12540724873543	-0.17762279510498	-0.20327790081501	-0.070477917790413	0.14864122867584	-0.0031526845414191	0.042268469929695	0.070242255926132	-0.1006795912981
-0.55422151088715	-0.12540543079376	-0.17762281000614	-0.20328149199486	-0.070480741560459	0.14864388108253	-0.0031483476050198	0.042268581688404	0.070241346955299	-0.10067948698997
-0.554214656353	-0.12540233135223	-0.17762286961079	-0.20328158140182	-0.070483289659023	0.14863841235638	-0.0031610180158168	0.042267255485058	0.070241332054138	-0.10068044066429
-0.55422258377075	-0.12539142370224	-0.17762278020382	-0.20328330993652	-0.070487685501575	0.14863741397858	-0.0031397517304868	0.042267184704542	0.070238620042801	-0.10068248212337
-0.55421990156174	-0.12541262805462	-0.17762272059917	-0.20329162478447	-0.070491202175617	0.14864379167557	-0.0031567509286106	0.042269896715879	0.070242211222649	-0.10067844390869
-0.55421996116638	-0.12540139257908	-0.17762289941311	-0.20329234004021	-0.070494279265404	0.14864085614681	-0.0031521774362773	0.042267620563507	0.070240899920464	-0.10068066418171
-0.55422270298004	-0.12540505826473	-0.17762264609337	-0.20329611003399	-0.07049572467804	0.14864253997803	-0.0031505394726992	0.042268719524145	0.070240840315819	-0.10068066418171
-0.55421739816666	-0.12541364133358	-0.17762267589569	-0.20330002903938	-0.070498757064342	0.14864537119865	-0.0031564694363624	0.042268868535757	0.07024259865284	-0.10067826509476
-0.55421209335327	-0.12533663213253	-0.17762358486652	-0.20327542722225	-0.070488184690475	0.148561835289	-0.0031573320738971	0.042262226343155	0.070229545235634	-0.10068994760513
-0.55421936511993	-0.12536190450191	-0.17762306332588	-0.20328423380852	-0.070492669939995	0.1485907137394	-0.0031702015548944	0.042265184223652	0.070232182741165	-0.10068672895432
-0.55422240495682	-0.12538024783134	-0.17762272059917	-0.20329850912094	-0.070504225790501	0.14862604439259	-0.003109818091616	0.042265325784683	0.070235252380371	-0.10068736970425
-0.55422556400299	-0.12540549039841	-0.17762269079685	-0.20330873131752	-0.07050547003746	0.14863961935043	-0.0031742944847792	0.042270440608263	0.070239707827568	-0.10068082809448
-0.55421113967896	-0.12541529536247	-0.17762281000614	-0.20331254601479	-0.070511683821678	0.1486452370882	-0.0031509592663497	0.042267754673958	0.070243939757347	-0.10067719221115
-0.55422139167786	-0.12540882825851	-0.17762273550034	-0.20331321656704	-0.070510804653168	0.14864231646061	-0.0031471853144467	0.042269706726074	0.070241495966911	-0.10067945718765
