-0.19954361021519	-1.0131030082703	0.0046217739582062	0.40189629793167
-0.20059569180012	-1.0139689445496	0.0043690204620361	0.6854230761528
-0.20122310519218	-1.0141173601151	0.004319354891777	0.68396842479706
-0.20139181613922	-1.0141147375107	0.0043024271726608	0.68376904726028
-0.20141500234604	-1.0141694545746	0.004304900765419	0.68377149105072
-0.20142067968845	-1.0142893791199	0.0043133571743965	0.68373388051987
-0.20143939554691	-1.0144491195679	0.0043223351240158	0.6836906671524
-0.20146827399731	-1.0146256685257	0.0043294876813889	0.68366020917892
-0.20150129497051	-1.0148087739944	0.0043353959918022	0.61469453573227
-0.20493443310261	-0.98610591888428	0.0024732872843742	1.0129797458649
-0.20392271876335	-0.9990206360817	0.0016890168190002	0.78210234642029
-0.20273700356483	-1.0102277994156	0.0012979656457901	0.71840131282806
-0.20232172310352	-1.0155773162842	0.0019937604665756	0.67885357141495
-0.20212575793266	-1.0152952671051	0.0039449781179428	0.68284600973129
-0.20202670991421	-1.0126764774323	0.0056337118148804	0.69673764705658
-0.20186015963554	-1.0105413198471	0.0062924474477768	0.70478665828705
-0.20182286202908	-1.0074946880341	0.0081116110086441	0.64528745412827
-0.20180404186249	-1.0050475597382	0.0088271573185921	0.72840303182602
-0.20173032581806	-1.0036453008652	0.0091391354799271	0.73604792356491
-0.20156699419022	-1.0018509626389	0.010169893503189	0.74050796031952
-0.20160046219826	-0.99752497673035	0.012024454772472	0.75042527914047
-0.20164200663567	-0.99285745620728	0.013417884707451	0.76163280010223
-0.20169295370579	-0.99015110731125	0.013817436993122	0.77424848079681
-0.2016474455595	-0.98684978485107	0.014624446630478	0.7073723077774
-0.20156982541084	-0.98333632946014	0.015596985816956	0.79155844449997
-0.2015436142683	-0.97717773914337	0.016829907894135	0.80320930480957
-0.20166972279549	-0.97151881456375	0.017631523311138	0.8115166425705
-0.20169603824615	-0.96833127737045	0.017880909144878	0.82038795948029
-0.20166213810444	-0.96482908725739	0.01833713799715	0.82506263256073
-0.20195196568966	-0.96010375022888	0.018728345632553	0.74734503030777
-0.20196487009525	-0.95534932613373	0.018961973488331	0.83065617084503
-0.20201340317726	-0.95081681013107	0.019082494080067	0.82979905605316
-0.20210684835911	-0.94633936882019	0.01916778087616	0.82806003093719
-0.20230320096016	-0.94134378433228	0.019032254815102	0.82477378845215
-0.20247830450535	-0.9360323548317	0.018807969987392	0.82000696659088
-0.20283082127571	-0.92829531431198	0.018186211585999	0.7303860783577
-0.20283226668835	-0.92409884929657	0.017911687493324	0.80490428209305
-0.20303672552109	-0.91966819763184	0.017439305782318	0.79806995391846
-0.20338378846645	-0.9127744436264	0.016332678496838	0.78668463230133
-0.20357537269592	-0.90904420614243	0.015845991671085	0.77755635976791
-0.20380160212517	-0.90290170907974	0.014539860188961	0.76829504966736
-0.20364102721214	-0.89938521385193	0.013935014605522	0.68200826644897
-0.2040139734745	-0.89424270391464	0.012240119278431	0.74722045660019
-0.20409193634987	-0.88932168483734	0.01089946180582	0.73304122686386
-0.20390556752682	-0.88620316982269	0.010318115353584	0.72263437509537
-0.20396667718887	-0.88156348466873	0.0084004774689674	0.71061909198761
-0.20389673113823	-0.87694215774536	0.0067494586110115	0.69194060564041
-0.20406733453274	-0.87294965982437	0.0050182938575745	0.66976201534271
-0.20426309108734	-0.87090188264847	0.0043504312634468	0.65475076436996
-0.20467412471771	-0.86866939067841	0.0027659237384796	0.58003669977188
-0.20509319007397	-0.86636960506439	0.0016032755374908	0.62570095062256
-0.2049435377121	-0.86450088024139	0.00099991261959076	0.60607922077179
-0.20524507761002	-0.86474019289017	0.00099247694015503	0.59965348243713
-0.20569160580635	-0.86529701948166	0.0009850412607193	0.31229931116104
-0.20623385906219	-0.86594069004059	0.00097381323575974	0.012025524862111
-0.20664478838444	-0.86703091859818	0.00095406174659729	-0.0033589608501643
-0.20678739249706	-0.86738407611847	0.00093431770801544	-0.0031581739895046
-0.20688496530056	-0.86763179302216	0.00091872364282608	-0.0035623337607831
-0.2069093734026	-0.86716246604919	0.0009104311466217	-0.0032787427771837
-0.20688927173615	-0.86710870265961	0.00090256333351135	-0.0032673426903784
-0.20693349838257	-0.8678914308548	0.0008866935968399	-0.0037024386692792
-0.2068864107132	-0.86748814582825	0.00087761878967285	-0.0032543088309467
-0.2068305015564	-0.86802589893341	0.00086392462253571	-0.0036103606689721
-0.20679306983948	-0.86811107397079	0.00085058063268661	-0.0035588804166764
-0.20658576488495	-0.86804103851318	0.00084111839532852	-0.0035589516628534
-0.20656360685825	-0.8674613237381	0.00083675980567932	-0.0037499410100281
-0.20654506981373	-0.86711913347244	0.00083125382661819	-0.0036142114549875
-0.20642864704132	-0.8667995929718	0.00082439929246902	-0.0035796407610178
-0.20622643828392	-0.86665070056915	0.00081805139780045	-0.0037397923879325
-0.20607374608517	-0.86661577224731	0.00080930441617966	-0.0037334989756346
-0.2058914899826	-0.86690878868103	0.000807024538517	-0.0037974591832608
-0.20596021413803	-0.86643481254578	0.00081443041563034	-0.003674101550132
-0.20600800216198	-0.86611789464951	0.00081922858953476	-0.0037841037847102
-0.206060141325	-0.86580151319504	0.00082269310951233	-0.0037413642276078
-0.20602206885815	-0.86560028791428	0.0008259192109108	-0.0037370468489826
-0.20604287087917	-0.86541938781738	0.00082942843437195	-0.0037249266169965
-0.20605607330799	-0.86566203832626	0.00083515048027039	-0.0036738165654242
-0.20622900128365	-0.86511743068695	0.00083660334348679	-0.0037187319248915
-0.20634126663208	-0.86504107713699	0.00083982199430466	-0.0037063367199153
-0.20638139545918	-0.86488020420074	0.00084453076124191	-0.003747598733753
-0.20637668669224	-0.86465895175934	0.00084778666496277	-0.0034953970462084
-0.20647288858891	-0.86436945199966	0.00085041671991348	-0.0036848403979093
-0.20661698281765	-0.86383217573166	0.00085319578647614	-0.0037218264769763
-0.20675422251225	-0.86281025409698	0.00085315108299255	-0.0034326605964452
-0.20683266222477	-0.86197447776794	0.00085441023111343	-0.0037587401457131
-0.20694434642792	-0.86164027452469	0.00085405260324478	-0.0033995448611677
-0.20712365210056	-0.8605329990387	0.00085605680942535	-0.0036841884721071
-0.2073083370924	-0.85962045192719	0.00085784494876862	-0.0034867643844336
-0.20752994716167	-0.85877895355225	0.000858373939991	-0.0035151832271367
-0.20769600570202	-0.85781455039978	0.0008571520447731	0.08881701529026
-0.20767813920975	-0.85782933235168	0.0008564293384552	0.64525061845779
-0.20746278762817	-0.85813724994659	0.00085847824811935	0.78547811508179
-0.20724706351757	-0.85854059457779	0.00085999071598053	0.66580981016159
-0.20714628696442	-0.85882312059402	0.0008605420589447	0.64944738149643
-0.20709702372551	-0.85897219181061	0.00086051970720291	0.64825081825256
-0.20707626640797	-0.85905265808105	0.00086092948913574	0.64742481708527
-0.20707584917545	-0.85909503698349	0.00086109340190887	0.64713102579117
-0.20705351233482	-0.85910838842392	0.00086169689893723	0.64693945646286
-0.20704570412636	-0.85911846160889	0.00086139142513275	0.64666068553925
-0.20703747868538	-0.85910719633102	0.00086133927106857	0.64650231599808
-0.20700991153717	-0.85910266637802	0.00086163729429245	0.64686971902847
-0.20697076618671	-0.85908740758896	0.0008617639541626	0.64678257703781
-0.20694328844547	-0.85907888412476	0.00086209177970886	0.64691126346588
-0.20691740512848	-0.85908371210098	0.00086215138435364	0.64697277545929
-0.20689913630486	-0.85908961296082	0.00086222589015961	0.64702218770981
-0.20689968764782	-0.85914844274521	0.0008624941110611	0.64655178785324
-0.2066738307476	-0.8591742515564	0.00086237490177155	0.65164351463318
-0.20665623247623	-0.85749924182892	0.0027722343802452	0.59924983978271
-0.20646023750305	-0.8543398976326	0.0042557120323181	0.68184840679169
-0.20635780692101	-0.85221034288406	0.004695937037468	0.6954248547554
-0.20631067454815	-0.84879124164581	0.0068144053220749	0.70832079648972
-0.20628516376019	-0.84696739912033	0.0076318681240082	0.71747678518295
-0.20623923838139	-0.84305703639984	0.0095694437623024	0.72630172967911
-0.2060237377882	-0.83873575925827	0.011082954704762	0.74002683162689
-0.20582835376263	-0.83418881893158	0.012438058853149	0.75344091653824
-0.20574061572552	-0.82850939035416	0.014220796525478	0.76578903198242
-0.2055624127388	-0.82492959499359	0.014689549803734	0.70494920015335
-0.2054681032896	-0.82059532403946	0.015555553138256	0.7948522567749
-0.20549196004868	-0.81634110212326	0.01646788418293	0.8024297952652
-0.20539070665836	-0.81250822544098	0.017093628644943	0.80819350481033
-0.20544710755348	-0.80810844898224	0.017647363245487	0.82050406932831
-0.20518352091312	-0.80391108989716	0.018018029630184	0.82914626598358
-0.20565597712994	-0.79374593496323	0.018652334809303	0.74787354469299
-0.20573095977306	-0.786561191082	0.018937923014164	0.82859814167023
-0.20564998686314	-0.78046029806137	0.019027195870876	0.82572096586227
-0.20543445646763	-0.77702897787094	0.018971338868141	0.8229261636734
-0.20554259419441	-0.77030807733536	0.018571898341179	0.81739777326584
-0.20536012947559	-0.76651358604431	0.018385991454124	0.81150138378143
-0.20578303933144	-0.76034659147263	0.017604202032089	0.72362983226776
-0.20563097298145	-0.75655764341354	0.017402678728104	0.79756128787994
-0.20543517172337	-0.75393831729889	0.017334088683128	0.79154467582703
-0.20568324625492	-0.7459933757782	0.015709824860096	0.78011834621429
-0.20565204322338	-0.73930180072784	0.01438445597887	0.7651994228363
-0.20551936328411	-0.7359077334404	0.013872966170311	0.75626993179321
-0.20553988218307	-0.72947460412979	0.01154637336731	0.67609226703644
-0.20560574531555	-0.72307884693146	0.009735107421875	0.73278826475143
-0.20555080473423	-0.71816170215607	0.0079865902662277	0.71109580993652
-0.20553536713123	-0.71363997459412	0.0065702795982361	0.69193971157074
-0.20556458830833	-0.70936751365662	0.0049907565116882	0.66879224777222
-0.2054485231638	-0.70702254772186	0.0043873935937881	0.65470743179321
-0.20593325793743	-0.70416176319122	0.002789169549942	0.57353973388672
-0.20606280863285	-0.70174133777618	0.0015462934970856	0.61662685871124
-0.20583052933216	-0.70053505897522	0.00099768489599228	0.60261237621307
-0.20582354068756	-0.70057725906372	0.00099857151508331	0.59991854429245
-0.20581510663033	-0.70066779851913	0.00099905580282211	0.59858739376068
-0.205810084939	-0.70074099302292	0.0009993240237236	0.59786874055862
-0.20581257343292	-0.70079696178436	0.00099938362836838	0.59748786687851
-0.20581416785717	-0.70084625482559	0.00099928677082062	0.5972620844841
-0.20581802725792	-0.70091265439987	0.00099993497133255	0.59709489345551
-0.20579507946968	-0.70099329948425	0.0010003596544266	0.59695440530777
-0.20575425028801	-0.70105874538422	0.0010005831718445	0.59673631191254
-0.20570279657841	-0.7011176943779	0.001000702381134	0.59657251834869
-0.20564737915993	-0.70117181539536	0.001000665128231	0.59653979539871
-0.20559114217758	-0.70122504234314	0.001000739634037	0.59644174575806
-0.20553505420685	-0.70127642154694	0.0010007992386818	0.59644615650177
-0.20576812326908	-0.70223999023438	0.00098832696676254	0.5936741232872
-0.20595486462116	-0.70286059379578	0.00097508728504181	0.47655883431435
-0.20603221654892	-0.70332771539688	0.00096093863248825	0.31078037619591
-0.2060574889183	-0.70360338687897	0.00094591081142426	-0.0035597733221948
-0.20602104067802	-0.70375716686249	0.00093153119087219	-0.0031580980867147
-0.20583787560463	-0.70380532741547	0.00091878324747086	-0.0032217216212302
-0.20559975504875	-0.70328748226166	0.00091248750686646	-0.0035120688844472
-0.20561653375626	-0.70406430959702	0.00089654326438904	-0.0036177404690534
-0.20570546388626	-0.70366424322128	0.00088533014059067	-0.0033146857749671
-0.20559215545654	-0.70282822847366	0.00088152289390564	-0.0032675340771675
-0.20544917881489	-0.70431888103485	0.00084467232227325	-0.0036236084997654
-0.20544582605362	-0.70409417152405	0.00084139406681061	-0.0040125055238605
-0.20537446439266	-0.70387881994247	0.00081202387809753	-0.003437828971073
-0.20531299710274	-0.70369452238083	0.00081275403499603	-0.0035792377311736
-0.20556323230267	-0.70296198129654	0.00081102550029755	-0.0035966173745692
-0.20536033809185	-0.70355933904648	0.0008055567741394	-0.0039284965023398
-0.20535214245319	-0.70330655574799	0.00081518292427063	-0.0036741674412042
-0.2054128497839	-0.70249503850937	0.00082160532474518	-0.003747520968318
-0.20546644926071	-0.70240408182144	0.00082545727491379	-0.0037541179917753
-0.2053592056036	-0.70229321718216	0.00082850456237793	-0.003727313131094
-0.20542100071907	-0.70315772294998	0.00083240866661072	-0.0036298572085798
-0.20563562214375	-0.70274591445923	0.00083840638399124	-0.003857685951516
-0.20580723881721	-0.70196294784546	0.00084313005208969	-0.0037572812289
-0.20587956905365	-0.70119190216064	0.00084427744150162	-0.0037328258622438
-0.20580042898655	-0.7008820772171	0.00084450095891953	-0.0035974576603621
-0.20588447153568	-0.70054769515991	0.00084604322910309	-0.0036257193423808
-0.20613664388657	-0.69987726211548	0.00084772706031799	-0.0036100118886679
-0.20639441907406	-0.69912928342819	0.00085142999887466	-0.0035938962828368
-0.20662505924702	-0.69838082790375	0.00085227191448212	-0.0035076222848147
-0.20688961446285	-0.69733422994614	0.0008525475859642	-0.0037834495306015
-0.20700626075268	-0.69751226902008	0.00085699558258057	-0.0036226275842637
-0.20704926550388	-0.69732147455215	0.0008561909198761	-0.0032370146363974
-0.20706969499588	-0.69698178768158	0.00085687637329102	-0.0036638162564486
-0.20728598535061	-0.69653105735779	0.00085712969303131	-0.0036639422178268
-0.20737580955029	-0.69629615545273	0.00085867941379547	0.30207094550133
-0.20731031894684	-0.69572818279266	0.00085823982954025	0.57386314868927
-0.2071795463562	-0.69605487585068	0.00085874646902084	0.76644188165665
-0.20705112814903	-0.69642680883408	0.00085999071598053	0.6794718503952
-0.20698291063309	-0.69678997993469	0.00086049735546112	0.64884847402573
-0.20694574713707	-0.69696223735809	0.00086082518100739	0.64813506603241
-0.2069238871336	-0.69704180955887	0.00086090713739395	0.64739340543747
-0.20689010620117	-0.69707781076431	0.00086185336112976	0.64709317684174
-0.20686334371567	-0.6970888376236	0.00086215883493423	0.64703977108002
-0.20685262978077	-0.69710743427277	0.00086232274770737	0.64671385288239
-0.20683562755585	-0.69713169336319	0.00086180865764618	0.64696550369263
-0.20680658519268	-0.69715762138367	0.00086160004138947	0.6469202041626
-0.20676876604557	-0.69718188047409	0.00086145848035812	0.64689844846725
-0.2067337334156	-0.69720894098282	0.00086145848035812	0.64686995744705
-0.20669537782669	-0.69723415374756	0.00086136907339096	0.64685928821564
-0.20665098726749	-0.69725924730301	0.0008612796664238	0.64685046672821
-0.206608325243	-0.69727498292923	0.00086123496294022	0.64685982465744
-0.20633161067963	-0.69763505458832	0.00086146593093872	0.64532774686813
-0.20647448301315	-0.69692093133926	0.0026028156280518	0.70576477050781
-0.20616294443607	-0.6937381029129	0.0043972656130791	0.67225164175034
-0.20590318739414	-0.69200044870377	0.0049769803881645	0.68003070354462
-0.20609439909458	-0.69174271821976	0.005168117582798	0.68291300535202
-0.20625111460686	-0.68641012907028	0.0085050463676453	0.7488272190094
-0.20591843128204	-0.68073451519012	0.0099019110202789	0.78203403949738
-0.20587520301342	-0.67806988954544	0.010393805801868	0.74202698469162
-0.20589625835419	-0.67179358005524	0.013484552502632	0.7643655538559
-0.20554575324059	-0.66651898622513	0.015185311436653	0.7708033323288
-0.20532537996769	-0.66433250904083	0.015709266066551	0.781190097332
-0.20593458414078	-0.65799480676651	0.017172127962112	0.92535817623138
-0.20611548423767	-0.65339910984039	0.017772451043129	0.80331981182098
-0.20598571002483	-0.65136796236038	0.017945319414139	0.81541663408279
-0.20572844147682	-0.64308446645737	0.018699117004871	0.74676579236984
-0.20525097846985	-0.63638138771057	0.018966041505337	0.82622462511063
-0.20611266791821	-0.62918955087662	0.018739640712738	0.82313108444214
-0.20664691925049	-0.62471431493759	0.018733285367489	0.81651532649994
-0.20694437623024	-0.61944431066513	0.018123939633369	0.81161987781525
-0.20706850290298	-0.61410772800446	0.017569683492184	0.80390053987503
-0.20675928890705	-0.61018121242523	0.017366960644722	0.79405528306961
-0.20675821602345	-0.60704523324966	0.016739971935749	0.70983523130417
-0.20718304812908	-0.60213196277618	0.015437968075275	0.77843415737152
-0.20724627375603	-0.59904533624649	0.014919511973858	0.76910036802292
-0.2075422257185	-0.59423983097076	0.013407662510872	0.75762832164764
-0.20760056376457	-0.58989948034286	0.012018732726574	0.74501729011536
-0.2076940536499	-0.58581191301346	0.01071123033762	0.73173379898071
-0.20750035345554	-0.58191215991974	0.0093794539570808	0.71543061733246
-0.20739808678627	-0.57981312274933	0.0087731704115868	0.70430767536163
-0.20768685638905	-0.57681369781494	0.0068066343665123	0.62101590633392
-0.2078468054533	-0.57350641489029	0.0050521865487099	0.67269694805145
-0.20804627239704	-0.57005095481873	0.0035760179162025	0.65359252691269
-0.2079763263464	-0.56795102357864	0.0031225755810738	0.63859903812408
-0.20804092288017	-0.56648659706116	0.0022736787796021	0.6274186372757
-0.20816016197205	-0.56508439779282	0.0011078864336014	0.61660426855087
-0.20824110507965	-0.56443291902542	0.00084801763296127	0.54780912399292
-0.20826610922813	-0.56416285037994	0.00084415078163147	0.60340440273285
-0.20824952423573	-0.56399971246719	0.00084911286830902	0.60006088018417
-0.2082372456789	-0.56388622522354	0.00083009898662567	0.59830343723297
-0.20821237564087	-0.56376683712006	0.0008477196097374	0.59735912084579
-0.20817837119102	-0.56368297338486	0.00081107020378113	0.59813356399536
-0.20815081894398	-0.56357783079147	0.00084517151117325	0.59954017400742
-0.20811058580875	-0.56347721815109	0.00084952265024185	0.59960830211639
-0.20810626447201	-0.56339657306671	0.000849649310112	0.59950762987137
-0.2081505805254	-0.56333261728287	0.00084949284791946	0.59858083724976
-0.2081992328167	-0.56326997280121	0.0008394718170166	0.59841650724411
-0.20822651684284	-0.56320023536682	0.00082730501890182	0.59884822368622
-0.20825649797916	-0.56313282251358	0.00082506984472275	0.5988632440567
-0.20827028155327	-0.56305748224258	0.0008188784122467	0.59895980358124
-0.20830108225346	-0.56299662590027	0.00081123411655426	0.59880179166794
-0.20832568407059	-0.56290262937546	0.00084566324949265	0.59878993034363
-0.20834322273731	-0.56281554698944	0.00084936618804932	0.59892803430557
-0.20833790302277	-0.56273603439331	0.00082522630691528	0.59897297620773
-0.20854142308235	-0.56214684247971	0.00084780156612396	0.53508865833282
-0.20803710818291	-0.5633607506752	0.00083357840776443	0.5865706205368
-0.20798200368881	-0.56347906589508	0.00082659721374512	0.58069783449173
-0.20770098268986	-0.56450724601746	0.0008082315325737	-0.004539692774415
-0.20834971964359	-0.56350588798523	0.00081375241279602	-0.003188795177266
-0.20893441140652	-0.56290078163147	0.00082080811262131	-0.0035419340711087
-0.20939883589745	-0.56177484989166	0.00082223862409592	-0.0032416838221252
-0.20930878818035	-0.56193840503693	0.00082917511463165	-0.0040529305115342
-0.20922893285751	-0.56082379817963	0.00083304196596146	-0.0036033652722836
-0.20919007062912	-0.56082546710968	0.00083710253238678	-0.0037085835356265
-0.20933623611927	-0.56088191270828	0.00084276497364044	-0.0037299334071577
-0.20972612500191	-0.55988949537277	0.00084433704614639	-0.0036848473828286
-0.20985190570354	-0.56004416942596	0.00085079669952393	-0.0037945993244648
-0.20999802649021	-0.55920875072479	0.00085273385047913	-0.0038003686349839
-0.21001990139484	-0.55867421627045	0.00085318088531494	-0.0037307548336685
-0.21012975275517	-0.55915492773056	0.00085508078336716	-0.0032507558353245
-0.21031332015991	-0.55813539028168	0.00085923820734024	-0.0037634507752955
-0.2105078548193	-0.55703943967819	0.00085898488759995	-0.0036403983831406
-0.21057894825935	-0.55564266443253	0.00086043030023575	-0.0037454671692103
-0.21084590256214	-0.55434304475784	0.0008610337972641	-0.0036078032571822
-0.21121494472027	-0.55507504940033	0.00085754692554474	-0.0035601768177003
-0.21121190488338	-0.55525529384613	0.00085202604532242	-0.0031188521534204
-0.21112516522408	-0.55526250600815	0.00085455924272537	0.27311998605728
-0.21095570921898	-0.55519723892212	0.00085201114416122	0.40178138017654
-0.21082936227322	-0.55504709482193	0.00085370987653732	0.42167067527771
-0.21073317527771	-0.55485039949417	0.00085417181253433	0.43150395154953
-0.21067118644714	-0.55462723970413	0.00085458159446716	0.4303158223629
-0.21063074469566	-0.5543909072876	0.0008554607629776	0.39674705266953
-0.21058477461338	-0.55413997173309	0.00085680931806564	0.42898735404015
-0.21054203808308	-0.55387800931931	0.00085479021072388	0.43285450339317
-0.21049915254116	-0.55361324548721	0.00085504353046417	0.42924603819847
-0.2104556709528	-0.55335652828217	0.00085496157407761	0.43550211191177
-0.2104297876358	-0.55304783582687	0.00085772573947906	0.43713268637657
-0.21045358479023	-0.55268007516861	0.00085899978876114	0.43614077568054
-0.21044792234898	-0.55235058069229	0.00085903704166412	0.40280801057816
-0.21043536067009	-0.55206853151321	0.00085899233818054	0.44239297509193
-0.21041969954967	-0.55178642272949	0.00085783749818802	0.43940311670303
-0.21040827035904	-0.55150640010834	0.00085785239934921	0.44256275892258
-0.21039782464504	-0.55122131109238	0.00085883587598801	0.44212073087692
-0.21036048233509	-0.55071866512299	0.00085825473070145	0.64078962802887
-0.20969147980213	-0.55102050304413	0.00086143612861633	0.69847422838211
-0.20952694118023	-0.55158984661102	0.0021897777915001	0.65024691820145
-0.20950213074684	-0.55021995306015	0.0030683800578117	0.76452142000198
-0.2092724442482	-0.54677402973175	0.0053003504872322	0.6771913766861
-0.20916059613228	-0.54440599679947	0.0060560554265976	0.69309598207474
-0.20896892249584	-0.5408194065094	0.007190153002739	0.71132457256317
-0.20883142948151	-0.53602761030197	0.0093930065631866	0.72740775346756
-0.20870445668697	-0.53220862150192	0.010940760374069	0.74162948131561
-0.20841863751411	-0.52818441390991	0.01229403167963	0.67937868833542
-0.20837597548962	-0.52622693777084	0.012822613120079	0.76317828893661
-0.20835089683533	-0.5235623717308	0.013661578297615	0.77024161815643
-0.20836636424065	-0.51771974563599	0.015152223408222	0.78239965438843
-0.20821838080883	-0.51387697458267	0.015776991844177	0.79232281446457
-0.20829279720783	-0.51047265529633	0.0163853764534	0.79928576946259
-0.20835773646832	-0.50410276651382	0.017416223883629	0.72930139303207
-0.20833252370358	-0.49546182155609	0.01828907430172	0.82416135072708
-0.20838388800621	-0.48914507031441	0.018749810755253	0.83057069778442
-0.20844949781895	-0.48670706152916	0.018955007195473	0.83114594221115
-0.20808267593384	-0.48479235172272	0.019277960062027	0.83086794614792
-0.20833303034306	-0.48370245099068	0.019240148365498	0.7491506934166
-0.20883983373642	-0.48317059874535	0.01921296864748	0.83334982395172
-0.20847083628178	-0.47885990142822	0.019229218363762	0.82690918445587
-0.20786526799202	-0.47471496462822	0.01906368881464	0.80959689617157
-0.20964759588242	-0.45762026309967	0.017397195100784	0.80113065242767
-0.2091029137373	-0.44610351324081	0.016158141195774	0.79495584964752
-0.20920561254025	-0.44071662425995	0.015722282230854	0.70119750499725
-0.20949463546276	-0.43318688869476	0.013634033501148	0.76891797780991
-0.20945197343826	-0.42358413338661	0.011487476527691	0.73855495452881
-0.20947933197021	-0.41469776630402	0.0086893662810326	0.70487105846405
-0.20898322761059	-0.40862008929253	0.0067947804927826	0.68505132198334
-0.20868039131165	-0.40567344427109	0.0060536935925484	0.61049157381058
-0.20974861085415	-0.40361177921295	0.0037096366286278	0.67583286762238
-0.21013861894608	-0.39926895499229	0.0022193118929863	0.65113413333893
-0.20958617329597	-0.39624890685081	0.0012961179018021	0.62075918912888
-0.20937140285969	-0.39544180035591	0.0010041370987892	0.60832798480988
-0.20923826098442	-0.39542257785797	0.00099803507328033	0.60342276096344
-0.20920245349407	-0.39543640613556	0.0010008215904236	0.60074269771576
-0.2090777605772	-0.39552327990532	0.0010004490613937	0.59921610355377
-0.2089664041996	-0.39558184146881	0.00099911540746689	0.59839171171188
-0.20889702439308	-0.39560803771019	0.00099868327379227	0.59770125150681
-0.208839148283	-0.39561387896538	0.00099854171276093	0.59717530012131
-0.20876970887184	-0.39555317163467	0.00099990516901016	0.59689253568649
-0.20867770910263	-0.3956253528595	0.0010001733899117	0.59649670124054
-0.20856317877769	-0.39568105340004	0.00099977850914001	0.59649842977524
-0.20845572650433	-0.39572557806969	0.00099963694810867	0.59658706188202
-0.20835439860821	-0.39576518535614	0.00099965929985046	0.59671318531036
-0.20825876295567	-0.39579913020134	0.00099948048591614	0.59681880474091
-0.20819763839245	-0.39579638838768	0.00099873542785645	0.59699553251266
-0.20818793773651	-0.39579305052757	0.00099854916334152	0.59765183925629
-0.20816320180893	-0.39580249786377	0.00099855661392212	0.59765613079071
-0.20819987356663	-0.3957080245018	0.00099858641624451	0.59674942493439
-0.20843830704689	-0.39590305089951	0.00099571794271469	0.53322803974152
-0.20878346264362	-0.39620962738991	0.00098813325166702	0.52843618392944
-0.20895510911942	-0.39698767662048	0.00096545368432999	0.053820710629225
-0.20932598412037	-0.39656767249107	0.00095297396183014	-0.0031132942531258
-0.20946852862835	-0.39647766947746	0.00094236433506012	-0.0033583049662411
-0.20950284600258	-0.39655214548111	0.00092992931604385	-0.0033568970393389
-0.20957744121552	-0.39667057991028	0.00091605633497238	-0.0035420923959464
-0.20953410863876	-0.39660733938217	0.0009026825428009	-0.0031642590183765
-0.20949372649193	-0.39725565910339	0.00088620185852051	-0.0036633652634919
-0.20941072702408	-0.39736142754555	0.00087112188339233	-0.0034326743334532
-0.20931541919708	-0.39669153094292	0.00086259841918945	-0.0033335103653371
-0.20914863049984	-0.39706897735596	0.00085197389125824	-0.0036298588383943
-0.20909437537193	-0.39651855826378	0.00084478408098221	-0.0036240587942302
-0.20898759365082	-0.39673155546188	0.00083484500646591	-0.0037505521904677
-0.20877332985401	-0.39641198515892	0.00082540512084961	-0.0034978322219104
-0.20853899419308	-0.39542105793953	0.00082039088010788	-0.003626782912761
-0.20842972397804	-0.39458179473877	0.00080625712871552	-0.0039111687801778
-0.20830506086349	-0.39337936043739	0.00080620497465134	-0.0036065145395696
-0.20824278891087	-0.39198499917984	0.00080648809671402	-0.0037108063697815
-0.2082767188549	-0.39052030444145	0.00080862641334534	-0.0038383950013667
-0.20814952254295	-0.39266502857208	0.00080952793359756	-0.0037749442271888
-0.20810708403587	-0.39210245013237	0.0008227601647377	-0.0037533242721111
-0.20784489810467	-0.39228603243828	0.00083135813474655	-0.0036752640735358
-0.20769107341766	-0.39234933257103	0.00083757936954498	-0.0036905058659613
-0.20777851343155	-0.39162135124207	0.00084017217159271	-0.0038093712646514
-0.20774060487747	-0.39095598459244	0.0008411630988121	-0.0037573706358671
-0.20772303640842	-0.39066538214684	0.00084634870290756	-0.0034339427947998
-0.20791053771973	-0.39009314775467	0.0008489266037941	-0.0037227049469948
-0.20798476040363	-0.39008772373199	0.00084952265024185	-0.0036294129677117
-0.2081596404314	-0.38930982351303	0.00085060298442841	-0.0035952602047473
-0.2082544863224	-0.38905879855156	0.00085432827472687	-0.0037136089522392
-0.20836614072323	-0.38872292637825	0.00084890425205231	-0.0033680710475892
-0.20855963230133	-0.38777351379395	0.00085347145795822	-0.0037115854211152
-0.20862245559692	-0.38663357496262	0.00085142254829407	-0.0035910923033953
-0.20861020684242	-0.3872652053833	0.00085265934467316	-0.0035458388738334
-0.20861981809139	-0.38749179244041	0.00085356831550598	0.20796832442284
-0.20836429297924	-0.38753259181976	0.00085613876581192	0.83054876327515
-0.20814131200314	-0.387685328722	0.00085800141096115	0.72918915748596
-0.20797143876553	-0.38794359564781	0.00086021423339844	0.65177190303802
-0.2078617811203	-0.38811552524567	0.00086107105016708	0.64844590425491
-0.20781172811985	-0.38823422789574	0.00086122751235962	0.64573657512665
-0.20778566598892	-0.38834658265114	0.00086145102977753	0.64526635408401
-0.20776034891605	-0.38845700025558	0.00086144357919693	0.64501869678497
-0.20773634314537	-0.38853031396866	0.00086145848035812	0.64499402046204
-0.20772612094879	-0.38854411244392	0.00085633248090744	0.64524763822556
-0.2077139467001	-0.38854646682739	0.00086064636707306	0.64551347494125
-0.20770095288754	-0.38854682445526	0.00086118280887604	0.64536130428314
-0.20767863094807	-0.38855397701263	0.00085797905921936	0.64517486095428
-0.20766077935696	-0.38856002688408	0.0008607804775238	0.64505422115326
-0.20764495432377	-0.38857018947601	0.00086111575365067	0.64502888917923
-0.20762611925602	-0.38858395814896	0.00086116045713425	0.64496219158173
-0.20761044323444	-0.38859891891479	0.00086116790771484	0.64493596553802
-0.20759293437004	-0.38861641287804	0.00086122751235962	0.64498996734619
-0.20716279745102	-0.38876283168793	0.0020101964473724	0.64424526691437
-0.20728155970573	-0.38832405209541	0.0022082850337029	0.58773195743561
-0.20717242360115	-0.385199457407	0.0039872154593468	0.668625831604
-0.20709809660912	-0.38249504566193	0.0046171844005585	0.6867014169693
-0.20695173740387	-0.37910398840904	0.0067907571792603	0.70326268672943
-0.2068692445755	-0.37737920880318	0.0076052397489548	0.71275091171265
-0.20686091482639	-0.37612566351891	0.0078111365437508	0.72136223316193
-0.20684777200222	-0.37250828742981	0.010430455207825	0.65619397163391
-0.20670384168625	-0.36807483434677	0.012065872550011	0.7434948682785
-0.20659112930298	-0.36410906910896	0.013474717736244	0.75535690784454
-0.20659130811691	-0.36200946569443	0.013851992785931	0.76914155483246
-0.20657654106617	-0.35793927311897	0.015302084386349	0.7768851518631
-0.20643973350525	-0.35371452569962	0.016314208507538	0.78598141670227
-0.20626974105835	-0.34929373860359	0.017004996538162	0.7236060500145
-0.20627079904079	-0.34533634781837	0.01757437735796	0.81270617246628
-0.20628388226032	-0.34304222464561	0.017895199358463	0.81803119182587
-0.20619313418865	-0.33842086791992	0.018579825758934	0.82339489459991
-0.20582364499569	-0.33498600125313	0.018776029348373	0.8316438794136
-0.20581667125225	-0.33162266016006	0.018887393176556	0.83233988285065
-0.20587594807148	-0.32639816403389	0.018961369991302	0.74615436792374
-0.20601262152195	-0.32275483012199	0.01905232667923	0.82379627227783
-0.20576940476894	-0.31818488240242	0.019124187529087	0.81963795423508
-0.20562566816807	-0.31437799334526	0.018867440521717	0.81617480516434
-0.20587629079819	-0.30925291776657	0.018160998821259	0.8100797533989
-0.20566652715206	-0.30396717786789	0.01762817800045	0.72197782993317
-0.20530694723129	-0.3011314868927	0.0173469632864	0.79698103666306
-0.20555762946606	-0.29624655842781	0.016253046691418	0.79070913791656
-0.20598655939102	-0.2920897603035	0.015146002173424	0.7740386724472
-0.20602968335152	-0.28783205151558	0.014251872897148	0.76964223384857
-0.20577766001225	-0.28499507904053	0.013797931373119	0.76362472772598
-0.20592293143272	-0.2815802693367	0.012909241020679	0.75327640771866
-0.20615346729755	-0.27805218100548	0.011791527271271	0.73277145624161
-0.2060009688139	-0.27365475893021	0.01073482632637	0.64811313152313
-0.20577090978622	-0.26875814795494	0.0084043517708778	0.69919180870056
-0.2055899053812	-0.26547047495842	0.0065721049904823	0.6864720582962
-0.20545744895935	-0.26334053277969	0.0059922933578491	0.67714738845825
-0.20566360652447	-0.26099669933319	0.0047511011362076	0.66242510080338
-0.20547367632389	-0.25798544287682	0.0035842508077621	0.64551675319672
-0.20552863180637	-0.25560742616653	0.0023947954177856	0.5654011964798
-0.20567336678505	-0.25400722026825	0.0019970685243607	0.6123833656311
-0.2057248800993	-0.25315755605698	0.0018376857042313	0.60035210847855
-0.2058627307415	-0.25262799859047	0.00099818408489227	0.59503972530365
-0.20578035712242	-0.25262373685837	0.00084306299686432	0.59399503469467
-0.20576965808868	-0.25272870063782	0.00084924697875977	0.59608745574951
-0.20577900111675	-0.25279518961906	0.00084974616765976	0.59686261415482
-0.20577427744865	-0.25281435251236	0.00084132701158524	0.59716022014618
-0.20577850937843	-0.25278168916702	0.00084128975868225	0.59713155031204
-0.20577935874462	-0.25274902582169	0.00084888935089111	0.59710377454758
-0.20576268434525	-0.25270909070969	0.00084960460662842	0.59715932607651
-0.20574617385864	-0.25268444418907	0.0008331686258316	0.59838551282883
-0.20570431649685	-0.25263273715973	0.00084343552589417	0.60126626491547
-0.20567095279694	-0.25259479880333	0.00084459781646729	0.60113722085953
-0.20563232898712	-0.25255066156387	0.00083938241004944	0.60132122039795
-0.20557780563831	-0.2524998486042	0.00081697851419449	0.60126864910126
-0.20601446926594	-0.25210130214691	0.00084932893514633	0.53431397676468
-0.20643423497677	-0.25165724754333	0.00085407495498657	0.62171179056168
-0.20636041462421	-0.25256052613258	0.00084136426448822	0.04215307533741
-0.20630098879337	-0.25218734145164	0.00083481520414352	-0.0031584266107529
-0.20616441965103	-0.25313499569893	0.00081980228424072	-0.0041880812495947
-0.20605345070362	-0.25239038467407	0.00080940127372742	-0.0028791557997465
-0.20589189231396	-0.2516185939312	0.00080903619527817	-0.0032178529072553
-0.20582780241966	-0.25164288282394	0.00081221759319305	-0.0036682945210487
-0.20594874024391	-0.25194901227951	0.00081624835729599	-0.0038933488540351
-0.20612955093384	-0.25187602639198	0.00082388520240784	-0.0037007860373706
-0.2061243802309	-0.25092861056328	0.00082292407751083	-0.0036083210725337
-0.20602157711983	-0.24981588125229	0.00082886219024658	-0.0035965503193438
-0.20603056252003	-0.248944029212	0.00082755088806152	-0.0038330685347319
-0.20612487196922	-0.24785478413105	0.00082714110612869	-0.0036895512603223
-0.20624235272408	-0.2467460334301	0.00082814693450928	-0.0037528790999204
-0.20642252266407	-0.24834029376507	0.000837542116642	-0.0037705432623625
-0.20667089521885	-0.24892610311508	0.00084789097309113	-0.0036690863780677
-0.20668265223503	-0.24835686385632	0.00084932893514633	-0.0039760009385645
-0.20651696622372	-0.24728517234325	0.00085212290287018	-0.003565086517483
-0.20638255774975	-0.2469656765461	0.00085283815860748	-0.0035481597296894
-0.2061957269907	-0.24624061584473	0.00085325539112091	-0.0035748560912907
-0.20623655617237	-0.24589610099792	0.00085455924272537	-0.0037352286744863
-0.20648948848248	-0.24543911218643	0.000855453312397	0.10931410640478
-0.20660823583603	-0.24485805630684	0.00085733830928802	0.41665858030319
-0.20662972331047	-0.2444683611393	0.00082897394895554	0.41811013221741
-0.20663519203663	-0.24417851865292	0.000855453312397	0.43097323179245
-0.2066360861063	-0.24389483034611	0.00085821002721786	0.43423691391945
-0.20663300156593	-0.24359121918678	0.00084923952817917	0.43811526894569
-0.2066396176815	-0.24328619241714	0.00085725635290146	0.40604466199875
-0.20664542913437	-0.24296550452709	0.00085620582103729	0.43811970949173
-0.20663768053055	-0.24265910685062	0.00085791200399399	0.44090300798416
-0.20662735402584	-0.24235288798809	0.00085814297199249	0.43827310204506
-0.20662708580494	-0.24203962087631	0.00085829943418503	0.436991751194
-0.20662780106068	-0.24173210561275	0.00085831433534622	0.43724116683006
-0.20662879943848	-0.24143116176128	0.00085829198360443	0.44059365987778
-0.20661985874176	-0.24113607406616	0.00084904581308365	0.43915629386902
-0.20662811398506	-0.24088180065155	0.00085783749818802	0.43889361619949
-0.20661848783493	-0.24058772623539	0.00085864961147308	0.43756765127182
-0.20660337805748	-0.24028927087784	0.00085867196321487	0.43817868828773
-0.20658639073372	-0.23997959494591	0.00085266679525375	0.43900793790817
-0.20658721029758	-0.23966860771179	0.00085808336734772	0.40070685744286
-0.20657615363598	-0.2391646951437	0.00085893273353577	0.38095903396606
-0.20638857781887	-0.23860190808773	0.0008547455072403	0.763318836689
-0.20567867159843	-0.23764780163765	0.0026955753564835	0.67012190818787
-0.20538079738617	-0.23575785756111	0.0042678564786911	0.68343299627304
-0.20522257685661	-0.23375983536243	0.0059361234307289	0.69062757492065
-0.20504112541676	-0.23216736316681	0.0063804388046265	0.69943273067474
-0.20513375103474	-0.23058077692986	0.00632693618536	0.69979894161224
-0.20519942045212	-0.22604615986347	0.0088931322097778	0.7307396531105
-0.20481967926025	-0.22075176239014	0.01099693775177	0.74911522865295
-0.20463968813419	-0.21818409860134	0.011679023504257	0.75560414791107
-0.20493507385254	-0.21027433872223	0.014496423304081	0.76991331577301
-0.20483443140984	-0.20548358559608	0.015521362423897	0.78067654371262
-0.20497705042362	-0.20102243125439	0.015820510685444	0.72379195690155
-0.20511205494404	-0.19770237803459	0.015949986875057	0.8156179189682
-0.20609596371651	-0.18567685782909	0.017735280096531	0.82809495925903
-0.20535151660442	-0.17755615711212	0.018848799169064	0.8272876739502
-0.20544204115868	-0.16769090294838	0.019018769264221	0.82150763273239
-0.20605807006359	-0.15864835679531	0.01840740442276	0.73448312282562
-0.20634837448597	-0.14880041778088	0.017766803503036	0.80887496471405
-0.20643821358681	-0.14066307246685	0.016945324838161	0.79842674732208
-0.20687222480774	-0.13195769488811	0.015470422804356	0.78319454193115
-0.20664401352406	-0.12475999444723	0.014378421008587	0.76123136281967
-0.20660452544689	-0.11905205994844	0.013198681175709	0.74635857343674
-0.20686621963978	-0.11580736935139	0.012775756418705	0.65817219018936
-0.20696561038494	-0.11172798275948	0.011989109218121	0.7178001999855
-0.20669911801815	-0.10670067369938	0.0099604800343513	0.70735305547714
-0.20672398805618	-0.10242082923651	0.0082518830895424	0.69507765769958
-0.20689678192139	-0.099057033658028	0.0075996518135071	0.67753207683563
-0.20711934566498	-0.095628067851067	0.0053381696343422	0.59503549337387
-0.20717105269432	-0.094078741967678	0.0046248063445091	0.65675604343414
-0.20710726082325	-0.091773226857185	0.0046126022934914	0.64009934663773
-0.2074067145586	-0.0885955914855	0.0021484345197678	0.6132196187973
-0.20744693279266	-0.08707170188427	0.0012251958250999	0.60054516792297
-0.20732742547989	-0.086821019649506	0.00099718570709229	0.60054534673691
-0.20728170871735	-0.086962558329105	0.0009981244802475	0.54002797603607
-0.20720285177231	-0.087069571018219	0.00099861621856689	0.60474288463593
-0.20710849761963	-0.087145164608955	0.00099929422140121	0.60382336378098
-0.20706218481064	-0.087202712893486	0.00099901109933853	0.6032110452652
-0.20700970292091	-0.087252669036388	0.00099901109933853	0.6029971241951
-0.20695205032825	-0.087310828268528	0.00099902600049973	0.60285186767578
-0.20689283311367	-0.08736801892519	0.00099892914295197	0.60260266065598
-0.20683264732361	-0.087424002587795	0.00099896639585495	0.60263794660568
-0.20677146315575	-0.087479174137115	0.00099897384643555	0.60253006219864
-0.20670948922634	-0.087532371282578	0.00099895894527435	0.60243803262711
-0.20664466917515	-0.087586164474487	0.0009990930557251	0.60246282815933
-0.20658046007156	-0.087639801204205	0.00099883228540421	0.60235768556595
-0.20651768147945	-0.087692849338055	0.00099901854991913	0.60245978832245
-0.20645390450954	-0.087745651602745	0.00099897384643555	0.60241568088531
-0.20639163255692	-0.087798401713371	0.00099899619817734	0.60244876146317
-0.20632964372635	-0.087850823998451	0.00099900364875793	0.60245621204376
-0.20632021129131	-0.087881609797478	0.00099873542785645	0.60021406412125
-0.20654448866844	-0.088100664317608	0.00099681317806244	0.59587788581848
-0.20686207711697	-0.088021881878376	0.0009939894080162	0.53408700227737
-0.20716561377048	-0.089971393346786	0.00095609575510025	0.0032568946480751
-0.20785510540009	-0.089557074010372	0.00092419981956482	-0.0029238348361105
-0.20781649649143	-0.089338652789593	0.00090593844652176	-0.0034083083737642
-0.2079618871212	-0.088145405054092	0.00088708102703094	-0.0032753883861005
-0.20814321935177	-0.086250349879265	0.00087787210941315	-0.0032459287904203
-0.20803426206112	-0.083908103406429	0.00087681412696838	-0.0032700193114579
-0.20841498672962	-0.081617757678032	0.00087122619152069	-0.0035362220369279
-0.20822760462761	-0.086215019226074	0.00083377957344055	-0.0051683629862964
-0.20804856717587	-0.086079373955727	0.0008130818605423	-0.003151127602905
-0.20791481435299	-0.084423393011093	0.00081871449947357	-0.0034367542248219
-0.20757241547108	-0.085029140114784	0.00082843005657196	-0.0037275566719472
-0.20736379921436	-0.084397606551647	0.00083708763122559	-0.0037300034891814
-0.20721746981144	-0.083087749779224	0.00084220618009567	-0.0037545408122241
-0.20721679925919	-0.08148992061615	0.00084758549928665	-0.00375532428734
-0.20739045739174	-0.081819958984852	0.00083649158477783	-0.0038059714715928
-0.20744827389717	-0.081597499549389	0.00084272027015686	-0.0037275305949152
-0.20764483511448	-0.080656461417675	0.00085964798927307	-0.0033041022252291
-0.20785938203335	-0.078806899487972	0.00086025893688202	-0.0040543852373958
-0.20809805393219	-0.078478775918484	0.00086091458797455	-0.0038672673981637
-0.20816481113434	-0.077304765582085	0.00086003541946411	-0.0037267911247909
-0.20824585855007	-0.077035516500473	0.00086026638746262	-0.0033551857341081
-0.20827858150005	-0.076998800039291	0.00086098909378052	0.76793873310089
-0.20822915434837	-0.077086798846722	0.00085879117250443	0.92611962556839
-0.20802374184132	-0.077234238386154	0.00085930526256561	0.80230218172073
-0.20789030194283	-0.077336542308331	0.00086036324501038	0.78929150104523
-0.20780588686466	-0.077341936528683	0.00085612386465073	0.78741896152496
-0.20774121582508	-0.07728423923254	0.00086073577404022	0.78656536340714
-0.20768444240093	-0.077192470431328	0.00086118280887604	0.78621357679367
-0.20764249563217	-0.077091068029404	0.00086128711700439	0.78605955839157
-0.20760126411915	-0.076989345252514	0.00086133182048798	0.78592121601105
-0.20755462348461	-0.076888121664524	0.00086137652397156	0.78585350513458
-0.20751935243607	-0.07677810639143	0.00085363537073135	0.78587180376053
-0.20748792588711	-0.076663553714752	0.00086072087287903	0.78578424453735
-0.20746146142483	-0.0765450745821	0.00086139142513275	0.78578191995621
-0.20743152499199	-0.076421834528446	0.00086136162281036	0.78571504354477
-0.20740038156509	-0.076301299035549	0.00086162239313126	0.78577297925949
-0.20737205445766	-0.076180763542652	0.00086161494255066	0.78572750091553
-0.20734669268131	-0.076063953340054	0.00086156278848648	0.78567785024643
-0.20731754601002	-0.075945600867271	0.00086149573326111	0.78563123941422
-0.20728202164173	-0.075828343629837	0.00086146593093872	0.78572714328766
-0.20725490152836	-0.075729057192802	0.00086148083209991	0.7857494354248
-0.20723514258862	-0.075689293444157	0.00086060911417007	0.78576993942261
-0.20685577392578	-0.074751392006874	0.002568855881691	0.71148103475571
-0.20653979480267	-0.072447702288628	0.0045669004321098	0.79442375898361
-0.20663739740849	-0.070981986820698	0.005201131105423	0.80199182033539
-0.20661278069019	-0.066687531769276	0.0079911127686501	0.81126290559769
-0.20634698867798	-0.062210123986006	0.010214373469353	0.81597739458084
-0.20609994232655	-0.05955345928669	0.010777331888676	0.82540428638458
-0.20584405958652	-0.055532552301884	0.012200772762299	0.74754697084427
-0.20586979389191	-0.049417778849602	0.014476642012596	0.82712203264236
-0.20567065477371	-0.046125695109367	0.015352196991444	0.82788336277008
-0.20574335753918	-0.042092010378838	0.016413845121861	0.8256419301033
-0.20568183064461	-0.036675199866295	0.017373859882355	0.82059794664383
-0.20548090338707	-0.031066430732608	0.018195271492004	0.81601917743683
-0.20541806519032	-0.026256296783686	0.018783830106258	0.81403797864914
-0.20599479973316	-0.014396681450307	0.019062213599682	0.72966742515564
-0.20611223578453	-0.004470226354897	0.018835008144379	0.78325468301773
-0.20578354597092	0.0029799062758684	0.018247991800308	0.77812379598618
-0.20578764379025	0.0091172624379396	0.017511650919914	0.77236109972
-0.20567306876183	0.012774059548974	0.017249166965485	0.76231288909912
-0.20610612630844	0.020561300218105	0.01563087105751	0.75125753879547
-0.20638075470924	0.026861570775509	0.013959847390652	0.72980862855911
-0.20648545026779	0.032819263637066	0.012478172779083	0.6489804983139
-0.20643058419228	0.038473859429359	0.010692238807678	0.7029395699501
-0.20657062530518	0.042649984359741	0.0087007135152817	0.68122524023056
-0.2064943164587	0.045150596648455	0.0081551820039749	0.67931139469147
-0.20683398842812	0.049411114305258	0.0052654445171356	0.67183089256287
-0.20656570792198	0.052727319300175	0.0042659938335419	0.63927292823792
-0.20655317604542	0.055443651974201	0.0028617084026337	0.63270038366318
-0.20668993890285	0.056399323046207	0.0024353116750717	0.62406986951828
-0.20682543516159	0.056697376072407	0.0022969022393227	0.62002813816071
-0.20692849159241	0.056813675910234	0.0022649392485619	0.61721533536911
-0.2069938480854	0.05693893134594	0.0022453740239143	0.61548018455505
-0.20704072713852	0.057042103260756	0.0022392049431801	0.61423510313034
-0.20707495510578	0.057136535644531	0.0022354498505592	0.6136029958725
-0.20711648464203	0.057236768305302	0.0022208169102669	0.61288893222809
-0.2071653008461	0.057327322661877	0.0022251456975937	0.61269962787628
-0.20722730457783	0.057426173239946	0.0022223293781281	0.6123571395874
-0.20729511976242	0.057541504502296	0.0022149831056595	0.60948848724365
-0.20735853910446	0.057663828134537	0.00221286714077	0.60909205675125
-0.20740982890129	0.057777069509029	0.0022136569023132	0.60918772220612
-0.20744349062443	0.057889588177204	0.0022110939025879	0.60913413763046
-0.20748095214367	0.05799775570631	0.0022101551294327	0.60921591520309
-0.20753690600395	0.058112271130085	0.0022132322192192	0.60921001434326
-0.20728363096714	0.058338422328234	0.0023026987910271	0.60776352882385
-0.20751760900021	0.059252008795738	0.00099684298038483	0.54483968019485
-0.20788672566414	0.058899536728859	0.00098787248134613	0.58544313907623
-0.20833668112755	0.058932088315487	0.00098399072885513	0.48935884237289
-0.20820763707161	0.058210127055645	0.00096452981233597	0.44164162874222
-0.20820532739162	0.057829577475786	0.00094775855541229	0.41647887229919
-0.20864263176918	0.058046236634254	0.00093764066696167	0.43061167001724
-0.20911636948586	0.058502841740847	0.00093334168195724	0.41882053017616
-0.20887073874474	0.057757575064898	0.00091421604156494	0.41121807694435
-0.20903478562832	0.057805877178907	0.00090242177248001	-0.0041541731916368
-0.20884421467781	0.057559497654438	0.0008854866027832	-0.0029307599179447
-0.20873671770096	0.057462874799967	0.00087201595306396	-0.0035268857609481
-0.20881931483746	0.057922206819057	0.00086578726768494	-0.0032652667723596
-0.20916432142258	0.058418035507202	0.00086247175931931	-0.0036370027810335
-0.20963008701801	0.05912247672677	0.00086105614900589	-0.0035824261140078
-0.21027135848999	0.060216560959816	0.00085584819316864	-0.0039308555424213
-0.20990517735481	0.059190031141043	0.00083304196596146	-0.0037402645684779
-0.20989184081554	0.060093831270933	0.00081820040941238	-0.0035445629619062
-0.21011972427368	0.061274547129869	0.00081297755241394	-0.003692242782563
-0.21041584014893	0.062464792281389	0.00081396847963333	-0.003701847512275
-0.21073035895824	0.063530005514622	0.00081039220094681	-0.0038500274531543
-0.21019925177097	0.061916135251522	0.00081759691238403	-0.0037492408882827
-0.20980958640575	0.062441132962704	0.00081977993249893	-0.0037150892894715
-0.20984715223312	0.062866196036339	0.00082054734230042	-0.0038279728032649
-0.21004939079285	0.064189456403255	0.00082476437091827	-0.0035909744910896
-0.20997574925423	0.063372753560543	0.00083710998296738	-0.0037649623118341
-0.20990981161594	0.063445530831814	0.00084137171506882	-0.003766207722947
-0.21005813777447	0.063996277749538	0.00084467232227325	-0.0036145192570984
-0.21008998155594	0.064257562160492	0.00084536522626877	-0.003537938464433
-0.21013353765011	0.065261580049992	0.00084806233644485	-0.0036783493123949
-0.21026103198528	0.065570861101151	0.00085615366697311	-0.003704224480316
-0.21033336222172	0.066684797406197	0.00085537880659103	-0.0035262536257505
-0.21037308871746	0.067084401845932	0.00085785984992981	-0.003556976094842
-0.21044111251831	0.068213738501072	0.00085116922855377	-0.0035430216230452
-0.21057960391045	0.069145411252975	0.00085925310850143	-0.0034277713857591
-0.21080194413662	0.070450745522976	0.00085962563753128	-0.003689844859764
-0.21103358268738	0.071794711053371	0.00085853040218353	-0.0035866126418114
-0.21123391389847	0.07108148932457	0.00085391104221344	0.57689255475998
-0.21109516918659	0.070925854146481	0.00085411965847015	0.73969560861588
-0.21078461408615	0.070463128387928	0.00085659325122833	0.71865022182465
-0.21059003472328	0.070080392062664	0.00085979700088501	0.64933180809021
-0.21051330864429	0.069905012845993	0.00086090713739395	0.64656800031662
-0.21050497889519	0.069841548800468	0.00085494667291641	0.64571857452393
-0.21052251756191	0.069847047328949	0.00086088478565216	0.64522778987885
-0.2105563133955	0.069877490401268	0.00086166709661484	0.64494925737381
-0.21059992909431	0.069921769201756	0.00086185336112976	0.64483845233917
-0.21064728498459	0.069973036646843	0.00086192041635513	0.64473444223404
-0.21069733798504	0.07002716511488	0.00086192786693573	0.64466214179993
-0.2107475399971	0.070081107318401	0.00086192786693573	0.64466941356659
-0.2108061760664	0.070135533809662	0.00086196511983871	0.64481472969055
-0.21085812151432	0.070188581943512	0.00086196511983871	0.64471709728241
-0.21091279387474	0.070240795612335	0.0008620098233223	0.64474165439606
-0.21072548627853	0.071248658001423	0.0018485262989998	0.63806957006454
-0.21060433983803	0.072280235588551	0.0022803097963333	0.66287440061569
-0.21031433343887	0.074707791209221	0.0040303468704224	0.67758536338806
-0.21013508737087	0.076505705714226	0.0046984627842903	0.68859964609146
-0.20994624495506	0.079480431973934	0.004896879196167	0.7092080116272
-0.20962899923325	0.085352219641209	0.0087374001741409	0.73022997379303
-0.20915180444717	0.091209821403027	0.011488415300846	0.67451983690262
-0.20903506875038	0.094873256981373	0.012487798929214	0.76439338922501
-0.20879523456097	0.099284499883652	0.014200605452061	0.77565944194794
-0.20860730111599	0.10318578034639	0.015386737883091	0.78562527894974
-0.20845702290535	0.10665595531464	0.016257621347904	0.79506093263626
-0.20839774608612	0.10864015668631	0.016677230596542	0.79994374513626
-0.20839050412178	0.10951353609562	0.016803793609142	0.80361574888229
-0.20841285586357	0.10974411666393	0.016851365566254	0.804722905159
-0.20772087574005	0.11732898652554	0.018114365637302	0.73863488435745
-0.20777831971645	0.12295337766409	0.018465653061867	0.83140325546265
-0.2077047675848	0.13156162202358	0.019021831452847	0.82729035615921
-0.20716448128223	0.13733977079391	0.018996894359589	0.8248535990715
-0.20726691186428	0.13953842222691	0.018951937556267	0.82366389036179
-0.20739129185677	0.14403668045998	0.018717780709267	0.8228103518486
-0.20713923871517	0.14815312623978	0.0184081569314	0.7340053319931
-0.20692394673824	0.15647788345814	0.01719231903553	0.80213689804077
-0.20682506263256	0.16285920143127	0.016040600836277	0.7871481180191
-0.20639455318451	0.16816298663616	0.015201352536678	0.7759684920311
-0.20603327453136	0.17133870720863	0.014880284667015	0.76735556125641
-0.20612321794033	0.17426927387714	0.01402223110199	0.76003587245941
-0.2062363922596	0.17879328131676	0.012282982468605	0.74962913990021
-0.2060274630785	0.18206736445427	0.011565051972866	0.66473853588104
-0.20585344731808	0.18499916791916	0.011367976665497	0.72578394412994
-0.20595498383045	0.18927417695522	0.0095021277666092	0.70346516370773
-0.20579585433006	0.19288292527199	0.0079598128795624	0.68761879205704
-0.2055106908083	0.19710355997086	0.0055514648556709	0.67441886663437
-0.20506836473942	0.20084480941296	0.0037214532494545	0.64990675449371
-0.20481246709824	0.20313659310341	0.0031501799821854	0.56319582462311
-0.20474651455879	0.2040146291256	0.0030294582247734	0.62664783000946
-0.20521080493927	0.20565907657146	0.0014750808477402	1.5906236171722
-0.20544350147247	0.20682559907436	0.00084903836250305	0.61456787586212
-0.2055122256279	0.20719069242477	0.00083448737859726	0.60583233833313
-0.2054585814476	0.20740133523941	0.00084730982780457	0.60119295120239
-0.20538872480392	0.20745348930359	0.00083834677934647	0.60137021541595
-0.20536974072456	0.20747572183609	0.00084346532821655	0.60106557607651
-0.20535203814507	0.20751436054707	0.00083047896623611	0.6005744934082
-0.20532655715942	0.2075751721859	0.00084487348794937	0.60017287731171
-0.20530463755131	0.20763099193573	0.00084488838911057	0.60015082359314
-0.20527458190918	0.20769652724266	0.00084871053695679	0.60007655620575
-0.20524068176746	0.20775896310806	0.00084489583969116	0.60004168748856
-0.20519976317883	0.2078203856945	0.00083048641681671	0.60021430253983
-0.20516096055508	0.20786285400391	0.00084369629621506	0.60029697418213
-0.2050501704216	0.20784214138985	0.00084511190652847	0.60128259658813
-0.20537987351418	0.20731130242348	0.00083015859127045	0.37550973892212
-0.20581397414207	0.20777495205402	0.00083820521831512	-0.00070076389238238
-0.20606209337711	0.20867940783501	0.00083570182323456	-0.0031414031982422
-0.20627017319202	0.20805065333843	0.0008261427283287	-0.003395666833967
-0.20655536651611	0.20828154683113	0.00081183016300201	-0.0040333000943065
-0.2065092921257	0.208430737257	0.00080804526805878	-0.0031870671082288
-0.20658549666405	0.20906855165958	0.00080098211765289	-0.0032227863557637
-0.20659312605858	0.20866984128952	0.00080811232328415	-0.0041328170336783
-0.20658096671104	0.2091319411993	0.00082480907440186	-0.0034907311201096
-0.20660856366158	0.2095615118742	0.00082996487617493	-0.0036667850799859
-0.2066902667284	0.21007895469666	0.00083383172750473	-0.0036932718940079
-0.20678916573524	0.21080368757248	0.00083514302968979	-0.0037322374992073
-0.20678946375847	0.21200694143772	0.00083848834037781	-0.0037158872000873
-0.20678767561913	0.21323372423649	0.00082551687955856	-0.0037437968421727
-0.20698325335979	0.21409039199352	0.00083839148283005	-0.0037397805135697
-0.2072529643774	0.21328476071358	0.00084512680768967	-0.0038236360996962
-0.2073500007391	0.21349292993546	0.00084510445594788	-0.0037036319263279
-0.20736856758595	0.21372762322426	0.00085229426622391	-0.0034935064613819
-0.20734038949013	0.21482162177563	0.00085276365280151	-0.0037956640589982
-0.20738393068314	0.21517930924892	0.00085441023111343	-0.0035359375178814
-0.20762169361115	0.21582120656967	0.00085414946079254	-0.0036699809134007
-0.20783747732639	0.21656650304794	0.00085891038179398	-0.0035884412936866
-0.20798444747925	0.21729710698128	0.00085821002721786	-0.0035501592792571
-0.20802535116673	0.21788167953491	0.0008573979139328	-0.0036876320373267
-0.20800042152405	0.2184771001339	0.00085783749818802	0.31740403175354
-0.20799833536148	0.21888776123524	0.00085859745740891	0.41059368848801
-0.20797871053219	0.21917870640755	0.00085888803005219	0.42723998427391
-0.20794628560543	0.21943174302578	0.00085901468992233	0.43181595206261
-0.20792029798031	0.21967671811581	0.00085906684398651	0.43414396047592
-0.20789420604706	0.21992966532707	0.0008590891957283	0.43631953001022
-0.20787389576435	0.22018529474735	0.00085918605327606	0.4338084757328
-0.20785509049892	0.2204415500164	0.00085916370153427	0.43470984697342
-0.20783810317516	0.22069858014584	0.00085921585559845	0.43532052636147
-0.20782263576984	0.22095590829849	0.00085922330617905	0.43549102544785
-0.20779991149902	0.22121207416058	0.00083737820386887	0.39699953794479
-0.20778253674507	0.22147046029568	0.00085687637329102	0.43812561035156
-0.20776206254959	0.22172951698303	0.00085902214050293	0.43383613228798
-0.207743704319	0.22198759019375	0.00085925310850143	0.43328136205673
-0.20772555470467	0.22243975102901	0.00085830688476562	0.47348555922508
-0.207668364048	0.22296737134457	0.00085896253585815	0.37682288885117
-0.20678479969501	0.22356128692627	0.0024508163332939	0.93426638841629
-0.20654425024986	0.22481009364128	0.0034423917531967	0.67185306549072
-0.2064746171236	0.22607688605785	0.0034863948822021	0.6202198266983
-0.20601432025433	0.23140431940556	0.0071601644158363	0.70746374130249
-0.20580345392227	0.2379966378212	0.010229960083961	0.73211568593979
-0.20575515925884	0.24201495945454	0.011435613036156	0.74986064434052
-0.2057785987854	0.2470493465662	0.013156309723854	0.76357311010361
-0.20558944344521	0.2501822412014	0.013867937028408	0.77205020189285
-0.20542238652706	0.25561130046844	0.015287466347218	0.70688319206238
-0.20525345206261	0.26092138886452	0.016310535371304	0.79714697599411
-0.20528824627399	0.26581063866615	0.017089292407036	0.80685806274414
-0.20535713434219	0.27301210165024	0.018039867281914	0.81822597980499
-0.20501667261124	0.27761307358742	0.018505193293095	0.82069855928421
-0.20514264702797	0.28579324483871	0.018821030855179	0.8329108953476
-0.20496232807636	0.29412946105003	0.018932893872261	0.7448456287384
-0.20489852130413	0.30037620663643	0.018896155059338	0.89282339811325
-0.20493985712528	0.3087046444416	0.018475010991096	0.81202477216721
-0.20472821593285	0.31521734595299	0.018012031912804	0.80723017454147
-0.20464381575584	0.32148253917694	0.017518252134323	0.80085402727127
-0.20454259216785	0.32668915390968	0.016818203032017	0.78560817241669
-0.20444875955582	0.3312446475029	0.016089670360088	0.78408843278885
-0.20464707911015	0.33585765957832	0.015188746154308	0.69612324237823
-0.20454870164394	0.34062805771828	0.014272391796112	0.76332712173462
-0.20461890101433	0.34651333093643	0.012350045144558	0.75172859430313
-0.20433582365513	0.35183271765709	0.010921396315098	0.73948764801025
-0.20414374768734	0.35663560032845	0.0094965323805809	0.72067809104919
-0.20416963100433	0.36055713891983	0.0079727321863174	0.70753413438797
-0.20396684110165	0.36332255601883	0.007585234940052	0.69679468870163
-0.20382963120937	0.3674119412899	0.005472220480442	0.68243426084518
-0.20375503599644	0.37142193317413	0.0037673190236092	0.59316945075989
-0.20380328595638	0.37485432624817	0.0026406645774841	0.63452458381653
-0.20364943146706	0.37615936994553	0.0022098198533058	0.62165039777756
-0.20358100533485	0.376977622509	0.0013509318232536	0.61693543195724
-0.2035303413868	0.37718650698662	0.00099929422140121	0.61515492200851
-0.20370124280453	0.37718147039413	0.00099659711122513	0.61002480983734
-0.20380379259586	0.37723803520203	0.00099802017211914	0.60376513004303
-0.20382788777351	0.37720733880997	0.00099895149469376	0.60099869966507
-0.20384618639946	0.37713044881821	0.00099942088127136	0.59943449497223
-0.20386251807213	0.37703895568848	0.00099964439868927	0.59851783514023
-0.20385184884071	0.3769336938858	0.0010005831718445	0.59808796644211
-0.20383307337761	0.3767726123333	0.0010007470846176	0.59786909818649
-0.20383040606976	0.3766188621521	0.0010012909770012	0.59767591953278
-0.20381939411163	0.37646242976189	0.0010009258985519	0.59757387638092
-0.20383483171463	0.3763033747673	0.0010008439421654	0.59748077392578
-0.2038522362709	0.37612888216972	0.001000851392746	0.597416639328
-0.20386657118797	0.37596133351326	0.0010008737444878	0.59738367795944
-0.20389074087143	0.37579122185707	0.0010008737444878	0.59731525182724
-0.20447909832001	0.37498813867569	0.00099137425422668	0.52751576900482
-0.2049121260643	0.3748816549778	0.00098191946744919	0.44101446866989
-0.20508180558681	0.37405988574028	0.00096820294857025	0.03352115675807
-0.20500089228153	0.37326401472092	0.00094124674797058	-0.0034807571209967
-0.20528572797775	0.37268561124802	0.00091177225112915	-0.0035184253938496
-0.20555201172829	0.3732813000679	0.00089492648839951	-0.0030276766046882
-0.20567420125008	0.37348648905754	0.00088749825954437	-0.0035046003758907
-0.20559097826481	0.37303256988525	0.00087390094995499	-0.0033793207257986
-0.20550285279751	0.37343364953995	0.0008651465177536	-0.0032793171703815
-0.20541104674339	0.37292870879173	0.0008532777428627	-0.0037026759237051
-0.20542368292809	0.37333717942238	0.00084438920021057	-0.0034653868060559
-0.20535427331924	0.37298837304115	0.00083404779434204	-0.0034621532540768
-0.20528647303581	0.37292423844337	0.00082538276910782	-0.0036023377906531
-0.20549936592579	0.37342157959938	0.00081979483366013	-0.0036216776352376
-0.20554392039776	0.37359318137169	0.00081302970647812	-0.0036258760374039
-0.20539322495461	0.37330934405327	0.00080661475658417	-0.003735639154911
-0.20536944270134	0.37379965186119	0.00080399215221405	-0.0035670450888574
-0.20532089471817	0.37364640831947	0.00080382078886032	-0.0037818974815309
-0.2053464204073	0.37372678518295	0.00082091242074966	-0.0036902439314872
-0.20540511608124	0.37394538521767	0.00082658976316452	-0.0037209340371192
-0.20544224977493	0.37422853708267	0.00082996487617493	-0.0037226178683341
-0.2054406106472	0.37444373965263	0.00083357840776443	-0.0037346207536757
-0.2054465264082	0.3751277923584	0.00083351880311966	-0.0037531084381044
-0.20534797012806	0.37554338574409	0.00083701312541962	-0.0037334025837481
-0.20539386570454	0.37580928206444	0.00083914399147034	-0.0037416443228722
-0.20548112690449	0.37611880898476	0.00084230303764343	-0.0036681580822915
-0.20554028451443	0.37616422772408	0.00084342807531357	-0.0037766792811453
-0.20555414259434	0.37671893835068	0.00084565579891205	-0.0038114725612104
-0.20559899508953	0.37731957435608	0.00083135068416595	-0.003695982741192
-0.20565317571163	0.37759068608284	0.00084655731916428	-0.0037884716875851
-0.20567877590656	0.37793529033661	0.00084851682186127	-0.003679710207507
-0.2058489471674	0.37797069549561	0.00085592269897461	-0.0036339603830129
-0.20611353218555	0.37824994325638	0.00085694342851639	-0.0037529363762587
-0.20639733970165	0.37906762957573	0.00083707273006439	-0.0038305991329253
-0.20667919516563	0.37925127148628	0.00085674971342087	-0.003578330622986
-0.2068578004837	0.37995961308479	0.0008554607629776	-0.0038327898364514
-0.20693744719028	0.38000077009201	0.00085866451263428	0.38830381631851
-0.20705904066563	0.38050565123558	0.00085733085870743	0.64899629354477
-0.20690584182739	0.38048094511032	0.00085835158824921	0.92458045482635
-0.20659910142422	0.38029190897942	0.00085986405611038	0.84279328584671
-0.20643119513988	0.38014927506447	0.00086109340190887	0.78749126195908
-0.20637013018131	0.38010314106941	0.00086146593093872	0.78531348705292
-0.20634740591049	0.3801149725914	0.0008615106344223	0.78460669517517
-0.20633593201637	0.38015606999397	0.00086148828268051	0.78409975767136
-0.206328779459	0.38020107150078	0.00084705650806427	0.78375738859177
-0.20633718371391	0.38027796149254	0.00085991621017456	0.78354293107986
-0.20634579658508	0.38035973906517	0.00086128711700439	0.78340148925781
-0.20635303854942	0.38044387102127	0.00086139142513275	0.78335613012314
-0.20635989308357	0.3805283010006	0.00086143612861633	0.78324997425079
-0.20636743307114	0.38061413168907	0.00086139142513275	0.78331518173218
-0.20637370646	0.38070034980774	0.00086144357919693	0.78317415714264
-0.20638388395309	0.38077118992805	0.00086133927106857	0.78322905302048
-0.20638333261013	0.38083565235138	0.00086117535829544	0.78327131271362
-0.20638209581375	0.38090047240257	0.00086122006177902	0.78326642513275
-0.20603580772877	0.38074967265129	0.0014691427350044	0.70647811889648
-0.20613041520119	0.38110992312431	0.0017718598246574	0.78846675157547
-0.2061764895916	0.38259276747704	0.0030182003974915	0.79377037286758
-0.20620256662369	0.3850277364254	0.0046394243836403	0.80080366134644
-0.20614446699619	0.38999056816101	0.0078024938702583	0.81283438205719
-0.2059234380722	0.39307942986488	0.0088910013437271	0.81622850894928
-0.20586600899696	0.39661255478859	0.010368831455708	0.74524223804474
-0.20584687590599	0.40257039666176	0.013024538755417	0.83315849304199
-0.2057027220726	0.40608295798302	0.014008015394211	0.83418571949005
-0.20588409900665	0.41018375754356	0.015209063887596	0.82827520370483
-0.20598335564137	0.41797271370888	0.017006553709507	0.82423746585846
-0.20579934120178	0.42524027824402	0.018063694238663	0.81886786222458
-0.20541466772556	0.42951256036758	0.018441945314407	0.81335067749023
-0.20541697740555	0.43388143181801	0.018854461610317	0.80995208024979
-0.20587654411793	0.44163584709167	0.019254453480244	0.80517208576202
-0.2057873904705	0.44854745268822	0.019253388047218	0.80083620548248
-0.20615909993649	0.45859861373901	0.018438532948494	0.71029251813889
-0.20639719069004	0.46743991971016	0.017511829733849	0.76846534013748
-0.20623809099197	0.47155192494392	0.01714238524437	0.75698029994965
-0.20621992647648	0.47645005583763	0.016501806676388	0.74928992986679
-0.20643059909344	0.47975444793701	0.01603490114212	0.73432004451752
-0.20755729079247	0.49105703830719	0.012101218104362	0.70798641443253
-0.20707070827484	0.49722445011139	0.010448947548866	0.68669319152832
-0.20743435621262	0.5049934387207	0.0062403455376625	0.60543501377106
-0.20768487453461	0.51035648584366	0.0034092888236046	0.63903081417084
-0.20755541324615	0.51320534944534	0.0026790499687195	0.6245037317276
-0.20739638805389	0.51407653093338	0.0023937970399857	0.61730444431305
-0.20738956332207	0.5143296122551	0.0023111999034882	0.61662125587463
-0.20739358663559	0.51449489593506	0.0022677183151245	0.61398774385452
-0.20739634335041	0.51463425159454	0.0022461265325546	0.61110770702362
-0.20740266144276	0.51475352048874	0.0022356063127518	0.61039143800735
-0.20741355419159	0.51486492156982	0.0022323727607727	0.61369454860687
-0.20743602514267	0.51496332883835	0.0022334307432175	0.61369776725769
-0.20745076239109	0.51506733894348	0.002233475446701	0.6130964756012
-0.20745398104191	0.51516056060791	0.0022317841649055	0.61280792951584
-0.20746202766895	0.51525390148163	0.0022306740283966	0.61266791820526
-0.20747092366219	0.51534581184387	0.0022305473685265	0.61256754398346
-0.20747849345207	0.51543742418289	0.0022314563393593	0.61251926422119
-0.20748475193977	0.51552879810333	0.0022311210632324	0.61249792575836
-0.20790654420853	0.51593136787415	0.0013366490602493	0.5603791475296
-0.20822368562222	0.51626348495483	0.0010011345148087	0.60722702741623
-0.20840695500374	0.51595270633698	0.00099652260541916	0.5992956161499
-0.2087090164423	0.51587414741516	0.00099363178014755	0.59068417549133
-0.20889820158482	0.51600259542465	0.00099104642868042	0.58673286437988
-0.20877635478973	0.51386046409607	0.00094886869192123	-0.00018776208162308
-0.209099650383	0.51403445005417	0.00091652572154999	-0.002875785343349
-0.20920522511005	0.51456010341644	0.00090713053941727	-0.0033606942743063
-0.20876313745975	0.5139439702034	0.00089100748300552	-0.0032438114285469
-0.20887167751789	0.51407122612	0.00087913125753403	-0.0037310370244086
-0.2091268748045	0.51411724090576	0.00086824595928192	-0.0034667490981519
-0.20905248820782	0.51391762495041	0.0008540078997612	-0.0037019208539277
-0.20918048918247	0.51451230049133	0.00084514170885086	-0.003417628351599
-0.20926624536514	0.51527750492096	0.00084139406681061	-0.0035356630105525
-0.20941193401814	0.51611441373825	0.00084184855222702	-0.0036215460859239
-0.20879209041595	0.5144357085228	0.00082346051931381	-0.00373211549595
-0.20892070233822	0.51383745670319	0.00080515444278717	-0.004374542273581
-0.20935694873333	0.51462399959564	0.00081841647624969	-0.0036191367544234
-0.20929533243179	0.51487892866135	0.00081081688404083	-0.0037371348589659
-0.20921494066715	0.5150733590126	0.00082290172576904	-0.0037307478487492
-0.20920388400555	0.51518929004669	0.00083249807357788	-0.0037485107313842
-0.20923626422882	0.515380859375	0.00083795189857483	-0.0036296304315329
-0.20933017134666	0.51609647274017	0.0008387491106987	-0.0037941616028547
-0.20930516719818	0.51596516370773	0.00084160268306732	-0.0035832705907524
-0.20942349731922	0.51692235469818	0.000843346118927	-0.003696161787957
-0.20947717130184	0.51771450042725	0.00084630399942398	-0.0037510215770453
-0.209462672472	0.51766002178192	0.00085090845823288	-0.0034798898268491
-0.20963051915169	0.51866334676743	0.00082653015851974	-0.0037579208146781
-0.20967790484428	0.51933908462524	0.00084840506315231	-0.00355019653216
-0.20969907939434	0.51946347951889	0.00085482746362686	-0.0035709254443645
-0.20987847447395	0.51982027292252	0.00084152817726135	-0.0034476413857192
-0.21012735366821	0.52039760351181	0.00085720419883728	-0.0036019333638251
-0.21040239930153	0.52153891324997	0.00084389746189117	-0.0036681778728962
-0.21062660217285	0.52188158035278	0.0008576363325119	-0.0035811220295727
-0.21084730327129	0.52277541160583	0.00085636228322983	-0.003525561420247
-0.21093524992466	0.52264285087585	0.00085873901844025	-0.0035412549041212
-0.21084201335907	0.52261972427368	0.00085314363241196	-0.0035230456851423
-0.21063697338104	0.52266317605972	0.00085555762052536	0.46141988039017
-0.21043609082699	0.52263712882996	0.00085689127445221	0.77848809957504
-0.21022073924541	0.52239948511124	0.00085870921611786	0.65327602624893
-0.21010154485703	0.52213734388351	0.00085978209972382	0.64815723896027
-0.2100378125906	0.52192604541779	0.00086057931184769	0.64589440822601
-0.21000124514103	0.52174639701843	0.0008605420589447	0.64494097232819
-0.20997834205627	0.52158218622208	0.00086100399494171	0.64448767900467
-0.20996804535389	0.52142703533173	0.00086166709661484	0.64424479007721
-0.20996376872063	0.52127581834793	0.0008620023727417	0.64418148994446
-0.20996657013893	0.52113020420074	0.00086202472448349	0.64411348104477
-0.20996960997581	0.52098488807678	0.00086198747158051	0.64406263828278
-0.209971383214	0.52084100246429	0.00086203217506409	0.6440304517746
-0.20996129512787	0.52072548866272	0.00086215138435364	0.64398467540741
-0.20994079113007	0.52056604623795	0.00086201727390289	0.64398229122162
-0.20992165803909	0.52041357755661	0.00086202472448349	0.6438552737236
-0.20990255475044	0.52026468515396	0.00086198002099991	0.6439396739006
-0.20988169312477	0.52011632919312	0.00086206942796707	0.64389085769653
-0.20986269414425	0.51997047662735	0.00086206197738647	0.64389157295227
-0.20961746573448	0.52002775669098	0.00086116045713425	0.64634490013123
-0.20944939553738	0.52009928226471	0.00086211413145065	0.58505100011826
-0.20946460962296	0.52095538377762	0.0013611391186714	0.65338432788849
-0.20951671898365	0.52113729715347	0.0014320686459541	0.6552814245224
-0.20959869027138	0.5209681391716	0.0013989806175232	0.65479868650436
-0.20957936346531	0.52490323781967	0.0069645345211029	0.65877616405487
-0.20960612595081	0.52895367145538	0.0081461817026138	0.74649822711945
-0.20969328284264	0.5397275686264	0.011926203966141	0.79747045040131
-0.20937277376652	0.54818058013916	0.013945445418358	0.76225316524506
-0.20930068194866	0.55218291282654	0.014608561992645	0.78275817632675
-0.20965380966663	0.56000608205795	0.016490027308464	0.79907685518265
-0.20950201153755	0.56750410795212	0.017506957054138	0.81480568647385
-0.20958706736565	0.57177251577377	0.017840802669525	0.82307279109955
-0.20999944210052	0.58213758468628	0.018775962293148	0.83179885149002
-0.20997731387615	0.58829706907272	0.019016727805138	0.82725584506989
-0.21040850877762	0.59314769506454	0.0190649330616	0.73991829156876
-0.21081487834454	0.60108834505081	0.018978364765644	0.81901168823242
-0.21070848405361	0.60571497678757	0.018841847777367	0.81208038330078
-0.21135067939758	0.61684799194336	0.017405271530151	0.80246704816818
-0.21154007315636	0.6261265873909	0.016309127211571	0.78377097845078
-0.21166194975376	0.63447678089142	0.014605849981308	0.76928263902664
-0.21194964647293	0.64257526397705	0.012550063431263	0.75308746099472
-0.21202050149441	0.6497660279274	0.011020913720131	0.65363776683807
-0.21240729093552	0.65474420785904	0.00928695499897	0.70644456148148
-0.21271282434464	0.65976881980896	0.0070713385939598	0.69245135784149
-0.21272955834866	0.66428506374359	0.005256175994873	0.67318612337112
-0.21299193799496	0.66850811243057	0.0045901089906693	0.63984167575836
-0.21321429312229	0.67193400859833	0.0020676255226135	0.61106461286545
-0.21315658092499	0.67325741052628	0.0012027323246002	0.6001433134079
-0.21300107240677	0.67341136932373	0.00099854916334152	0.59750092029572
-0.21289221942425	0.67339080572128	0.0009993389248848	0.59725165367126
-0.21277403831482	0.673399746418	0.00099960714578629	0.59685266017914
-0.21265925467014	0.67342948913574	0.00099941343069077	0.59911286830902
-0.21259248256683	0.67340040206909	0.00099959224462509	0.60093069076538
-0.21252098679543	0.67335075139999	0.0009998083114624	0.60105919837952
-0.2124480009079	0.67330974340439	0.00099964439868927	0.6010330915451
-0.21239459514618	0.67327564954758	0.00099894404411316	0.60109317302704
-0.21237604320049	0.67323851585388	0.00099875777959824	0.60097968578339
-0.21234695613384	0.67319464683533	0.00099892169237137	0.60086637735367
-0.2123167514801	0.67314928770065	0.00099904090166092	0.60065114498138
-0.21228484809399	0.67310357093811	0.00099893659353256	0.60052233934402
-0.21224680542946	0.67306363582611	0.00099905580282211	0.60027939081192
-0.21221673488617	0.67301940917969	0.00099889189004898	0.60035121440887
-0.21219445765018	0.6729793548584	0.00099871307611465	0.59993994235992
-0.21217219531536	0.67294532060623	0.00099896639585495	0.60007685422897
-0.2120389342308	0.67241406440735	0.00098761171102524	0.59456622600555
-0.21191549301147	0.67121803760529	0.00096919387578964	0.59166240692139
-0.21240513026714	0.6704283952713	0.00094419717788696	0.031327906996012
-0.21278809010983	0.67003238201141	0.00091833621263504	-0.0034091442357749
-0.21302153170109	0.67058950662613	0.00090079754590988	-0.0031483857892454
-0.21320337057114	0.6717284321785	0.0008951798081398	-0.0032542194239795
-0.21285726130009	0.67115080356598	0.00087738037109375	-0.0035341561306268
-0.21286532282829	0.67198926210403	0.00086628645658493	-0.003422265406698
-0.21276284754276	0.67193400859833	0.00085219740867615	-0.0034677679650486
-0.21268749237061	0.67287182807922	0.00084584951400757	-0.003368730423972
-0.21256589889526	0.6733216047287	0.00083839893341064	-0.0037276323419064
-0.2125346660614	0.67361497879028	0.00083050131797791	-0.0034693710040301
-0.21239900588989	0.67406553030014	0.00082363933324814	-0.003617440816015
-0.2122028619051	0.67375719547272	0.00081329047679901	-0.0037335711531341
-0.21222828328609	0.67394095659256	0.00080874562263489	-0.003563977079466
-0.21255567669868	0.67467844486237	0.00080738216638565	-0.0036949035711586
-0.21273671090603	0.6752023100853	0.00081225484609604	-0.0036950241774321
-0.21277298033237	0.67559462785721	0.00081595033407211	-0.0037444203626364
-0.21290150284767	0.67594677209854	0.00081975013017654	-0.0037109840195626
-0.2128401696682	0.67652034759521	0.00082790851593018	-0.0037336372770369
-0.21274924278259	0.67699670791626	0.00083199143409729	-0.0037148450501263
-0.21285612881184	0.67684638500214	0.00083790719509125	-0.0037463624030352
-0.21310967206955	0.67710155248642	0.0008414015173912	-0.003765920875594
-0.21335232257843	0.67796230316162	0.00084138661623001	-0.0037025522906333
-0.21346665918827	0.67792415618896	0.0008469820022583	-0.0036994207184762
-0.21359148621559	0.67873430252075	0.00084730982780457	-0.0038147047162056
-0.213618054986	0.67881244421005	0.00085107982158661	-0.0036464247386903
-0.21383661031723	0.67923069000244	0.00085370242595673	-0.0037604894023389
-0.21419562399387	0.6795402765274	0.0008576512336731	-0.0037323762662709
-0.21451260149479	0.68018263578415	0.00085886567831039	-0.0036317459307611
-0.21478743851185	0.68132662773132	0.00085821002721786	-0.0038774409331381
-0.21500472724438	0.68170231580734	0.00085952877998352	-0.0037887848448008
-0.21531517803669	0.6823798418045	0.00085929781198502	-0.0033252730499953
-0.21546851098537	0.68306577205658	0.00085949152708054	0.72457587718964
-0.21556441485882	0.68335109949112	0.00086034089326859	0.82434511184692
-0.21540467441082	0.68330073356628	0.00085967779159546	0.90356951951981
-0.21518245339394	0.68301033973694	0.00086025893688202	0.79247480630875
-0.21505343914032	0.68280738592148	0.00086098909378052	0.78923714160919
-0.2149772644043	0.68269413709641	0.0008615180850029	0.78807526826859
-0.21493919193745	0.68262422084808	0.00086180865764618	0.787757396698
-0.21492491662502	0.68256014585495	0.00086190551519394	0.7874960899353
-0.21490271389484	0.68251550197601	0.00086181610822678	0.78731727600098
-0.21487498283386	0.68247938156128	0.00086171925067902	0.7873255610466
-0.21485288441181	0.68244153261185	0.00086198747158051	0.7873472571373
-0.21483860909939	0.68240261077881	0.00086206942796707	0.78741008043289
-0.21482701599598	0.68236404657364	0.00086206942796707	0.78742051124573
-0.21481756865978	0.68232989311218	0.0008620023727417	0.78736656904221
-0.21480771899223	0.6822949051857	0.00086186826229095	0.78747367858887
-0.21479275822639	0.68226224184036	0.00086194276809692	0.78745400905609
-0.21449783444405	0.68197077512741	0.0014983341097832	0.78640472888947
-0.21457892656326	0.68220418691635	0.0017890855669975	0.78846949338913
-0.21452456712723	0.68359106779099	0.0029816851019859	0.79430800676346
-0.21432988345623	0.68589228391647	0.0047549232840538	0.71447277069092
-0.21431605517864	0.68889927864075	0.007939524948597	0.79705423116684
-0.21429128944874	0.69225633144379	0.0087932646274567	0.81624060869217
-0.21418836712837	0.69788467884064	0.011417932808399	0.81466215848923
-0.2140324562788	0.70032227039337	0.012360565364361	0.82202756404877
-0.21394769847393	0.70657056570053	0.015260457992554	0.82574784755707
-0.21391700208187	0.71774762868881	0.017533376812935	0.75382500886917
-0.21343299746513	0.72928088903427	0.018579095602036	0.81035995483398
-0.21324379742146	0.74405717849731	0.018944457173347	0.80043679475784
-0.2123339921236	0.7514129281044	0.019093342125416	0.7890590429306
-0.2123709321022	0.75480115413666	0.019120119512081	0.78283250331879
-0.21300604939461	0.76836568117142	0.017188206315041	0.77363508939743
-0.21282771229744	0.77545744180679	0.016210235655308	0.67461335659027
-0.21277399361134	0.77912855148315	0.015986122190952	0.73767256736755
-0.21340414881706	0.78575325012207	0.014017790555954	0.72106748819351
-0.2134535908699	0.79167890548706	0.012443423271179	0.70459878444672
-0.21329075098038	0.79889696836472	0.0094750672578812	0.69072568416595
-0.21294720470905	0.803466796875	0.0082815364003181	0.67161673307419
-0.21270313858986	0.80765628814697	0.0066054165363312	0.6541902422905
-0.21274064481258	0.81056272983551	0.0045240893959999	0.64513963460922
-0.21275608241558	0.81168949604034	0.0038819536566734	0.64289402961731
-0.2128100246191	0.81239032745361	0.0038585215806961	0.64230859279633
-0.21291533112526	0.81402283906937	0.0028160512447357	0.56936037540436
-0.21294485032558	0.81496554613113	0.0023947432637215	0.62128627300262
-0.21295011043549	0.81543076038361	0.002269983291626	0.61501359939575
-0.21293744444847	0.81569999456406	0.0022362768650055	0.61211335659027
-0.21291095018387	0.81592297554016	0.002227209508419	0.61058461666107
-0.21287876367569	0.81615281105042	0.0022229701280594	0.61264842748642
-0.21286201477051	0.81637704372406	0.002219945192337	0.61220985651016
-0.21285051107407	0.81659245491028	0.0022186487913132	0.61158990859985
-0.2128408998251	0.81680452823639	0.0022185742855072	0.61119657754898
-0.21283175051212	0.81701427698135	0.0022174641489983	0.61093056201935
-0.2128262668848	0.81721895933151	0.0022170320153236	0.61074167490005
-0.21282234787941	0.81742304563522	0.0022162720561028	0.61060208082199
-0.21281929314137	0.81762486696243	0.0022159963846207	0.61049807071686
-0.21281677484512	0.81782549619675	0.0022159665822983	0.61041456460953
-0.21281388401985	0.81802403926849	0.002216175198555	0.61037200689316
-0.21281093358994	0.81822240352631	0.0022154748439789	0.61032545566559
-0.21267172694206	0.81853622198105	0.0021653920412064	0.55410289764404
-0.21313320100307	0.81731063127518	0.0009755939245224	0.4867177605629
-0.21368676424026	0.81762689352036	0.0009651780128479	0.19944255053997
-0.21389718353748	0.81718391180038	0.00094805657863617	-0.0035901940427721
-0.21421056985855	0.81767600774765	0.00093787163496017	-0.0030659723561257
-0.21417719125748	0.81725132465363	0.00092102587223053	-0.0035842738579959
-0.21419797837734	0.81718200445175	0.00090566277503967	-0.0031093519646674
-0.21417401731014	0.81721818447113	0.00089246779680252	-0.0033355704508722
-0.21412537992001	0.81725817918777	0.0008808895945549	-0.0032508946023881
-0.21396347880363	0.81729024648666	0.00087077170610428	-0.0034751421771944
-0.21376830339432	0.81791335344315	0.00086621195077896	-0.0032175790984184
-0.21382288634777	0.81657564640045	0.00084283202886581	-0.0037115127779543
-0.21387299895287	0.8177016377449	0.00083271414041519	-0.0033476569224149
-0.2141619771719	0.81999599933624	0.00082695484161377	-0.0034088627435267
-0.21426466107368	0.82260626554489	0.00082690268754959	-0.0037130699492991
-0.21374551951885	0.82014626264572	0.00079908221960068	-0.0034682143013924
-0.21313960850239	0.82085406780243	0.00081881880760193	-0.0034441493917257
-0.21315003931522	0.81989675760269	0.00083106756210327	-0.0038986108265817
-0.213299036026	0.8213597536087	0.00083804875612259	-0.0035502675455064
-0.21316537261009	0.82162296772003	0.00084573775529861	-0.0035566370934248
-0.21315339207649	0.82248675823212	0.00085224956274033	-0.0037679702509195
-0.21315871179104	0.82293796539307	0.00085353851318359	-0.0036782380193472
-0.21324372291565	0.82334744930267	0.00085420161485672	-0.0036322404630482
-0.21332922577858	0.82368093729019	0.00085487961769104	-0.0037429712247103
-0.21342125535011	0.82435095310211	0.00085902214050293	-0.003705891314894
-0.21358808875084	0.82472968101501	0.00086064636707306	-0.0038458867929876
-0.21374246478081	0.82464176416397	0.00086115300655365	-0.0035458854399621
-0.21364691853523	0.82462757825851	0.00085978209972382	0.47531586885452
-0.21361267566681	0.82448875904083	0.00085971504449844	1.0020177364349
-0.21343843638897	0.82441633939743	0.00085947662591934	0.90117466449738
-0.21326677501202	0.82429867982864	0.00086065381765366	0.81775730848312
-0.21316479146481	0.82426738739014	0.00086131691932678	0.81608885526657
-0.21308486163616	0.82430934906006	0.00086172670125961	0.81553381681442
-0.21303987503052	0.82438993453979	0.0008617490530014	0.81545275449753
-0.21301977336407	0.82454097270966	0.00086145102977753	0.81542474031448
-0.21299715340137	0.82469779253006	0.00086137652397156	0.81541633605957
-0.21297320723534	0.82485264539719	0.00086142122745514	0.81545847654343
-0.21294756233692	0.82500839233398	0.00086133182048798	0.81546437740326
-0.21292112767696	0.82516813278198	0.00086129456758499	0.81546527147293
-0.21289800107479	0.82534378767014	0.00086130201816559	0.8154182434082
-0.21287076175213	0.82549637556076	0.00086134672164917	0.81546801328659
-0.21283708512783	0.82564413547516	0.00086128711700439	0.81544953584671
-0.21280075609684	0.82580971717834	0.00086122751235962	0.81541919708252
-0.21276532113552	0.8259659409523	0.0008612722158432	0.81305170059204
-0.21273279190063	0.82612687349319	0.0008612796664238	0.81257039308548
-0.2125453799963	0.82657212018967	0.0023605301976204	0.80748450756073
-0.21255579590797	0.82718825340271	0.0028789266943932	0.73550099134445
-0.21238642930984	0.82935553789139	0.0050328448414803	0.81130295991898
-0.21207003295422	0.83161544799805	0.0059703439474106	0.79877835512161
-0.21207669377327	0.83488821983337	0.0082522109150887	0.80071991682053
-0.21196593344212	0.84264951944351	0.012584574520588	0.86642777919769
-0.21154494583607	0.84713447093964	0.014076970517635	0.77682530879974
-0.21130642294884	0.85267913341522	0.015941008925438	0.77357709407806
-0.21134956181049	0.86014932394028	0.01754155009985	1.7065145969391
-0.21161761879921	0.87323945760727	0.018781714141369	0.90553486347198
-0.21132303774357	0.88379698991776	0.018904134631157	0.73651164770126
-0.21120138466358	0.88963836431503	0.019080281257629	0.73173421621323
-0.21158953011036	0.90154850482941	0.017444416880608	0.71441572904587
-0.2112827450037	0.90722072124481	0.016806803643703	0.69172638654709
-0.21115484833717	0.91029423475266	0.016656957566738	0.6901421546936
-0.21167120337486	0.91893261671066	0.013530492782593	0.61242496967316
-0.21234047412872	0.93091416358948	0.0064593255519867	0.65403753519058
-0.21185877919197	0.93765825033188	0.0036146566271782	0.61937898397446
-0.21148777008057	0.94043117761612	0.0030338019132614	0.60771363973618
-0.2113298624754	0.94139748811722	0.0028392523527145	0.60620880126953
-0.21127520501614	0.94184029102325	0.0027898624539375	0.60652810335159
-0.21124033629894	0.94216996431351	0.0027711316943169	0.6065337061882
-0.21119910478592	0.94248682260513	0.0027614906430244	0.60644519329071
-0.21115505695343	0.94279944896698	0.0027569010853767	0.60630053281784
-0.21112117171288	0.94310414791107	0.0027577504515648	0.60618370771408
-0.21107447147369	0.94341629743576	0.0027567520737648	0.60608577728271
-0.21101301908493	0.94370985031128	0.0027651563286781	0.60612940788269
-0.21094542741776	0.94399726390839	0.0027592331171036	0.54554903507233
-0.21090093255043	0.9442994594574	0.0027536675333977	0.60777586698532
-0.21086454391479	0.9445960521698	0.0027524307370186	0.60680019855499
-0.21082898974419	0.94488328695297	0.0027526244521141	0.60642611980438
-0.21079315245152	0.94517683982849	0.002755768597126	0.60618090629578
-0.21096059679985	0.94357180595398	0.00097658485174179	0.60956585407257
-0.21134713292122	0.94387197494507	0.00097566843032837	0.58114945888519
-0.21188914775848	0.94419169425964	0.00097495317459106	0.49605345726013
-0.21201707422733	0.94381946325302	0.00096059590578079	0.004617958329618
-0.21229648590088	0.94443041086197	0.00095050036907196	-0.0030884365551174
-0.2122071236372	0.94360309839249	0.00092624127864838	-0.0034764162264764
-0.21241834759712	0.94413316249847	0.00091254711151123	-0.0034120485652238
-0.21225938200951	0.94376361370087	0.00089734047651291	-0.0031460016034544
-0.21215477585793	0.94339901208878	0.0008750855922699	-0.0038294948171824
-0.21224741637707	0.94386434555054	0.0008593425154686	-0.003168708877638
-0.21214757859707	0.94441777467728	0.00085023045539856	-0.0033028498291969
-0.21199584007263	0.9446382522583	0.00084129720926285	-0.0037991828285158
-0.21187640726566	0.94492417573929	0.00083190947771072	-0.003586848732084
-0.21176913380623	0.94484567642212	0.00082013010978699	-0.0035578005481511
-0.21172778308392	0.94574582576752	0.0008130818605423	-0.0035975980572402
-0.21156832575798	0.94573056697845	0.00080833584070206	-0.0036419741809368
-0.21152468025684	0.94645947217941	0.0008082315325737	-0.0036688323598355
-0.21150104701519	0.94614672660828	0.00081811100244522	-0.0037307185120881
-0.21170850098133	0.94692879915237	0.00082091987133026	-0.0036657291930169
-0.21173499524593	0.947330057621	0.00082352012395859	-0.0037165624089539
-0.21157488226891	0.94724637269974	0.00082618743181229	-0.0037399344146252
-0.2114615291357	0.94726353883743	0.0008326843380928	-0.0037187715061009
-0.21152080595493	0.94808179140091	0.00083498656749725	-0.0037541936617345
-0.21151678264141	0.9481115937233	0.00084128230810165	-0.003734965575859
-0.21140420436859	0.94842320680618	0.00084403902292252	-0.0037344850134104
-0.2114033550024	0.94873881340027	0.00084801763296127	-0.0038168497849256
-0.21147836744785	0.94894057512283	0.00085166096687317	-0.0036284781526774
-0.21166241168976	0.94945359230042	0.00085476785898209	-0.0036758403293788
-0.21179227530956	0.95037013292313	0.00085584819316864	-0.0038689938373864
-0.21170128881931	0.9516773223877	0.00085505098104477	-0.0037938863970339
-0.21183316409588	0.9510652422905	0.00085444748401642	-0.0034122657962143
-0.21207849681377	0.95210015773773	0.00085752457380295	-0.0039269221015275
-0.21223455667496	0.95298224687576	0.00085988640785217	-0.0036028898321092
-0.21243441104889	0.9524467587471	0.00086286664009094	0.66919052600861
-0.21245354413986	0.95224332809448	0.00086092948913574	0.95751458406448
-0.21232655644417	0.95195710659027	0.00085965543985367	0.8718358874321
-0.21223695576191	0.95166748762131	0.00086051970720291	0.78909236192703
-0.21218776702881	0.95147484540939	0.00086091458797455	0.7850216627121
-0.21212962269783	0.95144236087799	0.00086085498332977	0.78356528282166
-0.21206860244274	0.95149511098862	0.00086090713739395	0.78355741500854
-0.21201311051846	0.95156931877136	0.00086086988449097	0.78379845619202
-0.21197514235973	0.95164316892624	0.00086092948913574	0.78378427028656
-0.21194417774677	0.95171916484833	0.00086107850074768	0.78364312648773
-0.21191297471523	0.95179712772369	0.00086111575365067	0.78365623950958
-0.21188361942768	0.95187526941299	0.00086121261119843	0.783671438694
-0.2118558883667	0.95196110010147	0.00086114555597305	0.78352344036102
-0.21182300150394	0.95204728841782	0.00086100399494171	0.78380554914474
-0.21178939938545	0.95212751626968	0.00086095184087753	0.78381884098053
-0.21181210875511	0.95211237668991	0.0008620023727417	0.78415310382843
-0.21122759580612	0.952712059021	0.0028282552957535	0.78219604492188
-0.21089492738247	0.95313465595245	0.0034893006086349	0.78420609235764
-0.2109706401825	0.95622676610947	0.0077833011746407	0.70848709344864
-0.21090766787529	0.95983010530472	0.008711114525795	0.80497133731842
-0.21046480536461	0.96631747484207	0.011353135108948	0.82146197557449
-0.21013499796391	0.97002559900284	0.01231561601162	0.82937800884247
-0.20995108783245	0.974769115448	0.014523237943649	0.83164292573929
-0.20976397395134	0.97713756561279	0.015311926603317	0.83029001951218
-0.20965312421322	0.9780450463295	0.015593968331814	0.83029764890671
-0.2095555216074	0.9811497926712	0.016467332839966	0.82780802249908
-0.20912079513073	0.98734998703003	0.017943874001503	0.82521229982376
-0.20862980186939	0.99048072099686	0.018366917967796	0.82371425628662
-0.20800763368607	0.99795299768448	0.019153952598572	0.82338839769363
-0.2069458514452	1.0037604570389	0.019139960408211	0.73373258113861
-0.20737639069557	1.0138117074966	0.018180079758167	0.79271250963211
-0.20777605473995	1.0205518007278	0.01791138201952	0.77487325668335
-0.20760142803192	1.0305271148682	0.015763804316521	0.75253927707672
-0.20724152028561	1.0379781723022	0.0139991492033	0.7311949133873
-0.20687705278397	1.0417405366898	0.013355150818825	0.72304505109787
-0.20654459297657	1.0459283590317	0.013325199484825	0.70584523677826
-0.20642477273941	1.0495165586472	0.013056471943855	0.61011976003647
-0.20641776919365	1.0572410821915	0.0070062503218651	0.65675777196884
-0.20592744648457	1.0624090433121	0.0034075155854225	0.63239699602127
-0.20575603842735	1.0647912025452	0.0024867951869965	0.61766469478607
-0.20567941665649	1.0655893087387	0.0021872147917747	0.61339056491852
