-0.046711452305317	-0.018737951293588	-0.029670270159841	0.19613932073116	0.11285161972046	0.14204455912113	-0.0033141686581075	0.0023531094193459	0.087236329913139	-0.10712110996246
-0.046756740659475	-0.019130824133754	-0.029670616611838	0.19614703953266	0.1128011867404	0.14228284358978	-0.003098942572251	0.0023716799914837	0.087312400341034	-0.10708567500114
-0.046756558120251	-0.019159611314535	-0.029670538380742	0.19613482058048	0.11278045922518	0.14226248860359	-0.0032229654025286	0.0023740865290165	0.087315186858177	-0.10708919167519
-0.046738535165787	-0.019096810370684	-0.029670579358935	0.19611155986786	0.11277090013027	0.14223448932171	-0.0032108563464135	0.0023654326796532	0.08730049431324	-0.10710245370865
-0.046742741018534	-0.01911448687315	-0.029670694842935	0.1961125433445	0.1127712726593	0.14224781095982	-0.0032060090452433	0.0023654215037823	0.087305530905724	-0.10709463059902
-0.046741288155317	-0.019034249708056	-0.029670799151063	0.19609820842743	0.11276219040155	0.1422485858202	-0.0032695676200092	0.00237075984478	0.087285861372948	-0.1071101129055
-0.046725504100323	-0.019082710146904	-0.029670573771	0.1960893124342	0.11276303231716	0.14223098754883	-0.0031464626081288	0.0023567676544189	0.087298631668091	-0.10710135102272
-0.046743996441364	-0.019102888181806	-0.029670614749193	0.19609415531158	0.11274945735931	0.14223340153694	-0.0032203360460699	0.0023677907884121	0.087301477789879	-0.10710130631924
-0.42057707905769	-0.11605958640575	-0.13248959183693	0.20525535941124	0.082377597689629	0.14836910367012	-0.0031433422118425	0.034208655357361	0.079490080475807	-0.10136492550373
-0.45998892188072	-0.1261572688818	-0.14353430271149	0.2052067220211	0.07905026525259	0.14860945940018	-0.0032108011655509	0.036839600652456	0.077857166528702	-0.10072360932827
-0.46258014440536	-0.15113063156605	-0.16659133136272	0.20523545145988	0.078879736363888	0.15005372464657	-0.003236920805648	0.036910306662321	0.077829793095589	-0.099276572465897
-0.45130097866058	-0.20124466717243	-0.21081574261189	0.20524582266808	0.079879760742188	0.15297059714794	-0.0033420778345317	0.03604793921113	0.078372552990913	-0.096358016133308
-0.44013193249702	-0.22992296516895	-0.23512373864651	0.20524176955223	0.080838024616241	0.15463212132454	-0.0032129068858922	0.035214763134718	0.078873544931412	-0.094699531793594
-0.43895617127419	-0.23297770321369	-0.23773412406445	0.20527303218842	0.080938458442688	0.15490610897541	-0.003377252491191	0.035133246332407	0.078915074467659	-0.094524830579758
-0.42613309621811	-0.25614330172539	-0.25646257400513	0.20527973771095	0.082011438906193	0.15614897012711	-0.0033608134835958	0.03416769951582	0.079500570893288	-0.093185245990753
-0.40948781371117	-0.28085121512413	-0.27561971545219	0.20528973639011	0.083466723561287	0.15756972134113	-0.003492170246318	0.032920822501183	0.080260902643204	-0.091761738061905
-0.38999754190445	-0.30489605665207	-0.29332056641579	0.20535439252853	0.085078366100788	0.15895377099514	-0.0033902297727764	0.031453624367714	0.081143587827682	-0.090383812785149
-0.34579917788506	-0.34723258018494	-0.32117658853531	0.20536698400974	0.08899962157011	0.1613709628582	-0.0035674530081451	0.028073858469725	0.083183333277702	-0.087961420416832
-0.31716173887253	-0.36978593468666	-0.33406665921211	0.20532083511353	0.091577418148518	0.16266483068466	-0.0034513548016548	0.025868609547615	0.084499850869179	-0.08666829764843
-0.31415683031082	-0.3722115457058	-0.33545082807541	0.20530749857426	0.091928794980049	0.1628085821867	-0.0035676248371601	0.02566571906209	0.084624513983727	-0.086527809500694
-0.26135542988777	-0.40381249785423	-0.34825846552849	0.20525684952736	0.096819825470448	0.16464976966381	-0.0036241500638425	0.021458506584167	0.087150573730469	-0.084681510925293
-0.22783857584	-0.42014920711517	-0.3520473241806	0.20523458719254	0.099970370531082	0.16562144458294	-0.0035849381238222	0.018754184246063	0.088760301470757	-0.083709001541138
-0.22432608902454	-0.42190873622894	-0.35245394706726	0.20523391664028	0.10026767849922	0.16573199629784	-0.0035858978517354	0.018504742532969	0.088917016983032	-0.083601102232933
-0.19527548551559	-0.43301397562027	-0.35210698843002	0.20518887042999	0.10308511555195	0.16642808914185	-0.003705971641466	0.016080033034086	0.090359404683113	-0.082901328802109
-0.13379873335361	-0.44939443469048	-0.34247967600822	0.20519459247589	0.10920897871256	0.16758778691292	-0.0036150603555143	0.010773342102766	0.093553066253662	-0.081740528345108
-0.098190747201443	-0.45512789487839	-0.33214005827904	0.20518644154072	0.11289086937904	0.16810634732246	-0.0037288763560355	0.0076119527220726	0.095447555184364	-0.081225872039795
-0.065695352852345	-0.45713371038437	-0.31871145963669	0.20515201985836	0.11636348068714	0.16842244565487	-0.0036765425466001	0.0046188235282898	0.097236320376396	-0.08089591562748
-0.034151393920183	-0.45624706149101	-0.30198642611504	0.20513579249382	0.11987232416868	0.16865377128124	-0.0036833877675235	0.0016096755862236	0.09905244410038	-0.080677971243858
-0.0035434423480183	-0.45234769582748	-0.28202974796295	0.20510540902615	0.12340638786554	0.16871450841427	-0.0037207503337413	-0.0014106631278992	0.10086341202259	-0.080605551600456
