0.44620734453201	-0.12229856103659	-0.13456517457962	0.20629945397377	-0.076008543372154	0.14793810248375	-0.0033141686581075	-0.036618992686272	0.078283876180649	-0.10098308324814
0.4461552798748	-0.12283612787724	-0.13456501066685	0.20634838938713	-0.076096750795841	0.14837330579758	-0.003098942572251	-0.036652345210314	0.078386679291725	-0.10092988610268
0.44615346193314	-0.12289728224277	-0.13456489145756	0.20634177327156	-0.076118551194668	0.1483983695507	-0.0032229654025286	-0.036654446274042	0.078396618366241	-0.10092939436436
0.44616860151291	-0.1228201687336	-0.1345651447773	0.20631930232048	-0.076123341917992	0.14838954806328	-0.0032108563464135	-0.036650255322456	0.078380554914474	-0.10093869268894
0.44616460800171	-0.12281443923712	-0.13456504046917	0.20631501078606	-0.076125107705593	0.14839434623718	-0.0032060090452433	-0.036650750786066	0.078380137681961	-0.10093469917774
0.44615957140923	-0.12277332693338	-0.13456483185291	0.20630536973476	-0.076129421591759	0.1483860462904	-0.0032695676200092	-0.036638092249632	0.078376486897469	-0.10093909502029
0.44617968797684	-0.12273935973644	-0.13456502556801	0.20628756284714	-0.076130710542202	0.14838245511055	-0.0031464626081288	-0.036649040877819	0.078364104032516	-0.1009439677
0.44616183638573	-0.12281631678343	-0.13456504046917	0.20629847049713	-0.0761459171772	0.14839684963226	-0.0032203360460699	-0.036647535860538	0.078381583094597	-0.10093560814857
0.46394211053848	-0.12703712284565	-0.13097763061523	0.2075479477644	-0.073615744709969	0.14877635240555	-0.0031433422118425	-0.038457319140434	0.078418776392937	-0.10069029033184
0.44259506464005	-0.12739212810993	-0.12927953898907	0.20754641294479	-0.075831592082977	0.14865492284298	-0.0032108011655509	-0.036766301840544	0.079462215304375	-0.10067416727543
0.44038572907448	-0.12746387720108	-0.12909755110741	0.20750798285007	-0.076091803610325	0.14866310358047	-0.003236920805648	-0.036630548536777	0.07955427467823	-0.10066539049149
0.39422392845154	-0.12745322287083	-0.12499956786633	0.20753267407417	-0.08024474978447	0.14865799248219	-0.0033420778345317	-0.033036723732948	0.081597805023193	-0.10066947340965
0.36661267280579	-0.1274292320013	-0.12179156392813	0.20754019916058	-0.082699604332447	0.14866235852242	-0.0032129068858922	-0.030907027423382	0.082790523767471	-0.10066649317741
0.34115549921989	-0.12731610238552	-0.11818990111351	0.20759420096874	-0.084958262741566	0.14866459369659	-0.003377252491191	-0.028923727571964	0.083897069096565	-0.10067999362946
0.33849865198135	-0.12733498215675	-0.11780325323343	0.20758901536465	-0.085217460989952	0.14865094423294	-0.0033608134835958	-0.028753492981195	0.084001943469048	-0.1006768643856
0.29374477267265	-0.12716989219189	-0.10977209359407	0.20765136182308	-0.089360684156418	0.14865639805794	-0.003492170246318	-0.025158155709505	0.08605132997036	-0.10067242383957
0.28904014825821	-0.12713150680065	-0.10890956968069	0.20763693749905	-0.089841671288013	0.14865712821484	-0.0033902297727764	-0.024823669344187	0.08623106777668	-0.10067139565945
0.24510987102985	-0.1266848295927	-0.098841316998005	0.20767711102962	-0.094015516340733	0.14865067601204	-0.0035674530081451	-0.021212819963694	0.088271215558052	-0.10067757964134
0.24051024019718	-0.12665016949177	-0.097760379314423	0.20766216516495	-0.094378270208836	0.1486601382494	-0.0034513548016548	-0.020890649408102	0.088457852602005	-0.10067017376423
0.19776611030102	-0.12592941522598	-0.085656106472015	0.20780923962593	-0.098409727215767	0.1486564874649	-0.0035676248371601	-0.017283767461777	0.090503618121147	-0.10067503154278
0.17266672849655	-0.12529416382313	-0.077598713338375	0.20779049396515	-0.10085865855217	0.14865097403526	-0.0036241500638425	-0.015161763876677	0.091692864894867	-0.10067790746689
0.170046672225	-0.12518754601479	-0.076733469963074	0.20779536664486	-0.10106894373894	0.14864371716976	-0.0035849381238222	-0.01497669890523	0.091799899935722	-0.10068488121033
0.14945954084396	-0.12455514073372	-0.069367438554764	0.20781323313713	-0.1031456515193	0.1486429721117	-0.0035858978517354	-0.013166200369596	0.092823296785355	-0.10068707168102
0.10779460519552	-0.1227520853281	-0.052468616515398	0.20782274007797	-0.10744801908731	0.14863209426403	-0.003705971641466	-0.0094195604324341	0.094930440187454	-0.10069577395916
0.084267444908619	-0.12143544852734	-0.041809376329184	0.20785757899284	-0.1099534407258	0.14862686395645	-0.0036150603555143	-0.0072994232177734	0.096129700541496	-0.10069911181927
0.062985114753246	-0.12004575878382	-0.031285833567381	0.20790202915668	-0.11223322153091	0.14862987399101	-0.0037288763560355	-0.0053227879106998	0.097258970141411	-0.10070009529591
0.042333479970694	-0.11839636415243	-0.020238112658262	0.20790849626064	-0.11450657248497	0.14861913025379	-0.0036765425466001	-0.0033563710749149	0.098369464278221	-0.1007067412138
0.022140245884657	-0.11655439436436	-0.0085879201069474	0.20792317390442	-0.11676701903343	0.14862303435802	-0.0036833877675235	-0.0013975165784359	0.099487900733948	-0.10070560872555
0.0023713856935501	-0.11444468051195	0.0036791271995753	0.20793576538563	-0.11902008205652	0.14861595630646	-0.0037207503337413	0.00057396292686462	0.10060308873653	-0.10070934891701
