3,0.000,-0.285,-0.054,0.128
3,0.100,-0.272,-0.059,0.110
3,0.200,-0.258,-0.062,0.093
3,0.300,-0.244,-0.066,0.076
3,0.400,-0.230,-0.069,0.061
3,0.500,-0.215,-0.071,0.045
3,0.600,-0.200,-0.074,0.031
3,0.700,-0.185,-0.076,0.017
3,0.800,-0.169,-0.078,0.003
3,0.900,-0.153,-0.079,-0.010
3,1.000,-0.137,-0.080,-0.022
3,1.100,-0.120,-0.081,-0.034
3,1.200,-0.104,-0.082,-0.045
3,1.300,-0.086,-0.083,-0.056
3,1.400,-0.069,-0.083,-0.066
3,1.500,-0.051,-0.083,-0.076
3,1.600,-0.033,-0.083,-0.085
3,1.700,-0.015,-0.083,-0.094
3,1.800,0.004,-0.083,-0.102
3,1.900,0.023,-0.083,-0.110
3,2.000,0.043,-0.082,-0.117
3,2.100,0.062,-0.082,-0.124
3,2.200,0.082,-0.081,-0.130
3,2.300,0.102,-0.081,-0.136
3,2.400,0.123,-0.080,-0.142
3,2.500,0.143,-0.079,-0.147
3,2.600,0.164,-0.079,-0.152
3,2.700,0.185,-0.078,-0.156
3,2.800,0.207,-0.078,-0.160
3,2.900,0.228,-0.077,-0.163
3,3.000,0.250,-0.076,-0.166
3,3.100,0.271,-0.076,-0.169
3,3.200,0.293,-0.075,-0.171
3,3.300,0.315,-0.075,-0.172
3,3.400,0.338,-0.075,-0.174
3,3.500,0.360,-0.075,-0.175
3,3.600,0.382,-0.075,-0.175
3,3.700,0.404,-0.074,-0.175
3,3.800,0.426,-0.075,-0.175
3,3.900,0.448,-0.075,-0.175
3,4.000,0.471,-0.075,-0.173
3,4.100,0.469,-0.101,-0.199
3,4.200,0.465,-0.128,-0.224
3,4.300,0.458,-0.154,-0.248
3,4.400,0.449,-0.180,-0.272
3,4.500,0.437,-0.205,-0.295
3,4.600,0.422,-0.230,-0.317
3,4.700,0.405,-0.254,-0.338
3,4.800,0.386,-0.277,-0.358
3,4.900,0.364,-0.299,-0.376
3,5.000,0.341,-0.320,-0.392
3,5.100,0.315,-0.339,-0.406
3,5.200,0.288,-0.357,-0.417
3,5.300,0.260,-0.374,-0.427
3,5.400,0.230,-0.388,-0.434
3,5.500,0.199,-0.401,-0.438
3,5.600,0.168,-0.411,-0.439
3,5.700,0.136,-0.419,-0.437
3,5.800,0.105,-0.425,-0.433
3,5.900,0.073,-0.429,-0.425
3,6.000,0.043,-0.430,-0.414
3,6.100,0.012,-0.428,-0.401
3,6.200,-0.017,-0.424,-0.385
3,6.300,-0.045,-0.417,-0.366
3,6.400,-0.072,-0.408,-0.344
3,6.500,-0.098,-0.397,-0.320
3,6.600,-0.122,-0.383,-0.295
3,6.700,-0.144,-0.367,-0.267
3,6.800,-0.165,-0.349,-0.238
3,6.900,-0.185,-0.330,-0.208
3,7.000,-0.202,-0.309,-0.177
3,7.100,-0.218,-0.286,-0.145
3,7.200,-0.232,-0.263,-0.113
3,7.300,-0.245,-0.238,-0.080
3,7.400,-0.255,-0.213,-0.048
3,7.500,-0.265,-0.187,-0.016
3,7.600,-0.272,-0.160,0.015
3,7.700,-0.278,-0.134,0.045
3,7.800,-0.282,-0.107,0.074
3,7.900,-0.284,-0.081,0.102
3,8.000,-0.285,-0.054,0.128
3,0.100,-0.272,-0.059,0.110
3,0.200,-0.258,-0.062,0.093
3,0.300,-0.244,-0.066,0.076
3,0.400,-0.230,-0.069,0.061
3,0.500,-0.215,-0.071,0.045
3,0.600,-0.200,-0.074,0.031
3,0.700,-0.185,-0.076,0.017
3,0.800,-0.169,-0.078,0.003
3,0.900,-0.153,-0.079,-0.010
3,1.000,-0.137,-0.080,-0.022
3,1.100,-0.120,-0.081,-0.034
3,1.200,-0.104,-0.082,-0.045
3,1.300,-0.086,-0.083,-0.056
3,1.400,-0.069,-0.083,-0.066
3,1.500,-0.051,-0.083,-0.076
3,1.600,-0.033,-0.083,-0.085
3,1.700,-0.015,-0.083,-0.094
3,1.800,0.004,-0.083,-0.102
3,1.900,0.023,-0.083,-0.110
3,2.000,0.043,-0.082,-0.117
3,2.100,0.062,-0.082,-0.124
3,2.200,0.082,-0.081,-0.130
3,2.300,0.102,-0.081,-0.136
3,2.400,0.123,-0.080,-0.142
3,2.500,0.143,-0.079,-0.147
3,2.600,0.164,-0.079,-0.152
3,2.700,0.185,-0.078,-0.156
3,2.800,0.207,-0.078,-0.160
3,2.900,0.228,-0.077,-0.163
3,3.000,0.250,-0.076,-0.166
3,3.100,0.271,-0.076,-0.169
3,3.200,0.293,-0.075,-0.171
3,3.300,0.315,-0.075,-0.172
3,3.400,0.338,-0.075,-0.174
3,3.500,0.360,-0.075,-0.175
3,3.600,0.382,-0.075,-0.175
3,3.700,0.404,-0.074,-0.175
3,3.800,0.426,-0.075,-0.175
3,3.900,0.448,-0.075,-0.175
3,4.000,0.471,-0.075,-0.173
3,4.100,0.469,-0.101,-0.199
3,4.200,0.465,-0.128,-0.224
3,4.300,0.458,-0.154,-0.248
3,4.400,0.449,-0.180,-0.272
3,4.500,0.437,-0.205,-0.295
3,4.600,0.422,-0.230,-0.317
3,4.700,0.405,-0.254,-0.338
3,4.800,0.386,-0.277,-0.358
3,4.900,0.364,-0.299,-0.376
3,5.000,0.341,-0.320,-0.392
3,5.100,0.315,-0.339,-0.406
3,5.200,0.288,-0.357,-0.417
3,5.300,0.260,-0.374,-0.427
3,5.400,0.230,-0.388,-0.434
3,5.500,0.199,-0.401,-0.438
3,5.600,0.168,-0.411,-0.439
3,5.700,0.136,-0.419,-0.437
3,5.800,0.105,-0.425,-0.433
3,5.900,0.073,-0.429,-0.425
3,6.000,0.043,-0.430,-0.414
3,6.100,0.012,-0.428,-0.401
3,6.200,-0.017,-0.424,-0.385
3,6.300,-0.045,-0.417,-0.366
3,6.400,-0.072,-0.408,-0.344
3,6.500,-0.098,-0.397,-0.320
3,6.600,-0.122,-0.383,-0.295
3,6.700,-0.144,-0.367,-0.267
3,6.800,-0.165,-0.349,-0.238
3,6.900,-0.185,-0.330,-0.208
3,7.000,-0.202,-0.309,-0.177
3,7.100,-0.218,-0.286,-0.145
3,7.200,-0.232,-0.263,-0.113
3,7.300,-0.245,-0.238,-0.080
3,7.400,-0.255,-0.213,-0.048
3,7.500,-0.265,-0.187,-0.016
3,7.600,-0.272,-0.160,0.015
3,7.700,-0.278,-0.134,0.045
3,7.800,-0.282,-0.107,0.074
3,7.900,-0.284,-0.081,0.102
3,8.000,-0.285,-0.054,0.128
3,0.100,-0.272,-0.059,0.110
3,0.200,-0.258,-0.062,0.093
3,0.300,-0.244,-0.066,0.076
3,0.400,-0.230,-0.069,0.061
3,0.500,-0.215,-0.071,0.045
3,0.600,-0.200,-0.074,0.031
3,0.700,-0.185,-0.076,0.017
3,0.800,-0.169,-0.078,0.003
3,0.900,-0.153,-0.079,-0.010
3,1.000,-0.137,-0.080,-0.022
3,1.100,-0.120,-0.081,-0.034
3,1.200,-0.104,-0.082,-0.045
3,1.300,-0.086,-0.083,-0.056
3,1.400,-0.069,-0.083,-0.066
3,1.500,-0.051,-0.083,-0.076
3,1.600,-0.033,-0.083,-0.085
3,1.700,-0.015,-0.083,-0.094
3,1.800,0.004,-0.083,-0.102
3,1.900,0.023,-0.083,-0.110
3,2.000,0.043,-0.082,-0.117
3,2.100,0.062,-0.082,-0.124
3,2.200,0.082,-0.081,-0.130
3,2.300,0.102,-0.081,-0.136
3,2.400,0.123,-0.080,-0.142
3,2.500,0.143,-0.079,-0.147
3,2.600,0.164,-0.079,-0.152
3,2.700,0.185,-0.078,-0.156
3,2.800,0.207,-0.078,-0.160
3,2.900,0.228,-0.077,-0.163
3,3.000,0.250,-0.076,-0.166
3,3.100,0.271,-0.076,-0.169
3,3.200,0.293,-0.075,-0.171
3,3.300,0.315,-0.075,-0.172
3,3.400,0.338,-0.075,-0.174
3,3.500,0.360,-0.075,-0.175
3,3.600,0.382,-0.075,-0.175
3,3.700,0.404,-0.074,-0.175
3,3.800,0.426,-0.075,-0.175
3,3.900,0.448,-0.075,-0.175
3,4.000,0.471,-0.075,-0.173
3,4.100,0.469,-0.101,-0.199
3,4.200,0.465,-0.128,-0.224
3,4.300,0.458,-0.154,-0.248
3,4.400,0.449,-0.180,-0.272
3,4.500,0.437,-0.205,-0.295
3,4.600,0.422,-0.230,-0.317
3,4.700,0.405,-0.254,-0.338
3,4.800,0.386,-0.277,-0.358
3,4.900,0.364,-0.299,-0.376
3,5.000,0.341,-0.320,-0.392
3,5.100,0.315,-0.339,-0.406
3,5.200,0.288,-0.357,-0.417
3,5.300,0.260,-0.374,-0.427
3,5.400,0.230,-0.388,-0.434
3,5.500,0.199,-0.401,-0.438
3,5.600,0.168,-0.411,-0.439
3,5.700,0.136,-0.419,-0.437
3,5.800,0.105,-0.425,-0.433
3,5.900,0.073,-0.429,-0.425
3,6.000,0.043,-0.430,-0.414
3,6.100,0.012,-0.428,-0.401
3,6.200,-0.017,-0.424,-0.385
3,6.300,-0.045,-0.417,-0.366
3,6.400,-0.072,-0.408,-0.344
3,6.500,-0.098,-0.397,-0.320
3,6.600,-0.122,-0.383,-0.295
3,6.700,-0.144,-0.367,-0.267
3,6.800,-0.165,-0.349,-0.238
3,6.900,-0.185,-0.330,-0.208
3,7.000,-0.202,-0.309,-0.177
3,7.100,-0.218,-0.286,-0.145
3,7.200,-0.232,-0.263,-0.113
3,7.300,-0.245,-0.238,-0.080
3,7.400,-0.255,-0.213,-0.048
3,7.500,-0.265,-0.187,-0.016
3,7.600,-0.272,-0.160,0.015
3,7.700,-0.278,-0.134,0.045
3,7.800,-0.282,-0.107,0.074
3,7.900,-0.284,-0.081,0.102
3,8.000,-0.285,-0.054,0.128
3,0.100,-0.272,-0.059,0.110
3,0.200,-0.258,-0.062,0.093
3,0.300,-0.244,-0.066,0.076
3,0.400,-0.230,-0.069,0.061
3,0.500,-0.215,-0.071,0.045
3,0.600,-0.200,-0.074,0.031
3,0.700,-0.185,-0.076,0.017
3,0.800,-0.169,-0.078,0.003
3,0.900,-0.153,-0.079,-0.010
3,1.000,-0.137,-0.080,-0.022
3,1.100,-0.120,-0.081,-0.034
3,1.200,-0.104,-0.082,-0.045
3,1.300,-0.086,-0.083,-0.056
3,1.400,-0.069,-0.083,-0.066
3,1.500,-0.051,-0.083,-0.076
3,1.600,-0.033,-0.083,-0.085
3,1.700,-0.015,-0.083,-0.094
3,1.800,0.004,-0.083,-0.102
3,1.900,0.023,-0.083,-0.110
3,2.000,0.043,-0.082,-0.117
3,2.100,0.062,-0.082,-0.124
3,2.200,0.082,-0.081,-0.130
3,2.300,0.102,-0.081,-0.136
3,2.400,0.123,-0.080,-0.142
3,2.500,0.143,-0.079,-0.147
3,2.600,0.164,-0.079,-0.152
3,2.700,0.185,-0.078,-0.156
3,2.800,0.207,-0.078,-0.160
3,2.900,0.228,-0.077,-0.163
3,3.000,0.250,-0.076,-0.166
3,3.100,0.271,-0.076,-0.169
3,3.200,0.293,-0.075,-0.171
3,3.300,0.315,-0.075,-0.172
3,3.400,0.338,-0.075,-0.174
3,3.500,0.360,-0.075,-0.175
3,3.600,0.382,-0.075,-0.175
3,3.700,0.404,-0.074,-0.175
3,3.800,0.426,-0.075,-0.175
3,3.900,0.448,-0.075,-0.175
3,4.000,0.471,-0.075,-0.173
3,4.100,0.469,-0.101,-0.199
3,4.200,0.465,-0.128,-0.224
3,4.300,0.458,-0.154,-0.248
3,4.400,0.449,-0.180,-0.272
3,4.500,0.437,-0.205,-0.295
3,4.600,0.422,-0.230,-0.317
3,4.700,0.405,-0.254,-0.338
3,4.800,0.386,-0.277,-0.358
3,4.900,0.364,-0.299,-0.376
3,5.000,0.341,-0.320,-0.392
3,5.100,0.315,-0.339,-0.406
3,5.200,0.288,-0.357,-0.417
3,5.300,0.260,-0.374,-0.427
3,5.400,0.230,-0.388,-0.434
3,5.500,0.199,-0.401,-0.438
3,5.600,0.168,-0.411,-0.439
3,5.700,0.136,-0.419,-0.437
3,5.800,0.105,-0.425,-0.433
3,5.900,0.073,-0.429,-0.425
3,6.000,0.043,-0.430,-0.414
3,6.100,0.012,-0.428,-0.401
3,6.200,-0.017,-0.424,-0.385
3,6.300,-0.045,-0.417,-0.366
3,6.400,-0.072,-0.408,-0.344
3,6.500,-0.098,-0.397,-0.320
3,6.600,-0.122,-0.383,-0.295
3,6.700,-0.144,-0.367,-0.267
3,6.800,-0.165,-0.349,-0.238
3,6.900,-0.185,-0.330,-0.208
3,7.000,-0.202,-0.309,-0.177
3,7.100,-0.218,-0.286,-0.145
3,7.200,-0.232,-0.263,-0.113
3,7.300,-0.245,-0.238,-0.080
3,7.400,-0.255,-0.213,-0.048
3,7.500,-0.265,-0.187,-0.016
3,7.600,-0.272,-0.160,0.015
3,7.700,-0.278,-0.134,0.045
3,7.800,-0.282,-0.107,0.074
3,7.900,-0.284,-0.081,0.102
3,8.000,-0.285,-0.054,0.128
3,0.100,-0.272,-0.059,0.110
3,0.200,-0.258,-0.062,0.093
3,0.300,-0.244,-0.066,0.076
3,0.400,-0.230,-0.069,0.061
3,0.500,-0.215,-0.071,0.045
3,0.600,-0.200,-0.074,0.031
3,0.700,-0.185,-0.076,0.017
3,0.800,-0.169,-0.078,0.003
3,0.900,-0.153,-0.079,-0.010
3,1.000,-0.137,-0.080,-0.022
3,1.100,-0.120,-0.081,-0.034
3,1.200,-0.104,-0.082,-0.045
3,1.300,-0.086,-0.083,-0.056
3,1.400,-0.069,-0.083,-0.066
3,1.500,-0.051,-0.083,-0.076
3,1.600,-0.033,-0.083,-0.085
3,1.700,-0.015,-0.083,-0.094
3,1.800,0.004,-0.083,-0.102
3,1.900,0.023,-0.083,-0.110
3,2.000,0.043,-0.082,-0.117
3,2.100,0.062,-0.082,-0.124
3,2.200,0.082,-0.081,-0.130
3,2.300,0.102,-0.081,-0.136
3,2.400,0.123,-0.080,-0.142
3,2.500,0.143,-0.079,-0.147
3,2.600,0.164,-0.079,-0.152
3,2.700,0.185,-0.078,-0.156
3,2.800,0.207,-0.078,-0.160
3,2.900,0.228,-0.077,-0.163
3,3.000,0.250,-0.076,-0.166
3,3.100,0.271,-0.076,-0.169
3,3.200,0.293,-0.075,-0.171
3,3.300,0.315,-0.075,-0.172
3,3.400,0.338,-0.075,-0.174
3,3.500,0.360,-0.075,-0.175
3,3.600,0.382,-0.075,-0.175
3,3.700,0.404,-0.074,-0.175
3,3.800,0.426,-0.075,-0.175
3,3.900,0.448,-0.075,-0.175
3,4.000,0.471,-0.075,-0.173
3,4.100,0.469,-0.101,-0.199
3,4.200,0.465,-0.128,-0.224
3,4.300,0.458,-0.154,-0.248
3,4.400,0.449,-0.180,-0.272
3,4.500,0.437,-0.205,-0.295
3,4.600,0.422,-0.230,-0.317
3,4.700,0.405,-0.254,-0.338
3,4.800,0.386,-0.277,-0.358
3,4.900,0.364,-0.299,-0.376
3,5.000,0.341,-0.320,-0.392
3,5.100,0.315,-0.339,-0.406
3,5.200,0.288,-0.357,-0.417
3,5.300,0.259,-0.374,-0.427
3,5.400,0.230,-0.388,-0.434
3,5.500,0.199,-0.401,-0.438
3,5.600,0.168,-0.411,-0.439
3,5.700,0.136,-0.419,-0.437
3,5.800,0.105,-0.425,-0.433
3,5.900,0.073,-0.429,-0.425
3,6.000,0.043,-0.430,-0.414
3,6.100,0.012,-0.428,-0.401
3,6.200,-0.017,-0.424,-0.385
3,6.300,-0.045,-0.417,-0.366
3,6.400,-0.072,-0.408,-0.344
3,6.500,-0.098,-0.397,-0.320
3,6.600,-0.121,0.180,0.236
3,0.922,-0.055,-0.083,-0.074
3,1.022,-0.037,-0.083,-0.083
3,1.122,-0.019,-0.083,-0.092
3,1.222,-0.000,-0.083,-0.100
3,1.322,0.019,-0.083,-0.108
3,1.422,0.038,-0.082,-0.116
3,1.522,0.058,-0.082,-0.123
3,1.622,0.078,-0.081,-0.129
3,1.722,0.098,-0.081,-0.135
3,1.822,0.118,-0.080,-0.141
3,1.922,0.139,-0.080,-0.146
3,2.022,0.160,-0.079,-0.151
3,2.122,0.181,-0.078,-0.155
3,2.222,0.202,-0.078,-0.159
3,2.322,0.223,-0.077,-0.162
3,2.422,0.245,-0.077,-0.165
3,2.522,0.267,-0.076,-0.168
3,2.622,0.289,-0.076,-0.170
3,2.722,0.311,-0.075,-0.172
3,2.822,0.333,-0.075,-0.174
3,2.922,0.332,-0.087,-0.185
3,3.022,0.329,-0.124,-0.219
3,3.122,0.262,-0.076,-0.167
3,1.000,-0.148,-0.080,-0.014
3,1.100,-0.132,-0.081,-0.026
3,1.200,-0.115,-0.082,-0.038
3,1.300,-0.098,-0.082,-0.049
3,1.400,-0.081,-0.083,-0.059
3,1.500,-0.063,-0.083,-0.069
3,1.600,-0.045,-0.083,-0.079
3,1.700,-0.027,-0.083,-0.088
3,1.800,-0.008,-0.083,-0.097
3,1.900,0.011,-0.083,-0.105
3,2.000,0.030,-0.083,-0.112
3,2.100,0.049,-0.082,-0.119
3,2.200,0.069,-0.082,-0.126
3,2.300,0.089,-0.081,-0.132
3,2.400,0.109,-0.081,-0.138
3,2.500,0.130,-0.080,-0.144
3,2.600,0.150,-0.079,-0.149
3,2.700,0.171,-0.079,-0.153
3,2.800,0.192,-0.078,-0.157
3,2.900,0.214,-0.077,-0.161
3,3.000,0.235,-0.077,-0.164
3,3.100,0.257,-0.076,-0.167
3,3.200,0.279,-0.076,-0.169
3,3.300,0.301,-0.075,-0.171
3,3.400,0.323,-0.075,-0.173
3,3.500,0.345,-0.075,-0.174
3,3.600,0.367,-0.075,-0.175
3,3.700,0.389,-0.075,-0.175
3,3.800,0.411,-0.075,-0.175
3,3.900,0.434,-0.075,-0.175
3,4.000,0.434,-0.075,-0.175
3,4.100,0.432,-0.101,-0.200
3,4.200,0.428,-0.128,-0.225
3,4.300,0.421,-0.154,-0.249
3,4.400,0.412,-0.180,-0.273
3,4.500,0.400,-0.205,-0.296
3,4.600,0.385,-0.230,-0.317
3,4.700,0.368,-0.254,-0.338
3,4.800,0.349,-0.277,-0.357
3,4.900,0.327,-0.299,-0.374
3,5.000,0.304,-0.320,-0.389
3,5.100,0.279,-0.340,-0.402
3,5.200,0.252,-0.358,-0.413
3,5.300,0.223,-0.374,-0.422
3,5.400,0.194,-0.389,-0.427
3,5.500,0.164,-0.401,-0.430
3,5.600,0.133,-0.412,-0.430
3,5.700,0.102,-0.420,-0.428
3,5.800,0.071,-0.425,-0.422
3,5.900,0.041,-0.428,-0.413
3,6.000,0.011,-0.429,-0.401
3,6.100,-0.019,-0.427,-0.386
3,6.200,-0.047,-0.422,-0.368
3,6.300,-0.075,-0.415,-0.348
3,6.400,-0.101,-0.406,-0.326
3,6.500,-0.126,-0.394,-0.301
3,6.600,-0.149,-0.380,-0.274
