5,4.000,0.000,-0.083,-0.100
5,4.100,-0.001,-0.109,-0.126
5,4.200,-0.005,-0.136,-0.152
5,4.300,-0.010,-0.162,-0.178
5,4.400,-0.018,-0.187,-0.205
5,4.500,-0.028,-0.212,-0.232
5,4.600,-0.041,-0.236,-0.259
5,4.700,-0.056,-0.260,-0.286
5,4.800,-0.073,-0.282,-0.312
5,4.900,-0.092,-0.303,-0.337
5,5.000,-0.113,-0.323,-0.361
5,5.100,-0.137,-0.342,-0.384
5,5.200,-0.162,-0.359,-0.406
5,5.300,-0.190,-0.374,-0.426
5,5.400,-0.219,-0.387,-0.443
5,5.500,-0.250,-0.399,-0.459
5,5.600,-0.282,-0.408,-0.472
5,5.700,-0.316,-0.415,-0.483
5,5.800,-0.350,-0.421,-0.491
5,5.900,-0.386,-0.424,-0.496
5,6.000,-0.421,-0.425,-0.498
5,6.100,-0.457,-0.423,-0.498
5,6.200,-0.492,-0.420,-0.495
5,6.300,-0.527,-0.414,-0.489
5,6.400,-0.561,-0.407,-0.480
5,6.500,-0.594,-0.397,-0.468
5,6.600,-0.626,-0.386,-0.455
5,6.700,-0.656,-0.372,-0.439
5,6.800,-0.685,-0.357,-0.420
5,6.900,-0.711,-0.340,-0.400
5,7.000,-0.735,-0.322,-0.379
5,7.100,-0.758,-0.302,-0.356
5,7.200,-0.778,-0.281,-0.332
5,7.300,-0.795,-0.258,-0.307
5,7.400,-0.811,-0.235,-0.281
5,7.500,-0.824,-0.211,-0.255
5,7.600,-0.835,-0.186,-0.228
5,7.700,-0.843,-0.160,-0.202
5,7.800,-0.849,-0.134,-0.176
5,7.900,-0.852,-0.108,-0.150
5,8.000,-0.854,-0.082,-0.124
5,0.100,-0.834,-0.081,-0.132
5,0.200,-0.814,-0.080,-0.139
5,0.300,-0.794,-0.080,-0.146
5,0.400,-0.774,-0.079,-0.152
5,0.500,-0.753,-0.078,-0.157
5,0.600,-0.732,-0.077,-0.163
5,0.700,-0.711,-0.076,-0.168
5,0.800,-0.690,-0.075,-0.172
5,0.900,-0.668,-0.074,-0.176
5,1.000,-0.646,-0.074,-0.180
5,1.100,-0.624,-0.073,-0.183
5,1.200,-0.602,-0.072,-0.186
5,1.300,-0.580,-0.072,-0.188
5,1.400,-0.557,-0.071,-0.190
5,1.500,-0.535,-0.071,-0.191
5,1.600,-0.512,-0.070,-0.193
5,1.700,-0.489,-0.070,-0.193
5,1.800,-0.467,-0.070,-0.194
5,1.900,-0.444,-0.070,-0.194
5,2.000,-0.421,-0.070,-0.194
5,2.100,-0.399,-0.070,-0.193
5,2.200,-0.376,-0.071,-0.192
5,2.300,-0.353,-0.071,-0.190
5,2.400,-0.331,-0.071,-0.188
5,2.500,-0.308,-0.072,-0.186
5,2.600,-0.286,-0.073,-0.183
5,2.700,-0.264,-0.073,-0.180
5,2.800,-0.242,-0.074,-0.176
5,2.900,-0.221,-0.075,-0.173
5,3.000,-0.199,-0.076,-0.168
5,3.100,-0.178,-0.077,-0.163
5,3.200,-0.157,-0.078,-0.158
5,3.300,-0.136,-0.079,-0.153
5,3.400,-0.116,-0.079,-0.146
5,3.500,-0.096,-0.080,-0.140
5,3.600,-0.076,-0.081,-0.133
5,3.700,-0.057,-0.082,-0.125
5,3.800,-0.037,-0.082,-0.118
5,3.900,-0.019,-0.083,-0.109
5,4.000,-0.000,-0.083,-0.100
5,4.100,-0.001,-0.109,-0.126
5,4.200,-0.005,-0.136,-0.152
5,4.300,-0.010,-0.162,-0.178
5,4.400,-0.018,-0.187,-0.205
5,4.500,-0.028,-0.212,-0.232
5,4.600,-0.041,-0.236,-0.259
5,4.700,-0.056,-0.260,-0.286
5,4.800,-0.073,-0.282,-0.312
5,4.900,-0.092,-0.303,-0.337
5,5.000,-0.113,-0.323,-0.361
5,5.100,-0.137,-0.342,-0.384
5,5.200,-0.162,-0.359,-0.406
5,5.300,-0.190,-0.374,-0.426
5,5.400,-0.219,-0.387,-0.443
5,5.500,-0.250,-0.399,-0.459
5,5.600,-0.282,-0.408,-0.472
5,5.700,-0.316,-0.415,-0.483
5,5.800,-0.350,-0.421,-0.491
5,5.900,-0.386,-0.424,-0.496
5,6.000,-0.421,-0.425,-0.498
5,6.100,-0.457,-0.423,-0.498
5,6.200,-0.492,-0.420,-0.495
5,6.300,-0.527,-0.414,-0.489
5,6.400,-0.561,-0.407,-0.480
5,6.500,-0.594,-0.397,-0.468
5,6.600,-0.626,-0.386,-0.455
5,6.700,-0.656,-0.372,-0.439
5,6.800,-0.685,-0.357,-0.420
5,6.900,-0.711,-0.340,-0.400
5,7.000,-0.735,-0.322,-0.379
5,7.100,-0.758,-0.302,-0.356
5,7.200,-0.778,-0.281,-0.332
5,7.300,-0.795,-0.258,-0.307
5,7.400,-0.811,-0.235,-0.281
5,7.500,-0.824,-0.211,-0.255
5,7.600,-0.835,-0.186,-0.228
5,7.700,-0.843,-0.160,-0.202
5,7.800,-0.849,-0.134,-0.176
5,7.900,-0.852,-0.108,-0.150
5,8.000,-0.854,-0.082,-0.124
5,0.100,-0.834,-0.081,-0.132
5,0.200,-0.814,-0.080,-0.139
5,0.300,-0.794,-0.080,-0.146
5,0.400,-0.774,-0.079,-0.152
5,0.500,-0.753,-0.078,-0.157
5,0.600,-0.732,-0.077,-0.163
5,0.700,-0.711,-0.076,-0.168
5,0.800,-0.690,-0.075,-0.172
5,0.900,-0.668,-0.074,-0.176
5,1.000,-0.646,-0.074,-0.180
5,1.100,-0.624,-0.073,-0.183
5,1.200,-0.602,-0.072,-0.186
5,1.300,-0.580,-0.072,-0.188
5,1.400,-0.557,-0.071,-0.190
5,1.500,-0.535,-0.071,-0.191
5,1.600,-0.512,-0.070,-0.193
5,1.700,-0.489,-0.070,-0.193
5,1.800,-0.467,-0.070,-0.194
5,1.900,-0.444,-0.070,-0.194
5,2.000,-0.421,-0.070,-0.194
5,2.100,-0.399,-0.070,-0.193
5,2.200,-0.376,-0.071,-0.192
5,2.300,-0.353,-0.071,-0.190
5,2.400,-0.331,-0.071,-0.188
5,2.500,-0.308,-0.072,-0.186
5,2.600,-0.286,-0.073,-0.183
5,2.700,-0.264,-0.073,-0.180
5,2.800,-0.242,-0.074,-0.176
5,2.900,-0.221,-0.075,-0.173
5,3.000,-0.199,-0.076,-0.168
5,3.100,-0.178,-0.077,-0.163
5,3.200,-0.157,-0.078,-0.158
5,3.300,-0.136,-0.079,-0.153
5,3.400,-0.116,-0.079,-0.146
5,3.500,-0.096,-0.080,-0.140
5,3.600,-0.076,-0.081,-0.133
5,3.700,-0.057,-0.082,-0.125
5,3.800,-0.037,-0.082,-0.118
5,3.900,-0.019,-0.083,-0.109
5,4.000,-0.000,-0.083,-0.100
5,4.100,-0.001,-0.109,-0.126
5,4.200,-0.005,-0.136,-0.152
5,4.300,-0.010,-0.162,-0.178
5,4.400,-0.018,-0.187,-0.205
5,4.500,-0.028,-0.212,-0.232
5,4.600,-0.041,-0.236,-0.259
5,4.700,-0.056,-0.260,-0.286
5,4.800,-0.073,-0.282,-0.312
5,4.900,-0.092,-0.303,-0.337
5,5.000,-0.113,-0.323,-0.361
5,5.100,-0.137,-0.342,-0.384
5,5.200,-0.162,-0.359,-0.406
5,5.300,-0.190,-0.374,-0.426
5,5.400,-0.219,-0.387,-0.443
5,5.500,-0.250,-0.399,-0.459
5,5.600,-0.282,-0.408,-0.472
5,5.700,-0.316,-0.415,-0.483
5,5.800,-0.350,-0.421,-0.491
5,5.900,-0.386,-0.424,-0.496
5,6.000,-0.421,-0.425,-0.498
5,6.100,-0.457,-0.423,-0.498
5,6.200,-0.492,-0.420,-0.495
5,6.300,-0.527,-0.414,-0.489
5,6.400,-0.561,-0.407,-0.480
5,6.500,-0.594,-0.397,-0.468
5,6.600,-0.626,-0.386,-0.455
5,6.700,-0.656,-0.372,-0.439
5,6.800,-0.685,-0.357,-0.420
5,6.900,-0.711,-0.340,-0.400
5,7.000,-0.735,-0.322,-0.379
5,7.100,-0.758,-0.302,-0.356
5,7.200,-0.778,-0.281,-0.332
5,7.300,-0.795,-0.258,-0.307
5,7.400,-0.811,-0.235,-0.281
5,7.500,-0.824,-0.211,-0.255
5,7.600,-0.835,-0.186,-0.228
5,7.700,-0.843,-0.160,-0.202
5,7.800,-0.849,-0.134,-0.176
5,7.900,-0.852,-0.108,-0.150
5,8.000,-0.854,-0.082,-0.124
5,0.100,-0.834,-0.081,-0.132
5,0.200,-0.814,-0.080,-0.139
5,0.300,-0.794,-0.080,-0.146
5,0.400,-0.774,-0.079,-0.152
5,0.500,-0.753,-0.078,-0.157
5,0.600,-0.732,-0.077,-0.163
5,0.700,-0.711,-0.076,-0.168
5,0.800,-0.690,-0.075,-0.172
5,0.900,-0.668,-0.074,-0.176
5,1.000,-0.646,-0.074,-0.180
5,1.100,-0.624,-0.073,-0.183
5,1.200,-0.602,-0.072,-0.186
5,1.300,-0.580,-0.072,-0.188
5,1.400,-0.557,-0.071,-0.190
5,1.500,-0.535,-0.071,-0.191
5,1.600,-0.512,-0.070,-0.193
5,1.700,-0.489,-0.070,-0.193
5,1.800,-0.467,-0.070,-0.194
5,1.900,-0.444,-0.070,-0.194
5,2.000,-0.421,-0.070,-0.194
5,2.100,-0.399,-0.070,-0.193
5,2.200,-0.376,-0.071,-0.192
5,2.300,-0.353,-0.071,-0.190
5,2.400,-0.331,-0.071,-0.188
5,2.500,-0.308,-0.072,-0.186
5,2.600,-0.286,-0.073,-0.183
5,2.700,-0.264,-0.073,-0.180
5,2.800,-0.242,-0.074,-0.176
5,2.900,-0.221,-0.075,-0.173
5,3.000,-0.199,-0.076,-0.168
5,3.100,-0.178,-0.077,-0.163
5,3.200,-0.157,-0.078,-0.158
5,3.300,-0.136,-0.079,-0.153
5,3.400,-0.116,-0.079,-0.146
5,3.500,-0.096,-0.080,-0.140
5,3.600,-0.076,-0.081,-0.133
5,3.700,-0.057,-0.082,-0.125
5,3.800,-0.037,-0.082,-0.118
5,3.900,-0.019,-0.083,-0.109
5,4.000,-0.000,-0.083,-0.100
5,4.100,-0.001,-0.109,-0.126
5,4.200,-0.005,-0.136,-0.152
5,4.300,-0.010,-0.162,-0.178
5,4.400,-0.018,-0.187,-0.205
5,4.500,-0.028,-0.212,-0.232
5,4.600,-0.041,-0.236,-0.259
5,4.700,-0.056,-0.260,-0.286
5,4.800,-0.073,-0.282,-0.312
5,4.900,-0.092,-0.303,-0.337
5,5.000,-0.113,-0.323,-0.361
5,5.100,-0.137,-0.342,-0.384
5,5.200,-0.162,-0.359,-0.406
5,5.300,-0.190,-0.374,-0.426
5,5.400,-0.219,-0.387,-0.443
5,5.500,-0.250,-0.399,-0.459
5,5.600,-0.282,-0.408,-0.472
5,5.700,-0.316,-0.415,-0.483
5,5.800,-0.350,-0.421,-0.491
5,5.900,-0.386,-0.424,-0.496
5,6.000,-0.421,-0.425,-0.498
5,6.100,-0.457,-0.423,-0.498
5,6.200,-0.492,-0.420,-0.495
5,6.300,-0.527,-0.414,-0.489
5,6.400,-0.561,-0.407,-0.480
5,6.500,-0.594,-0.397,-0.468
5,6.600,-0.626,-0.386,-0.455
5,6.700,-0.656,-0.372,-0.439
5,6.800,-0.685,-0.357,-0.420
5,6.900,-0.711,-0.340,-0.400
5,7.000,-0.735,-0.322,-0.379
5,7.100,-0.758,-0.302,-0.356
5,7.200,-0.778,-0.281,-0.332
5,7.300,-0.795,-0.258,-0.307
5,7.400,-0.811,-0.235,-0.281
5,7.500,-0.824,-0.211,-0.255
5,7.600,-0.835,-0.186,-0.228
5,7.700,-0.843,-0.160,-0.202
5,7.800,-0.849,-0.134,-0.176
5,7.900,-0.852,-0.108,-0.150
5,8.000,-0.854,-0.082,-0.124
5,0.100,-0.834,-0.081,-0.132
5,0.200,-0.814,-0.080,-0.139
5,0.300,-0.794,-0.080,-0.146
5,0.400,-0.774,-0.079,-0.152
5,0.500,-0.753,-0.078,-0.157
5,0.600,-0.732,-0.077,-0.163
5,0.700,-0.711,-0.076,-0.168
5,0.800,-0.690,-0.075,-0.172
5,0.900,-0.668,-0.074,-0.176
5,1.000,-0.646,-0.074,-0.180
5,1.100,-0.624,-0.073,-0.183
5,1.200,-0.602,-0.072,-0.186
5,1.300,-0.580,-0.072,-0.188
5,1.400,-0.557,-0.071,-0.190
5,1.500,-0.535,-0.071,-0.191
5,1.600,-0.512,-0.070,-0.193
5,1.700,-0.489,-0.070,-0.193
5,1.800,-0.467,-0.070,-0.194
5,1.900,-0.444,-0.070,-0.194
5,2.000,-0.421,-0.070,-0.194
5,2.100,-0.399,-0.070,-0.193
5,2.200,-0.376,-0.071,-0.192
5,2.300,-0.353,-0.071,-0.190
5,2.400,-0.331,-0.071,-0.188
5,2.500,-0.308,-0.072,-0.186
5,2.600,-0.286,-0.073,-0.183
5,2.700,-0.264,-0.073,-0.180
5,2.800,-0.242,-0.074,-0.176
5,2.900,-0.221,-0.075,-0.173
5,3.000,-0.199,-0.076,-0.168
5,3.100,-0.178,-0.077,-0.163
5,3.200,-0.157,-0.078,-0.158
5,3.300,-0.136,-0.079,-0.153
5,3.400,-0.116,-0.079,-0.146
5,3.500,-0.096,-0.080,-0.140
5,3.600,-0.076,-0.081,-0.133
5,3.700,-0.057,-0.082,-0.125
5,3.800,-0.037,-0.082,-0.118
5,3.900,-0.019,-0.083,-0.109
5,4.000,-0.000,-0.083,-0.100
5,4.100,-0.001,-0.109,-0.126
5,4.200,-0.005,-0.136,-0.152
5,4.300,-0.010,-0.162,-0.178
5,4.400,-0.018,-0.187,-0.205
5,4.500,-0.028,-0.212,-0.232
5,4.600,-0.041,-0.236,-0.259
5,4.700,-0.056,-0.260,-0.286
5,4.800,-0.073,-0.282,-0.312
5,4.900,-0.092,-0.303,-0.337
5,5.000,-0.113,-0.323,-0.361
5,5.100,-0.137,-0.342,-0.384
5,5.200,-0.162,-0.359,-0.406
5,5.300,-0.190,-0.374,-0.426
5,5.400,-0.219,-0.387,-0.443
5,5.500,-0.250,-0.399,-0.459
5,5.600,-0.282,-0.408,-0.472
5,5.700,-0.316,-0.415,-0.483
5,5.800,-0.350,-0.421,-0.491
5,5.900,-0.386,-0.424,-0.496
5,6.000,-0.421,-0.425,-0.498
5,6.100,-0.457,-0.423,-0.498
5,6.200,-0.492,-0.420,-0.495
5,6.300,-0.527,-0.414,-0.489
5,6.400,-0.561,-0.407,-0.480
5,6.500,-0.594,-0.397,-0.468
5,6.600,-0.626,-0.386,-0.455
5,6.700,-0.656,-0.372,-0.439
5,6.800,-0.685,-0.357,-0.420
5,6.900,-0.711,-0.340,-0.400
5,7.000,-0.735,-0.322,-0.379
5,7.100,-0.758,-0.302,-0.356
5,7.200,-0.778,-0.281,-0.332
5,7.300,-0.795,-0.258,-0.307
5,7.400,-0.811,-0.235,-0.281
5,7.500,-0.824,-0.211,-0.255
5,7.600,-0.835,-0.186,-0.228
5,7.700,-0.843,-0.160,-0.202
5,7.800,-0.849,-0.134,-0.176
5,7.900,-0.852,-0.108,-0.150
5,8.000,-0.854,-0.082,-0.124
5,0.100,-0.834,-0.081,-0.132
5,0.200,-0.814,-0.080,-0.139
5,0.300,-0.794,-0.080,-0.146
5,0.400,-0.774,-0.079,-0.152
5,0.500,-0.753,-0.078,-0.157
5,0.600,-0.732,-0.077,-0.163
5,0.700,-0.711,-0.076,-0.168
5,0.800,-0.690,-0.075,-0.172
5,0.900,-0.668,-0.074,-0.176
5,1.000,-0.646,-0.074,-0.180
5,1.100,-0.624,-0.073,-0.183
5,1.200,-0.602,-0.072,-0.186
5,1.300,-0.580,-0.072,-0.188
5,1.400,-0.557,-0.071,-0.190
5,1.500,-0.535,-0.071,-0.191
5,1.600,-0.512,-0.070,-0.193
5,1.700,-0.489,-0.070,-0.193
5,1.800,-0.467,-0.070,-0.194
5,1.900,-0.444,-0.070,-0.194
5,2.000,-0.421,-0.070,-0.194
5,2.100,-0.399,-0.070,-0.193
5,2.200,-0.376,-0.071,-0.192
5,2.300,-0.353,-0.071,-0.190
5,2.400,-0.331,-0.071,-0.188
5,2.500,-0.308,-0.072,-0.186
5,2.600,-0.286,-0.073,-0.183
5,2.700,-0.264,-0.073,-0.180
5,2.800,-0.242,-0.074,-0.176
5,2.900,-0.221,-0.075,-0.173
5,3.000,-0.199,-0.076,-0.168
5,3.100,-0.178,-0.077,-0.163
5,3.200,-0.157,-0.078,-0.158
5,3.300,-0.136,-0.079,-0.153
5,3.400,-0.116,-0.079,-0.146
5,3.500,-0.096,-0.080,-0.140
5,3.600,-0.076,-0.081,-0.133
5,3.700,-0.057,-0.082,-0.125
5,3.800,-0.037,-0.082,-0.118
5,3.900,-0.019,-0.083,-0.109
5,4.000,-0.000,-0.083,-0.100
5,4.100,-0.001,-0.109,-0.126
5,4.200,-0.005,-0.136,-0.152
5,4.300,-0.010,-0.162,-0.178
5,4.400,-0.018,-0.187,-0.205
5,4.500,-0.028,-0.212,-0.232
5,4.600,-0.041,-0.236,-0.259
5,4.700,-0.056,-0.260,-0.286
5,4.800,-0.073,-0.282,-0.312
5,4.900,-0.092,-0.303,-0.337
5,5.000,-0.113,-0.323,-0.361
5,5.100,-0.137,-0.342,-0.384
5,5.200,-0.162,-0.359,-0.406
5,5.300,-0.190,-0.374,-0.426
5,5.400,-0.219,-0.387,-0.443
5,5.500,-0.250,-0.399,-0.459
5,5.600,-0.282,-0.408,-0.472
5,5.700,-0.316,-0.415,-0.483
5,5.800,-0.350,-0.421,-0.491
5,5.900,-0.386,-0.424,-0.496
5,6.000,-0.421,-0.425,-0.498
5,6.100,-0.457,-0.423,-0.498
5,6.200,-0.492,-0.420,-0.495
5,6.300,-0.527,-0.414,-0.489
5,6.400,-0.561,-0.407,-0.480
5,6.500,-0.594,-0.397,-0.468
5,6.600,-0.626,-0.386,-0.455
5,6.700,-0.656,-0.372,-0.439
5,6.800,-0.685,-0.357,-0.420
5,6.900,-0.711,-0.340,-0.400
5,7.000,-0.735,-0.322,-0.379
5,7.100,-0.758,-0.302,-0.356
5,7.200,-0.778,-0.281,-0.332
5,7.300,-0.795,-0.258,-0.307
5,7.400,-0.811,-0.235,-0.281
5,7.500,-0.824,-0.211,-0.255
5,7.600,-0.835,-0.186,-0.228
5,7.700,-0.843,-0.160,-0.202
5,7.800,-0.849,-0.134,-0.176
5,7.900,-0.852,-0.108,-0.150
5,8.000,-0.854,-0.082,-0.124
5,0.100,-0.834,-0.081,-0.132
5,0.200,-0.814,-0.080,-0.139
5,0.300,-0.794,-0.080,-0.146
5,0.400,-0.774,-0.079,-0.152
5,0.500,-0.753,-0.078,-0.157
5,0.600,-0.732,-0.077,-0.163
5,0.700,-0.711,-0.076,-0.168
5,0.800,-0.690,-0.075,-0.172
5,0.900,-0.668,-0.074,-0.176
5,1.000,-0.646,-0.074,-0.180
5,1.100,-0.624,-0.073,-0.183
5,1.200,-0.602,-0.072,-0.186
5,1.300,-0.580,-0.072,-0.188
5,1.400,-0.557,-0.071,-0.190
5,1.500,-0.535,-0.071,-0.191
5,1.600,-0.512,-0.070,-0.193
5,1.700,-0.489,-0.070,-0.193
5,1.800,-0.467,-0.070,-0.194
5,1.900,-0.444,-0.070,-0.194
5,2.000,-0.421,-0.070,-0.194
5,2.100,-0.399,-0.070,-0.193
5,2.200,-0.376,-0.071,-0.192
5,2.300,-0.353,-0.071,-0.190
5,2.400,-0.331,-0.071,-0.188
5,2.500,-0.308,-0.072,-0.186
5,2.600,-0.286,-0.073,-0.183
5,2.700,-0.264,-0.073,-0.180
5,2.800,-0.242,-0.074,-0.176
5,2.900,-0.221,-0.075,-0.173
5,3.000,-0.199,-0.076,-0.168
5,3.100,-0.178,-0.077,-0.163
5,3.200,-0.157,-0.078,-0.158
5,3.300,-0.136,-0.079,-0.153
5,3.400,-0.116,-0.079,-0.146
5,3.500,-0.096,-0.080,-0.140
5,3.600,-0.076,-0.081,-0.133
5,3.700,-0.057,-0.082,-0.125
5,3.800,-0.037,-0.082,-0.118
5,3.900,-0.019,-0.083,-0.109
5,4.000,-0.000,-0.083,-0.100
5,4.100,-0.001,-0.109,-0.126
5,4.200,-0.005,-0.136,-0.152
5,4.300,-0.010,-0.162,-0.178
5,4.400,-0.018,-0.187,-0.205
5,4.500,-0.028,-0.212,-0.232
5,4.600,-0.041,-0.236,-0.259
5,4.700,-0.056,-0.260,-0.286
5,4.800,-0.073,-0.282,-0.312
5,4.900,-0.092,-0.303,-0.337
5,5.000,-0.113,-0.323,-0.361
5,5.100,-0.137,-0.342,-0.384
5,5.200,-0.162,-0.359,-0.406
5,5.300,-0.190,-0.374,-0.426
5,5.400,-0.219,-0.387,-0.443
5,5.500,-0.250,-0.399,-0.459
5,5.600,-0.282,-0.408,-0.472
5,5.700,-0.316,-0.415,-0.483
5,5.800,-0.350,-0.421,-0.491
5,5.900,-0.386,-0.424,-0.496
5,6.000,-0.421,-0.425,-0.498
