5,4.000,-0.045,0.132,-0.100
5,4.100,-0.045,0.132,-0.098
5,4.200,-0.044,0.132,-0.097
5,4.300,-0.044,0.131,-0.095
5,4.400,-0.043,0.131,-0.094
5,4.500,-0.042,0.130,-0.092
5,4.600,-0.041,0.130,-0.091
5,4.700,-0.039,0.129,-0.090
5,4.800,-0.037,0.128,-0.088
5,4.900,-0.035,0.127,-0.087
5,5.000,-0.033,0.126,-0.086
5,5.100,-0.031,0.125,-0.085
5,5.200,-0.028,0.124,-0.084
5,5.300,-0.026,0.122,-0.083
5,5.400,-0.023,0.121,-0.082
5,5.500,-0.020,0.120,-0.082
5,5.600,-0.017,0.118,-0.081
5,5.700,-0.014,0.117,-0.081
5,5.800,-0.011,0.115,-0.080
5,5.900,-0.008,0.114,-0.080
5,6.000,-0.004,0.112,-0.080
5,6.100,-0.001,0.111,-0.080
5,6.200,0.002,0.109,-0.080
5,6.300,0.005,0.108,-0.081
5,6.400,0.008,0.106,-0.081
5,6.500,0.011,0.105,-0.082
5,6.600,0.014,0.103,-0.082
5,6.700,0.017,0.102,-0.083
5,6.800,0.019,0.101,-0.084
5,6.900,0.022,0.099,-0.085
5,7.000,0.024,0.098,-0.086
5,7.100,0.026,0.097,-0.087
5,7.200,0.028,0.096,-0.088
5,7.300,0.030,0.095,-0.090
5,7.400,0.032,0.095,-0.091
5,7.500,0.033,0.094,-0.092
5,7.600,0.034,0.093,-0.094
5,7.700,0.035,0.093,-0.095
5,7.800,0.035,0.093,-0.097
5,7.900,0.036,0.093,-0.098
5,8.000,0.036,0.092,-0.100
5,0.100,0.034,0.093,-0.100
5,0.200,0.032,0.094,-0.100
5,0.300,0.030,0.095,-0.100
5,0.400,0.028,0.096,-0.100
5,0.500,0.026,0.097,-0.100
5,0.600,0.024,0.098,-0.100
5,0.700,0.022,0.099,-0.100
5,0.800,0.020,0.100,-0.100
5,0.900,0.018,0.101,-0.100
5,1.000,0.016,0.102,-0.100
5,1.100,0.014,0.103,-0.100
5,1.200,0.012,0.104,-0.100
5,1.300,0.010,0.105,-0.100
5,1.400,0.008,0.106,-0.100
5,1.500,0.006,0.107,-0.100
5,1.600,0.004,0.108,-0.100
5,1.700,0.002,0.109,-0.100
5,1.800,-0.000,0.110,-0.100
5,1.900,-0.002,0.111,-0.100
5,2.000,-0.004,0.112,-0.100
5,2.100,-0.007,0.113,-0.100
5,2.200,-0.009,0.114,-0.100
5,2.300,-0.011,0.115,-0.100
5,2.400,-0.013,0.116,-0.100
5,2.500,-0.015,0.117,-0.100
5,2.600,-0.017,0.118,-0.100
5,2.700,-0.019,0.119,-0.100
5,2.800,-0.021,0.120,-0.100
5,2.900,-0.023,0.121,-0.100
5,3.000,-0.025,0.122,-0.100
5,3.100,-0.027,0.123,-0.100
5,3.200,-0.029,0.124,-0.100
5,3.300,-0.031,0.125,-0.100
5,3.400,-0.033,0.126,-0.100
5,3.500,-0.035,0.127,-0.100
5,3.600,-0.037,0.128,-0.100
5,3.700,-0.039,0.129,-0.100
5,3.800,-0.041,0.130,-0.100
5,3.900,-0.043,0.131,-0.100
5,4.000,-0.045,0.132,-0.100
5,4.100,-0.045,0.132,-0.098
5,4.200,-0.044,0.132,-0.097
5,4.300,-0.044,0.131,-0.095
5,4.400,-0.043,0.131,-0.094
5,4.500,-0.042,0.130,-0.092
5,4.600,-0.041,0.130,-0.091
5,4.700,-0.039,0.129,-0.090
5,4.800,-0.037,0.128,-0.088
5,4.900,-0.035,0.127,-0.087
5,5.000,-0.033,0.126,-0.086
5,5.100,-0.031,0.125,-0.085
5,5.200,-0.028,0.124,-0.084
5,5.300,-0.026,0.122,-0.083
5,5.400,-0.023,0.121,-0.082
5,5.500,-0.020,0.120,-0.082
5,5.600,-0.017,0.118,-0.081
5,5.700,-0.014,0.117,-0.081
5,5.800,-0.011,0.115,-0.080
5,5.900,-0.008,0.114,-0.080
5,6.000,-0.004,0.112,-0.080
5,6.100,-0.001,0.111,-0.080
5,6.200,0.002,0.109,-0.080
5,6.300,0.005,0.108,-0.081
5,6.400,0.008,0.106,-0.081
5,6.500,0.011,0.105,-0.082
5,6.600,0.014,0.103,-0.082
5,6.700,0.017,0.102,-0.083
5,6.800,0.019,0.101,-0.084
5,6.900,0.022,0.099,-0.085
5,7.000,0.024,0.098,-0.086
5,7.100,0.026,0.097,-0.087
5,7.200,0.028,0.096,-0.088
5,7.300,0.030,0.095,-0.090
5,7.400,0.032,0.095,-0.091
5,7.500,0.033,0.094,-0.092
5,7.600,0.034,0.093,-0.094
5,7.700,0.035,0.093,-0.095
5,7.800,0.035,0.093,-0.097
5,7.900,0.036,0.093,-0.098
5,8.000,0.036,0.092,-0.100
5,0.100,0.034,0.093,-0.100
5,0.200,0.032,0.094,-0.100
5,0.300,0.030,0.095,-0.100
5,0.400,0.028,0.096,-0.100
5,0.500,0.026,0.097,-0.100
5,0.600,0.024,0.098,-0.100
5,0.700,0.022,0.099,-0.100
5,0.800,0.020,0.100,-0.100
5,0.900,0.018,0.101,-0.100
5,1.000,0.016,0.102,-0.100
5,1.100,0.014,0.103,-0.100
5,1.200,0.012,0.104,-0.100
5,1.300,0.010,0.105,-0.100
5,1.400,0.008,0.106,-0.100
5,1.500,0.006,0.107,-0.100
5,1.600,0.004,0.108,-0.100
5,1.700,0.002,0.109,-0.100
5,1.800,-0.000,0.110,-0.100
5,1.900,-0.002,0.111,-0.100
5,2.000,-0.004,0.112,-0.100
5,2.100,-0.007,0.113,-0.100
5,2.200,-0.009,0.114,-0.100
5,2.300,-0.011,0.115,-0.100
5,2.400,-0.013,0.116,-0.100
5,2.500,-0.015,0.117,-0.100
5,2.600,-0.017,0.118,-0.100
5,2.700,-0.019,0.119,-0.100
5,2.800,-0.021,0.120,-0.100
5,2.900,-0.023,0.121,-0.100
5,3.000,-0.025,0.122,-0.100
5,3.100,-0.027,0.123,-0.100
5,3.200,-0.029,0.124,-0.100
5,3.300,-0.031,0.125,-0.100
5,3.400,-0.033,0.126,-0.100
5,3.500,-0.035,0.127,-0.100
5,3.600,-0.037,0.128,-0.100
5,3.700,-0.039,0.129,-0.100
5,3.800,-0.041,0.130,-0.100
5,3.900,-0.043,0.131,-0.100
5,4.000,-0.045,0.132,-0.100
5,4.100,-0.045,0.132,-0.098
5,4.200,-0.044,0.132,-0.097
5,4.300,-0.044,0.131,-0.095
5,4.400,-0.043,0.131,-0.094
5,4.500,-0.042,0.130,-0.092
5,4.600,-0.041,0.130,-0.091
5,4.700,-0.039,0.129,-0.090
5,4.800,-0.037,0.128,-0.088
5,4.900,-0.035,0.127,-0.087
5,5.000,-0.033,0.126,-0.086
5,5.100,-0.031,0.125,-0.085
5,5.200,-0.028,0.124,-0.084
5,5.300,-0.026,0.122,-0.083
5,5.400,-0.023,0.121,-0.082
5,5.500,-0.020,0.120,-0.082
5,5.600,-0.017,0.118,-0.081
5,5.700,-0.014,0.117,-0.081
5,5.800,-0.011,0.115,-0.080
5,5.900,-0.008,0.114,-0.080
5,6.000,-0.004,0.112,-0.080
5,6.100,-0.001,0.111,-0.080
5,6.200,0.002,0.109,-0.080
5,6.300,0.005,0.108,-0.081
5,6.400,0.008,0.106,-0.081
5,6.500,0.011,0.105,-0.082
5,6.600,0.014,0.103,-0.082
5,6.700,0.017,0.102,-0.083
5,6.800,0.019,0.101,-0.084
5,6.900,0.022,0.099,-0.085
5,7.000,0.024,0.098,-0.086
5,7.100,0.026,0.097,-0.087
5,7.200,0.028,0.096,-0.088
5,7.300,0.030,0.095,-0.090
5,7.400,0.032,0.095,-0.091
5,7.500,0.033,0.094,-0.092
5,7.600,0.034,0.093,-0.094
5,7.700,0.035,0.093,-0.095
5,7.800,0.035,0.093,-0.097
5,7.900,0.036,0.093,-0.098
5,8.000,0.036,0.092,-0.100
5,0.100,0.034,0.093,-0.100
5,0.200,0.032,0.094,-0.100
5,0.300,0.030,0.095,-0.100
5,0.400,0.028,0.096,-0.100
5,0.500,0.026,0.097,-0.100
5,0.600,0.024,0.098,-0.100
5,0.700,0.022,0.099,-0.100
5,0.800,0.020,0.100,-0.100
5,0.900,0.018,0.101,-0.100
5,1.000,0.016,0.102,-0.100
5,1.100,0.014,0.103,-0.100
5,1.200,0.012,0.104,-0.100
5,1.300,0.010,0.105,-0.100
5,1.400,0.008,0.106,-0.100
5,1.500,0.006,0.107,-0.100
5,1.600,0.004,0.108,-0.100
5,1.700,0.002,0.109,-0.100
5,1.800,-0.000,0.110,-0.100
5,1.900,-0.002,0.111,-0.100
5,2.000,-0.004,0.112,-0.100
5,2.100,-0.007,0.113,-0.100
5,2.200,-0.009,0.114,-0.100
5,2.300,-0.011,0.115,-0.100
5,2.400,-0.013,0.116,-0.100
5,2.500,-0.015,0.117,-0.100
5,2.600,-0.017,0.118,-0.100
5,2.700,-0.019,0.119,-0.100
5,2.800,-0.021,0.120,-0.100
5,2.900,-0.023,0.121,-0.100
5,3.000,-0.025,0.122,-0.100
5,3.100,-0.027,0.123,-0.100
5,3.200,-0.029,0.124,-0.100
5,3.300,-0.031,0.125,-0.100
5,3.400,-0.033,0.126,-0.100
5,3.500,-0.035,0.127,-0.100
5,3.600,-0.037,0.128,-0.100
5,3.700,-0.039,0.129,-0.100
5,3.800,-0.041,0.130,-0.100
5,3.900,-0.043,0.131,-0.100
5,4.000,-0.045,0.132,-0.100
5,4.100,-0.045,0.132,-0.098
5,4.200,-0.044,0.132,-0.097
5,4.300,-0.044,0.131,-0.095
5,4.400,-0.043,0.131,-0.094
5,4.500,-0.042,0.130,-0.092
5,4.600,-0.041,0.130,-0.091
5,4.700,-0.039,0.129,-0.090
5,4.800,-0.037,0.128,-0.088
5,4.900,-0.035,0.127,-0.087
5,5.000,-0.033,0.126,-0.086
5,5.100,-0.031,0.125,-0.085
5,5.200,-0.028,0.124,-0.084
5,5.300,-0.026,0.122,-0.083
5,5.400,-0.023,0.121,-0.082
5,5.500,-0.020,0.120,-0.082
5,5.600,-0.017,0.118,-0.081
5,5.700,-0.014,0.117,-0.081
5,5.800,-0.011,0.115,-0.080
5,5.900,-0.008,0.114,-0.080
5,6.000,-0.004,0.112,-0.080
5,6.100,-0.001,0.111,-0.080
5,6.200,0.002,0.109,-0.080
5,6.300,0.005,0.108,-0.081
5,6.400,0.008,0.106,-0.081
5,6.500,0.011,0.105,-0.082
5,6.600,0.014,0.103,-0.082
5,6.700,0.017,0.102,-0.083
5,6.800,0.019,0.101,-0.084
5,6.900,0.022,0.099,-0.085
5,7.000,0.024,0.098,-0.086
5,7.100,0.026,0.097,-0.087
5,7.200,0.028,0.096,-0.088
5,7.300,0.030,0.095,-0.090
5,7.400,0.032,0.095,-0.091
5,7.500,0.033,0.094,-0.092
5,7.600,0.034,0.093,-0.094
5,7.700,0.035,0.093,-0.095
5,7.800,0.035,0.093,-0.097
5,7.900,0.036,0.093,-0.098
5,8.000,0.036,0.092,-0.100
5,0.100,0.034,0.093,-0.100
5,0.200,0.032,0.094,-0.100
5,0.300,0.030,0.095,-0.100
5,0.400,0.028,0.096,-0.100
5,0.500,0.026,0.097,-0.100
5,0.600,0.024,0.098,-0.100
5,0.700,0.022,0.099,-0.100
5,0.800,0.020,0.100,-0.100
5,0.900,0.018,0.101,-0.100
5,1.000,0.016,0.102,-0.100
5,1.100,0.014,0.103,-0.100
5,1.200,0.012,0.104,-0.100
5,1.300,0.010,0.105,-0.100
5,1.400,0.008,0.106,-0.100
5,1.500,0.006,0.107,-0.100
5,1.600,0.004,0.108,-0.100
5,1.700,0.002,0.109,-0.100
5,1.800,-0.000,0.110,-0.100
5,1.900,-0.002,0.111,-0.100
5,2.000,-0.004,0.112,-0.100
5,2.100,-0.007,0.113,-0.100
5,2.200,-0.009,0.114,-0.100
5,2.300,-0.011,0.115,-0.100
5,2.400,-0.013,0.116,-0.100
5,2.500,-0.015,0.117,-0.100
5,2.600,-0.017,0.118,-0.100
5,2.700,-0.019,0.119,-0.100
5,2.800,-0.021,0.120,-0.100
5,2.900,-0.023,0.121,-0.100
5,3.000,-0.025,0.122,-0.100
5,3.100,-0.027,0.123,-0.100
5,3.200,-0.029,0.124,-0.100
5,3.300,-0.031,0.125,-0.100
5,3.400,-0.033,0.126,-0.100
5,3.500,-0.035,0.127,-0.100
5,3.600,-0.037,0.128,-0.100
5,3.700,-0.039,0.129,-0.100
5,3.800,-0.041,0.130,-0.100
5,3.900,-0.043,0.131,-0.100
5,4.000,-0.045,0.132,-0.100
5,4.100,-0.045,0.132,-0.098
5,4.200,-0.044,0.132,-0.097
5,4.300,-0.044,0.131,-0.095
5,4.400,-0.043,0.131,-0.094
5,4.500,-0.042,0.130,-0.092
5,4.600,-0.041,0.130,-0.091
5,4.700,-0.039,0.129,-0.090
5,4.800,-0.037,0.128,-0.088
5,4.900,-0.035,0.127,-0.087
5,5.000,-0.033,0.126,-0.086
5,5.100,-0.031,0.125,-0.085
5,5.200,-0.028,0.124,-0.084
5,5.300,-0.026,0.122,-0.083
5,5.400,-0.023,0.121,-0.082
5,5.500,-0.020,0.120,-0.082
5,5.600,-0.017,0.118,-0.081
5,5.700,-0.014,0.117,-0.081
5,5.800,-0.011,0.115,-0.080
5,5.900,-0.008,0.114,-0.080
5,6.000,-0.004,0.112,-0.080
5,6.100,-0.001,0.111,-0.080
5,6.200,0.002,0.109,-0.080
5,6.300,0.005,0.108,-0.081
5,6.400,0.008,0.106,-0.081
5,6.500,0.011,0.105,-0.082
5,6.600,0.014,0.103,-0.082
5,6.700,0.017,0.102,-0.083
5,6.800,0.019,0.101,-0.084
5,6.900,0.022,0.099,-0.085
5,7.000,0.024,0.098,-0.086
5,7.100,0.026,0.097,-0.087
5,7.200,0.028,0.096,-0.088
5,7.300,0.030,0.095,-0.090
5,7.400,0.032,0.095,-0.091
5,7.500,0.033,0.094,-0.092
5,7.600,0.034,0.093,-0.094
5,7.700,0.035,0.093,-0.095
5,7.800,0.035,0.093,-0.097
5,7.900,0.036,0.093,-0.098
5,8.000,0.036,0.092,-0.100
5,0.100,0.034,0.093,-0.100
5,0.200,0.032,0.094,-0.100
5,0.300,0.030,0.095,-0.100
5,0.400,0.028,0.096,-0.100
5,0.500,0.026,0.097,-0.100
5,0.600,0.024,0.098,-0.100
5,0.700,0.022,0.099,-0.100
5,0.800,0.020,0.100,-0.100
5,0.900,0.018,0.101,-0.100
5,1.000,0.016,0.102,-0.100
5,1.100,0.014,0.103,-0.100
5,1.200,0.012,0.104,-0.100
5,1.300,0.010,0.105,-0.100
5,1.400,0.008,0.106,-0.100
5,1.500,0.006,0.107,-0.100
5,1.600,0.004,0.108,-0.100
5,1.700,0.002,0.109,-0.100
5,1.800,-0.000,0.110,-0.100
5,1.900,-0.002,0.111,-0.100
5,2.000,-0.004,0.112,-0.100
5,2.100,-0.007,0.113,-0.100
5,2.200,-0.009,0.114,-0.100
5,2.300,-0.011,0.115,-0.100
5,2.400,-0.013,0.116,-0.100
5,2.500,-0.015,0.117,-0.100
5,2.600,-0.017,0.118,-0.100
5,3.811,-0.003,0.112,-0.083
5,3.911,-0.000,0.110,-0.082
5,4.011,0.003,0.109,-0.081
5,4.111,0.006,0.107,-0.081
5,4.211,0.009,0.106,-0.080
5,4.311,0.012,0.104,-0.080
5,4.411,0.015,0.103,-0.080
5,4.511,0.018,0.101,-0.080
5,4.611,0.021,0.100,-0.081
5,4.711,0.024,0.098,-0.082
5,4.811,0.027,0.097,-0.083
5,4.911,0.030,0.095,-0.084
5,5.011,0.032,0.094,-0.085
5,5.111,0.034,0.093,-0.087
5,5.211,0.036,0.092,-0.088
5,5.311,0.038,0.091,-0.090
5,5.411,0.040,0.091,-0.092
5,5.511,0.041,0.090,-0.094
5,5.611,0.041,0.090,-0.096
5,5.711,0.042,0.090,-0.099
5,0.033,0.041,0.090,-0.100
5,0.133,0.039,0.091,-0.100
5,0.233,0.037,0.092,-0.100
5,5.000,0.049,0.086,-0.086
5,5.100,0.051,0.085,-0.085
5,5.200,0.054,0.084,-0.084
5,5.300,0.056,0.082,-0.083
5,5.400,0.059,0.081,-0.082
5,5.500,0.062,0.080,-0.082
5,5.600,0.065,0.078,-0.081
5,5.700,0.068,0.077,-0.081
5,5.800,0.071,0.075,-0.080
5,5.900,0.074,0.074,-0.080
5,6.000,0.078,0.072,-0.080
5,6.100,0.081,0.071,-0.080
5,6.200,0.084,0.069,-0.080
5,6.300,0.087,0.068,-0.081
5,6.400,0.090,0.066,-0.081
5,6.500,0.093,0.065,-0.082
5,6.600,0.096,0.063,-0.082
5,6.700,0.099,0.062,-0.083
5,6.800,0.101,0.061,-0.084
5,6.900,0.104,0.059,-0.085
5,7.000,0.106,0.058,-0.086
5,7.100,0.108,0.057,-0.087
5,7.200,0.110,0.056,-0.088
5,7.300,0.112,0.055,-0.090
5,7.400,0.114,0.055,-0.091
5,7.500,0.115,0.054,-0.092
5,7.600,0.116,0.053,-0.094
5,7.700,0.117,0.053,-0.095
5,7.800,0.117,0.053,-0.097
5,7.900,0.118,0.053,-0.098
5,0.000,0.118,0.052,-0.100
5,0.100,0.116,0.053,-0.100
5,0.200,0.114,0.054,-0.100
5,0.300,0.112,0.055,-0.100
5,0.400,0.110,0.056,-0.100
5,0.500,0.108,0.057,-0.100
5,0.600,0.106,0.058,-0.100
5,0.700,0.104,0.059,-0.100
5,0.800,0.102,0.060,-0.100
5,0.900,0.100,0.061,-0.100
5,1.000,0.098,0.062,-0.100
5,1.100,0.096,0.063,-0.100
5,1.200,0.094,0.064,-0.100
5,1.300,0.092,0.065,-0.100
5,1.400,0.090,0.066,-0.100
5,1.500,0.088,0.067,-0.100
5,1.600,0.086,0.068,-0.100
5,1.700,0.084,0.069,-0.100
5,1.800,0.082,0.070,-0.100
5,1.900,0.080,0.071,-0.100
5,2.000,0.078,0.072,-0.100
5,2.100,0.075,0.073,-0.100
5,2.200,0.073,0.074,-0.100
5,2.300,0.071,0.075,-0.100
5,2.400,0.069,0.076,-0.100
5,2.500,0.067,0.077,-0.100
5,2.600,0.065,0.078,-0.100
5,2.700,0.063,0.079,-0.100
