0.400,4.000,0.043,0.135,-0.100
0.400,4.100,0.043,0.135,-0.098
0.450,4.200,0.043,0.135,-0.097
0.500,4.300,0.042,0.134,-0.095
0.550,4.400,0.041,0.134,-0.094
0.650,4.500,0.040,0.133,-0.092
0.700,4.600,0.039,0.133,-0.091
0.750,4.700,0.038,0.132,-0.090
0.750,4.800,0.036,0.131,-0.088
0.800,4.900,0.034,0.130,-0.087
0.850,5.000,0.032,0.128,-0.086
0.950,5.100,0.030,0.127,-0.085
1.000,5.200,0.027,0.126,-0.084
1.050,5.300,0.025,0.124,-0.083
1.100,5.400,0.022,0.123,-0.082
1.100,5.500,0.019,0.121,-0.082
1.150,5.600,0.016,0.119,-0.081
1.200,5.700,0.013,0.118,-0.081
1.250,5.800,0.010,0.116,-0.080
1.300,5.900,0.007,0.114,-0.080
1.350,6.000,0.004,0.113,-0.080
1.400,6.100,0.001,0.111,-0.080
1.400,6.200,-0.002,0.109,-0.080
1.450,6.300,-0.005,0.107,-0.081
1.450,6.400,-0.008,0.106,-0.081
1.500,6.500,-0.011,0.104,-0.082
1.550,6.600,-0.013,0.102,-0.082
1.600,6.700,-0.016,0.101,-0.083
1.650,6.800,-0.019,0.099,-0.084
1.700,6.900,-0.021,0.098,-0.085
1.700,7.000,-0.023,0.097,-0.086
1.750,7.100,-0.025,0.095,-0.087
1.750,7.200,-0.027,0.094,-0.088
1.800,7.300,-0.029,0.093,-0.090
1.850,7.400,-0.030,0.092,-0.091
1.900,7.500,-0.032,0.092,-0.092
1.950,7.600,-0.033,0.091,-0.094
2.000,7.700,-0.034,0.091,-0.095
2.050,7.800,-0.034,0.090,-0.097
2.100,7.900,-0.035,0.090,-0.098
2.150,8.000,-0.035,0.090,-0.100
2.200,0.100,-0.033,0.091,-0.100
2.250,0.200,-0.031,0.092,-0.100
2.250,0.300,-0.029,0.093,-0.100
2.300,0.400,-0.027,0.094,-0.100
2.350,0.500,-0.025,0.096,-0.100
2.350,0.600,-0.023,0.097,-0.100
2.400,0.700,-0.021,0.098,-0.100
2.400,0.800,-0.019,0.099,-0.100
2.450,0.900,-0.017,0.100,-0.100
2.500,1.000,-0.015,0.101,-0.100
2.500,1.100,-0.013,0.102,-0.100
2.550,1.200,-0.011,0.103,-0.100
2.550,1.300,-0.009,0.105,-0.100
2.600,1.400,-0.007,0.106,-0.100
2.600,1.500,-0.005,0.107,-0.100
2.650,1.600,-0.003,0.108,-0.100
2.700,1.700,-0.002,0.109,-0.100
2.750,1.800,0.000,0.110,-0.100
2.800,1.900,0.002,0.111,-0.100
2.800,2.000,0.004,0.112,-0.100
2.850,2.100,0.006,0.114,-0.100
2.900,2.200,0.008,0.115,-0.100
2.900,2.300,0.010,0.116,-0.100
2.950,2.400,0.012,0.117,-0.100
2.950,2.500,0.014,0.118,-0.100
3.000,2.600,0.016,0.119,-0.100
3.050,2.700,0.018,0.120,-0.100
3.050,2.800,0.020,0.121,-0.100
3.100,2.900,0.022,0.123,-0.100
3.100,3.000,0.024,0.124,-0.100
3.150,3.100,0.026,0.125,-0.100
3.150,3.200,0.028,0.126,-0.100
3.200,3.300,0.030,0.127,-0.100
3.250,3.400,0.032,0.128,-0.100
3.250,3.500,0.034,0.129,-0.100
3.300,3.600,0.036,0.130,-0.100
3.350,3.700,0.037,0.132,-0.100
3.350,3.800,0.039,0.133,-0.100
3.400,3.900,0.041,0.134,-0.100
3.450,4.000,0.043,0.135,-0.100
3.500,4.100,0.043,0.135,-0.098
3.500,4.200,0.043,0.135,-0.097
3.550,4.300,0.042,0.134,-0.095
3.600,4.400,0.041,0.134,-0.094
3.600,4.500,0.040,0.133,-0.092
3.650,4.600,0.039,0.133,-0.091
3.650,4.700,0.038,0.132,-0.090
3.750,4.800,0.036,0.131,-0.088
3.800,4.900,0.034,0.130,-0.087
3.800,5.000,0.032,0.128,-0.086
3.850,5.100,0.030,0.127,-0.085
3.900,5.200,0.027,0.126,-0.084
3.900,5.300,0.025,0.124,-0.083
3.950,5.400,0.022,0.123,-0.082
4.000,5.500,0.019,0.121,-0.082
4.000,5.600,0.016,0.119,-0.081
4.050,5.700,0.013,0.118,-0.081
4.100,5.800,0.010,0.116,-0.080
4.100,5.900,0.007,0.114,-0.080
4.150,6.000,0.004,0.113,-0.080
4.200,6.100,0.001,0.111,-0.080
4.200,6.200,-0.002,0.109,-0.080
4.250,6.300,-0.005,0.107,-0.081
4.300,6.400,-0.008,0.106,-0.081
4.350,6.500,-0.011,0.104,-0.082
4.400,6.600,-0.013,0.102,-0.082
4.450,6.700,-0.016,0.101,-0.083
4.500,6.800,-0.019,0.099,-0.084
4.550,6.900,-0.021,0.098,-0.085
4.550,7.000,-0.023,0.097,-0.086
4.600,7.100,-0.025,0.095,-0.087
4.650,7.200,-0.027,0.094,-0.088
4.700,7.300,-0.029,0.093,-0.090
4.700,7.400,-0.030,0.092,-0.091
4.700,7.500,-0.032,0.092,-0.092
4.750,7.600,-0.033,0.091,-0.094
4.750,7.700,-0.034,0.091,-0.095
4.800,7.800,-0.034,0.090,-0.097
4.850,7.900,-0.035,0.090,-0.098
4.850,8.000,-0.035,0.090,-0.100
4.900,0.100,-0.033,0.091,-0.100
5.000,0.200,-0.031,0.092,-0.100
5.000,0.300,-0.029,0.093,-0.100
5.000,0.400,-0.027,0.094,-0.100
5.050,0.500,-0.025,0.096,-0.100
5.100,0.600,-0.023,0.097,-0.100
5.100,0.700,-0.021,0.098,-0.100
5.150,0.800,-0.019,0.099,-0.100
5.150,0.900,-0.017,0.100,-0.100
5.200,1.000,-0.015,0.101,-0.100
5.250,1.100,-0.013,0.102,-0.100
5.300,1.200,-0.011,0.103,-0.100
5.300,1.300,-0.009,0.105,-0.100
5.350,1.400,-0.007,0.106,-0.100
5.400,1.500,-0.005,0.107,-0.100
5.400,1.600,-0.003,0.108,-0.100
5.450,1.700,-0.002,0.109,-0.100
5.500,1.800,0.000,0.110,-0.100
5.500,1.900,0.002,0.111,-0.100
5.550,2.000,0.004,0.112,-0.100
5.550,2.100,0.006,0.114,-0.100
5.600,2.200,0.008,0.115,-0.100
5.650,2.300,0.010,0.116,-0.100
5.700,2.400,0.012,0.117,-0.100
5.750,2.500,0.014,0.118,-0.100
5.800,2.600,0.016,0.119,-0.100
5.850,2.700,0.018,0.120,-0.100
5.850,2.800,0.020,0.121,-0.100
5.850,2.900,0.022,0.123,-0.100
5.900,3.000,0.024,0.124,-0.100
5.950,3.100,0.026,0.125,-0.100
5.950,3.200,0.028,0.126,-0.100
6.000,3.300,0.030,0.127,-0.100
6.050,3.400,0.032,0.128,-0.100
6.050,3.500,0.034,0.129,-0.100
6.100,3.600,0.036,0.130,-0.100
6.150,3.700,0.037,0.132,-0.100
6.150,3.800,0.039,0.133,-0.100
6.200,3.900,0.041,0.134,-0.100
6.250,4.000,0.043,0.135,-0.100
6.250,4.100,0.043,0.135,-0.098
6.300,4.200,0.043,0.135,-0.097
6.350,4.300,0.042,0.134,-0.095
6.350,4.400,0.041,0.134,-0.094
6.400,4.500,0.040,0.133,-0.092
6.450,4.600,0.039,0.133,-0.091
6.500,4.700,0.038,0.132,-0.090
6.550,4.800,0.036,0.131,-0.088
6.600,4.900,0.034,0.130,-0.087
6.650,5.000,0.032,0.128,-0.086
6.700,5.100,0.030,0.127,-0.085
6.700,5.200,0.027,0.126,-0.084
6.800,5.300,0.025,0.124,-0.083
6.850,5.400,0.022,0.123,-0.082
6.850,5.500,0.019,0.121,-0.082
6.950,5.600,0.016,0.119,-0.081
7.000,5.700,0.013,0.118,-0.081
7.050,5.800,0.010,0.116,-0.080
7.100,5.900,0.007,0.114,-0.080
7.150,6.000,0.004,0.113,-0.080
7.200,6.100,0.001,0.111,-0.080
7.250,6.200,-0.002,0.109,-0.080
7.300,6.300,-0.005,0.107,-0.081
7.350,6.400,-0.008,0.106,-0.081
7.400,6.500,-0.011,0.104,-0.082
7.450,6.600,-0.013,0.102,-0.082
7.500,6.700,-0.016,0.101,-0.083
7.550,6.800,-0.019,0.099,-0.084
7.600,6.900,-0.021,0.098,-0.085
7.650,7.000,-0.023,0.097,-0.086
7.650,7.100,-0.025,0.095,-0.087
7.700,7.200,-0.027,0.094,-0.088
7.700,7.300,-0.029,0.093,-0.090
7.750,7.400,-0.030,0.092,-0.091
7.750,7.500,-0.032,0.092,-0.092
7.800,7.600,-0.033,0.091,-0.094
7.850,7.700,-0.034,0.091,-0.095
7.900,7.800,-0.034,0.090,-0.097
7.900,7.900,-0.035,0.090,-0.098
7.950,8.000,-0.035,0.090,-0.100
7.950,0.100,-0.033,0.091,-0.100
8.050,0.200,-0.031,0.092,-0.100
8.050,0.300,-0.029,0.093,-0.100
8.050,0.400,-0.027,0.094,-0.100
8.100,0.500,-0.025,0.096,-0.100
8.100,0.600,-0.023,0.097,-0.100
8.150,0.700,-0.021,0.098,-0.100
8.200,0.800,-0.019,0.099,-0.100
8.250,0.900,-0.017,0.100,-0.100
8.300,1.000,-0.015,0.101,-0.100
8.300,1.100,-0.013,0.102,-0.100
8.350,1.200,-0.011,0.103,-0.100
8.350,1.300,-0.009,0.105,-0.100
8.400,1.400,-0.007,0.106,-0.100
8.400,1.500,-0.005,0.107,-0.100
8.450,1.600,-0.003,0.108,-0.100
8.500,1.700,-0.002,0.109,-0.100
8.500,1.800,0.000,0.110,-0.100
8.550,1.900,0.002,0.111,-0.100
8.550,2.000,0.004,0.112,-0.100
8.600,2.100,0.006,0.114,-0.100
8.650,2.200,0.008,0.115,-0.100
8.700,2.300,0.010,0.116,-0.100
8.700,2.400,0.012,0.117,-0.100
8.750,2.500,0.014,0.118,-0.100
8.800,2.600,0.016,0.119,-0.100
8.850,2.700,0.018,0.120,-0.100
8.900,2.800,0.020,0.121,-0.100
8.950,2.900,0.022,0.123,-0.100
8.950,3.000,0.024,0.124,-0.100
9.050,3.100,0.026,0.125,-0.100
9.050,3.200,0.028,0.126,-0.100
9.100,3.300,0.030,0.127,-0.100
9.150,3.400,0.032,0.128,-0.100
9.200,3.500,0.034,0.129,-0.100
9.200,3.600,0.036,0.130,-0.100
9.250,3.700,0.037,0.132,-0.100
9.300,3.800,0.039,0.133,-0.100
9.300,3.900,0.041,0.134,-0.100
9.350,4.000,0.043,0.135,-0.100
9.400,4.100,0.043,0.135,-0.098
9.400,4.200,0.043,0.135,-0.097
9.450,4.300,0.042,0.134,-0.095
9.450,4.400,0.041,0.134,-0.094
9.500,4.500,0.040,0.133,-0.092
9.500,4.600,0.039,0.133,-0.091
9.550,4.700,0.038,0.132,-0.090
9.600,4.800,0.036,0.131,-0.088
9.600,4.900,0.034,0.130,-0.087
9.650,5.000,0.032,0.128,-0.086
9.700,5.100,0.030,0.127,-0.085
9.750,5.200,0.027,0.126,-0.084
9.750,5.300,0.025,0.124,-0.083
9.800,5.400,0.022,0.123,-0.082
9.800,5.500,0.019,0.121,-0.082
9.850,5.600,0.016,0.119,-0.081
9.850,5.700,0.013,0.118,-0.081
9.900,5.800,0.010,0.116,-0.080
9.900,5.900,0.007,0.114,-0.080
9.950,6.000,0.004,0.113,-0.080
9.950,6.100,0.001,0.111,-0.080
10.000,6.200,-0.002,0.109,-0.080
10.000,6.300,-0.005,0.107,-0.081
10.050,6.400,-0.008,0.106,-0.081
10.100,6.500,-0.011,0.104,-0.082
10.150,6.600,-0.013,0.102,-0.082
10.200,6.700,-0.016,0.101,-0.083
10.250,6.800,-0.019,0.099,-0.084
10.300,6.900,-0.021,0.098,-0.085
10.300,7.000,-0.023,0.097,-0.086
10.350,7.100,-0.025,0.095,-0.087
10.350,7.200,-0.027,0.094,-0.088
10.400,7.300,-0.029,0.093,-0.090
10.450,7.400,-0.030,0.092,-0.091
10.450,7.500,-0.032,0.092,-0.092
10.450,7.600,-0.033,0.091,-0.094
10.500,7.700,-0.034,0.091,-0.095
10.550,7.800,-0.034,0.090,-0.097
10.550,7.900,-0.035,0.090,-0.098
10.600,8.000,-0.035,0.090,-0.100
10.600,0.100,-0.033,0.091,-0.100
10.700,0.200,-0.031,0.092,-0.100
10.700,0.300,-0.029,0.093,-0.100
10.700,0.400,-0.027,0.094,-0.100
10.700,0.500,-0.025,0.096,-0.100
10.750,0.600,-0.023,0.097,-0.100
10.800,0.700,-0.021,0.098,-0.100
10.800,0.800,-0.019,0.099,-0.100
10.850,0.900,-0.017,0.100,-0.100
10.850,1.000,-0.015,0.101,-0.100
10.900,1.100,-0.013,0.102,-0.100
10.950,1.200,-0.011,0.103,-0.100
11.000,1.300,-0.009,0.105,-0.100
11.050,1.400,-0.007,0.106,-0.100
11.100,1.500,-0.005,0.107,-0.100
11.150,1.600,-0.003,0.108,-0.100
11.200,1.700,-0.002,0.109,-0.100
11.250,1.800,0.000,0.110,-0.100
11.250,1.900,0.002,0.111,-0.100
11.300,2.000,0.004,0.112,-0.100
11.350,2.100,0.006,0.114,-0.100
11.350,2.200,0.008,0.115,-0.100
11.400,2.300,0.010,0.116,-0.100
11.400,2.400,0.012,0.117,-0.100
11.450,2.500,0.014,0.118,-0.100
11.500,2.600,0.016,0.119,-0.100
11.550,2.700,0.018,0.120,-0.100
11.600,2.800,0.020,0.121,-0.100
11.600,2.900,0.022,0.123,-0.100
11.650,3.000,0.024,0.124,-0.100
11.650,3.100,0.026,0.125,-0.100
11.700,3.200,0.028,0.126,-0.100
11.750,3.300,0.030,0.127,-0.100
11.750,3.400,0.032,0.128,-0.100
11.800,3.500,0.034,0.129,-0.100
11.800,3.600,0.036,0.130,-0.100
11.850,3.700,0.037,0.132,-0.100
11.850,3.800,0.039,0.133,-0.100
11.900,3.900,0.041,0.134,-0.100
11.950,4.000,0.043,0.135,-0.100
12.000,4.100,0.043,0.135,-0.098
12.000,4.200,0.043,0.135,-0.097
12.050,4.300,0.042,0.134,-0.095
12.100,4.400,0.041,0.134,-0.094
12.100,4.500,0.040,0.133,-0.092
12.150,4.600,0.039,0.133,-0.091
12.150,4.700,0.038,0.132,-0.090
12.200,4.800,0.036,0.131,-0.088
12.250,4.900,0.034,0.130,-0.087
12.250,5.000,0.032,0.128,-0.086
12.300,5.100,0.030,0.127,-0.085
12.300,5.200,0.027,0.126,-0.084
12.350,5.300,0.025,0.124,-0.083
12.350,5.400,0.022,0.123,-0.082
12.400,5.500,0.019,0.121,-0.082
12.450,5.600,0.016,0.119,-0.081
12.450,5.700,0.013,0.118,-0.081
12.500,5.800,0.010,0.116,-0.080
12.550,5.900,0.007,0.114,-0.080
12.600,6.000,0.004,0.113,-0.080
12.650,6.100,0.001,0.111,-0.080
12.700,6.200,-0.002,0.109,-0.080
12.700,6.300,-0.005,0.107,-0.081
12.800,6.400,-0.008,0.106,-0.081
12.850,6.500,-0.011,0.104,-0.082
12.900,6.600,-0.013,0.102,-0.082
12.950,6.700,-0.016,0.101,-0.083
13.000,6.800,-0.019,0.099,-0.084
13.000,6.900,-0.021,0.098,-0.085
13.000,7.000,-0.023,0.097,-0.086
13.050,7.100,-0.025,0.095,-0.087
13.050,7.200,-0.027,0.094,-0.088
13.100,7.300,-0.029,0.093,-0.090
13.150,7.400,-0.030,0.092,-0.091
13.200,7.500,-0.032,0.092,-0.092
13.200,7.600,-0.033,0.091,-0.094
13.250,7.700,-0.034,0.091,-0.095
13.250,7.800,-0.034,0.090,-0.097
13.300,7.900,-0.035,0.090,-0.098
13.300,8.000,-0.035,0.090,-0.100
13.350,0.100,-0.033,0.091,-0.100
13.400,0.200,-0.031,0.092,-0.100
13.400,0.300,-0.029,0.093,-0.100
13.400,0.400,-0.027,0.094,-0.100
13.450,0.500,-0.025,0.096,-0.100
13.450,0.600,-0.023,0.097,-0.100
13.500,0.700,-0.021,0.098,-0.100
13.500,0.800,-0.019,0.099,-0.100
13.550,0.900,-0.017,0.100,-0.100
13.550,1.000,-0.015,0.101,-0.100
13.550,1.100,-0.013,0.102,-0.100
13.600,1.200,-0.011,0.103,-0.100
13.650,1.300,-0.009,0.105,-0.100
13.650,1.400,-0.007,0.106,-0.100
13.700,1.500,-0.005,0.107,-0.100
13.700,1.600,-0.003,0.108,-0.100
13.750,1.700,-0.002,0.109,-0.100
13.800,1.800,0.000,0.110,-0.100
13.800,1.900,0.002,0.111,-0.100
13.800,2.000,0.004,0.112,-0.100
13.850,2.100,0.006,0.114,-0.100
13.850,2.200,0.008,0.115,-0.100
13.900,2.300,0.010,0.116,-0.100
13.950,2.400,0.012,0.117,-0.100
13.950,2.500,0.014,0.118,-0.100
14.000,2.600,0.016,0.119,-0.100
14.000,2.700,0.018,0.120,-0.100
14.050,2.800,0.020,0.121,-0.100
14.050,2.900,0.022,0.123,-0.100
14.100,3.000,0.024,0.124,-0.100
14.100,3.100,0.026,0.125,-0.100
14.150,3.200,0.028,0.126,-0.100
14.150,3.300,0.030,0.127,-0.100
14.200,3.400,0.032,0.128,-0.100
14.200,3.500,0.034,0.129,-0.100
14.250,3.600,0.036,0.130,-0.100
14.300,3.700,0.037,0.132,-0.100
14.350,3.800,0.039,0.133,-0.100
14.450,3.900,0.041,0.134,-0.100
14.500,4.000,0.043,0.135,-0.100
14.550,4.100,0.043,0.135,-0.098
14.600,4.200,0.043,0.135,-0.097
14.650,4.300,0.042,0.134,-0.095
14.700,4.400,0.041,0.134,-0.094
14.700,4.500,0.040,0.133,-0.092
14.750,4.600,0.039,0.133,-0.091
14.800,4.700,0.038,0.132,-0.090
14.850,4.800,0.036,0.131,-0.088
14.900,4.900,0.034,0.130,-0.087
14.950,5.000,0.032,0.128,-0.086
15.000,5.100,0.030,0.127,-0.085
15.050,5.200,0.027,0.126,-0.084
15.100,5.300,0.025,0.124,-0.083
15.100,5.400,0.022,0.123,-0.082
15.150,5.500,0.019,0.121,-0.082
15.200,5.600,0.016,0.119,-0.081
15.250,5.700,0.013,0.118,-0.081
15.300,5.800,0.010,0.116,-0.080
15.350,5.900,0.007,0.114,-0.080
15.400,6.000,0.004,0.113,-0.080
15.450,6.100,0.001,0.111,-0.080
15.500,6.200,-0.002,0.109,-0.080
15.500,6.300,-0.005,0.107,-0.081
15.550,6.400,-0.008,0.106,-0.081
15.550,6.500,-0.011,0.104,-0.082
15.600,6.600,-0.013,0.102,-0.082
15.650,6.700,-0.016,0.101,-0.083
15.700,6.800,-0.019,0.099,-0.084
15.750,6.900,-0.021,0.098,-0.085
15.800,7.000,-0.023,0.097,-0.086
15.800,7.100,-0.025,0.095,-0.087
15.850,7.200,-0.027,0.094,-0.088
15.900,7.300,-0.029,0.093,-0.090
15.900,7.400,-0.030,0.092,-0.091
15.950,7.500,-0.032,0.092,-0.092
16.000,7.600,-0.033,0.091,-0.094
16.000,7.700,-0.034,0.091,-0.095
16.050,7.800,-0.034,0.090,-0.097
16.050,7.900,-0.035,0.090,-0.098
16.100,8.000,-0.035,0.090,-0.100
16.150,0.100,-0.033,0.091,-0.100
16.200,0.200,-0.031,0.092,-0.100
16.200,0.300,-0.029,0.093,-0.100
16.200,0.400,-0.027,0.094,-0.100
16.250,0.500,-0.025,0.096,-0.100
16.250,0.600,-0.023,0.097,-0.100
16.300,0.700,-0.021,0.098,-0.100
16.300,0.800,-0.019,0.099,-0.100
16.350,0.900,-0.017,0.100,-0.100
16.400,1.000,-0.015,0.101,-0.100
16.450,1.100,-0.013,0.102,-0.100
16.500,1.200,-0.011,0.103,-0.100
16.550,1.300,-0.009,0.105,-0.100
16.600,1.400,-0.007,0.106,-0.100
16.650,1.500,-0.005,0.107,-0.100
16.650,1.600,-0.003,0.108,-0.100
16.700,1.700,-0.002,0.109,-0.100
16.750,1.800,0.000,0.110,-0.100
16.800,1.900,0.002,0.111,-0.100
16.850,2.000,0.004,0.112,-0.100
16.850,2.100,0.006,0.114,-0.100
16.900,2.200,0.008,0.115,-0.100
16.950,2.300,0.010,0.116,-0.100
17.000,2.400,0.012,0.117,-0.100
17.050,2.500,0.014,0.118,-0.100
17.050,2.600,0.016,0.119,-0.100
17.100,2.700,0.018,0.120,-0.100
17.150,2.800,0.020,0.121,-0.100
17.200,2.900,0.022,0.123,-0.100
17.250,3.000,0.024,0.124,-0.100
17.300,3.100,0.026,0.125,-0.100
17.300,3.200,0.028,0.126,-0.100
17.400,3.300,0.030,0.127,-0.100
17.400,3.400,0.032,0.128,-0.100
17.450,3.500,0.034,0.129,-0.100
17.500,3.600,0.036,0.130,-0.100
17.500,3.700,0.037,0.132,-0.100
17.550,3.800,0.039,0.133,-0.100
17.600,3.900,0.041,0.134,-0.100
17.650,4.000,0.043,0.135,-0.100
17.650,4.100,0.043,0.135,-0.098
17.700,4.200,0.043,0.135,-0.097
17.750,4.300,0.042,0.134,-0.095
17.750,4.400,0.041,0.134,-0.094
17.800,4.500,0.040,0.133,-0.092
17.850,4.600,0.039,0.133,-0.091
17.900,4.700,0.038,0.132,-0.090
17.900,4.800,0.036,0.131,-0.088
17.950,4.900,0.034,0.130,-0.087
18.000,5.000,0.032,0.128,-0.086
18.050,5.100,0.030,0.127,-0.085
18.100,5.200,0.027,0.126,-0.084
18.150,5.300,0.025,0.124,-0.083
18.150,5.400,0.022,0.123,-0.082
18.200,5.500,0.019,0.121,-0.082
18.250,5.600,0.016,0.119,-0.081
18.300,5.700,0.013,0.118,-0.081
18.300,5.800,0.010,0.116,-0.080
18.350,5.900,0.007,0.114,-0.080
18.400,6.000,0.004,0.113,-0.080
18.400,6.100,0.001,0.111,-0.080
18.450,6.200,-0.002,0.109,-0.080
18.500,6.300,-0.005,0.107,-0.081
18.500,6.400,-0.008,0.106,-0.081
18.550,6.500,-0.011,0.104,-0.082
18.600,6.600,-0.013,0.102,-0.082
18.700,6.700,-0.016,0.101,-0.083
18.700,6.800,-0.019,0.099,-0.084
18.750,6.900,-0.021,0.098,-0.085
18.800,7.000,-0.023,0.097,-0.086
18.800,7.100,-0.025,0.095,-0.087
18.850,7.200,-0.027,0.094,-0.088
18.850,7.300,-0.029,0.093,-0.090
18.900,7.400,-0.030,0.092,-0.091
18.950,7.500,-0.032,0.092,-0.092
18.950,7.600,-0.033,0.091,-0.094
19.000,7.700,-0.034,0.091,-0.095
19.050,7.800,-0.034,0.090,-0.097
19.100,7.900,-0.035,0.090,-0.098
19.100,8.000,-0.035,0.090,-0.100
19.150,0.100,-0.033,0.091,-0.100
19.300,0.200,-0.031,0.092,-0.100
19.300,0.300,-0.029,0.093,-0.100
19.300,0.400,-0.027,0.094,-0.100
19.350,0.500,-0.025,0.096,-0.100
19.350,0.600,-0.023,0.097,-0.100
19.400,0.700,-0.021,0.098,-0.100
19.450,0.800,-0.019,0.099,-0.100
19.450,0.900,-0.017,0.100,-0.100
19.450,1.000,-0.015,0.101,-0.100
19.500,1.100,-0.013,0.102,-0.100
19.500,1.200,-0.011,0.103,-0.100
19.550,1.300,-0.009,0.105,-0.100
19.600,1.400,-0.007,0.106,-0.100
19.600,1.500,-0.005,0.107,-0.100
19.650,1.600,-0.003,0.108,-0.100
19.700,1.700,-0.002,0.109,-0.100
19.700,1.800,0.000,0.110,-0.100
19.700,1.900,0.002,0.111,-0.100
19.750,2.000,0.004,0.112,-0.100
19.750,2.100,0.006,0.114,-0.100
19.800,2.200,0.008,0.115,-0.100
19.800,2.300,0.010,0.116,-0.100
19.850,2.400,0.012,0.117,-0.100
19.900,2.500,0.014,0.118,-0.100
19.900,2.600,0.016,0.119,-0.100
19.950,2.700,0.018,0.120,-0.100
20.000,2.800,0.020,0.121,-0.100
20.000,2.900,0.022,0.123,-0.100
20.050,3.000,0.024,0.124,-0.100
20.050,3.100,0.026,0.125,-0.100
20.100,3.200,0.028,0.126,-0.100
20.150,3.300,0.030,0.127,-0.100
20.200,3.400,0.032,0.128,-0.100
20.200,3.500,0.034,0.129,-0.100
20.250,3.600,0.036,0.130,-0.100
20.250,3.700,0.037,0.132,-0.100
20.300,3.800,0.039,0.133,-0.100
20.350,3.900,0.041,0.134,-0.100
20.400,4.000,0.043,0.135,-0.100
20.400,4.100,0.043,0.135,-0.098
20.450,4.200,0.043,0.135,-0.097
20.450,4.300,0.042,0.134,-0.095
20.500,4.400,0.041,0.134,-0.094
20.500,4.500,0.040,0.133,-0.092
20.550,4.600,0.039,0.133,-0.091
20.550,4.700,0.038,0.132,-0.090
20.600,4.800,0.036,0.131,-0.088
20.650,4.900,0.034,0.130,-0.087
20.650,5.000,0.032,0.128,-0.086
20.700,5.100,0.030,0.127,-0.085
20.750,5.200,0.027,0.126,-0.084
20.750,5.300,0.025,0.124,-0.083
20.800,5.400,0.022,0.123,-0.082
20.800,5.500,0.019,0.121,-0.082
20.850,5.600,0.016,0.119,-0.081
20.900,5.700,0.013,0.118,-0.081
20.900,5.800,0.010,0.116,-0.080
20.950,5.900,0.007,0.114,-0.080
21.000,6.000,0.004,0.113,-0.080
21.000,6.100,0.001,0.111,-0.080
21.050,6.200,-0.002,0.109,-0.080
21.100,6.300,-0.005,0.107,-0.081
21.100,6.400,-0.008,0.106,-0.081
21.150,6.500,-0.011,0.104,-0.082
21.250,6.600,-0.013,0.102,-0.082
21.250,6.700,-0.016,0.101,-0.083
21.300,6.800,-0.019,0.099,-0.084
21.350,6.900,-0.021,0.098,-0.085
21.450,7.000,-0.023,0.097,-0.086
21.450,7.100,-0.025,0.095,-0.087
21.550,7.200,-0.027,0.094,-0.088
21.550,7.300,-0.029,0.093,-0.090
21.600,7.400,-0.030,0.092,-0.091
21.600,7.500,-0.032,0.092,-0.092
21.650,7.600,-0.033,0.091,-0.094
21.700,7.700,-0.034,0.091,-0.095
21.750,7.800,-0.034,0.090,-0.097
21.800,7.900,-0.035,0.090,-0.098
21.800,8.000,-0.035,0.090,-0.100
21.850,0.100,-0.033,0.091,-0.100
21.900,0.200,-0.031,0.092,-0.100
21.900,0.300,-0.029,0.093,-0.100
21.950,0.400,-0.027,0.094,-0.100
22.000,0.500,-0.025,0.096,-0.100
22.050,0.600,-0.023,0.097,-0.100
22.100,0.700,-0.021,0.098,-0.100
22.150,0.800,-0.019,0.099,-0.100
22.200,0.900,-0.017,0.100,-0.100
22.250,1.000,-0.015,0.101,-0.100
22.300,1.100,-0.013,0.102,-0.100
22.350,1.200,-0.011,0.103,-0.100
22.400,1.300,-0.009,0.105,-0.100
22.450,1.400,-0.007,0.106,-0.100
22.500,1.500,-0.005,0.107,-0.100
22.500,1.600,-0.003,0.108,-0.100
22.550,1.700,-0.002,0.109,-0.100
22.550,1.800,0.000,0.110,-0.100
22.600,1.900,0.002,0.111,-0.100
22.650,2.000,0.004,0.112,-0.100
22.650,2.100,0.006,0.114,-0.100
22.700,2.200,0.008,0.115,-0.100
22.750,2.300,0.010,0.116,-0.100
22.750,2.400,0.012,0.117,-0.100
22.800,2.500,0.014,0.118,-0.100
22.800,2.600,0.016,0.119,-0.100
22.850,2.700,0.018,0.120,-0.100
22.900,2.800,0.020,0.121,-0.100
22.900,2.900,0.022,0.123,-0.100
22.950,3.000,0.024,0.124,-0.100
23.000,3.100,0.026,0.125,-0.100
23.000,3.200,0.028,0.126,-0.100
23.050,3.300,0.030,0.127,-0.100
23.100,3.400,0.032,0.128,-0.100
23.100,3.500,0.034,0.129,-0.100
23.150,3.600,0.036,0.130,-0.100
23.200,3.700,0.037,0.132,-0.100
23.200,3.800,0.039,0.133,-0.100
23.250,3.900,0.041,0.134,-0.100
23.300,4.000,0.043,0.135,-0.100
23.300,4.100,0.043,0.135,-0.098
23.350,4.200,0.043,0.135,-0.097
23.400,4.300,0.042,0.134,-0.095
23.400,4.400,0.041,0.134,-0.094
23.450,4.500,0.040,0.133,-0.092
23.450,4.600,0.039,0.133,-0.091
23.500,4.700,0.038,0.132,-0.090
23.550,4.800,0.036,0.131,-0.088
23.550,4.900,0.034,0.130,-0.087
23.600,5.000,0.032,0.128,-0.086
23.600,5.100,0.030,0.127,-0.085
23.650,5.200,0.027,0.126,-0.084
23.700,5.300,0.025,0.124,-0.083
23.700,5.400,0.022,0.123,-0.082
23.750,5.500,0.019,0.121,-0.082
23.750,5.600,0.016,0.119,-0.081
23.800,5.700,0.013,0.118,-0.081
23.850,5.800,0.010,0.116,-0.080
23.850,5.900,0.007,0.114,-0.080
23.900,6.000,0.004,0.113,-0.080
23.950,6.100,0.001,0.111,-0.080
23.950,6.200,-0.002,0.109,-0.080
23.950,6.300,-0.005,0.107,-0.081
24.000,6.400,-0.008,0.106,-0.081
24.050,6.500,-0.011,0.104,-0.082
24.100,6.600,-0.013,0.102,-0.082
24.150,6.700,-0.016,0.101,-0.083
24.150,6.800,-0.019,0.099,-0.084
24.200,6.900,-0.021,0.098,-0.085
24.250,7.000,-0.023,0.097,-0.086
24.300,7.100,-0.025,0.095,-0.087
24.300,7.200,-0.027,0.094,-0.088
24.350,7.300,-0.029,0.093,-0.090
24.350,7.400,-0.030,0.092,-0.091
24.450,7.500,-0.032,0.092,-0.092
24.500,7.600,-0.033,0.091,-0.094
24.500,7.700,-0.034,0.091,-0.095
24.550,7.800,-0.034,0.090,-0.097
24.600,7.900,-0.035,0.090,-0.098
24.600,8.000,-0.035,0.090,-0.100
24.700,0.100,-0.033,0.091,-0.100
24.800,0.200,-0.029,0.093,-0.100
24.800,0.300,-0.026,0.095,-0.100
24.800,0.400,-0.023,0.097,-0.100
24.800,0.500,-0.020,0.098,-0.100
24.800,0.600,-0.017,0.100,-0.100
24.850,0.700,-0.014,0.102,-0.100
24.900,0.800,-0.011,0.103,-0.100
24.950,0.900,-0.008,0.105,-0.100
24.950,1.000,-0.005,0.107,-0.100
25.000,1.100,-0.002,0.109,-0.100
25.050,1.200,0.000,0.110,-0.100
25.100,1.300,0.003,0.112,-0.100
25.100,1.400,0.006,0.114,-0.100
25.100,1.500,0.009,0.115,-0.100
25.150,1.600,0.012,0.117,-0.100
25.150,1.700,0.015,0.119,-0.100
25.150,1.800,0.018,0.120,-0.100
25.150,1.900,0.021,0.122,-0.100
25.200,2.000,0.024,0.124,-0.100
25.250,2.100,0.027,0.125,-0.100
25.300,2.200,0.030,0.127,-0.100
25.300,2.300,0.033,0.129,-0.100
25.350,2.400,0.036,0.130,-0.100
25.400,2.500,0.038,0.132,-0.100
25.450,2.600,0.041,0.134,-0.100
25.500,2.700,0.017,0.120,-0.099
25.550,2.800,0.017,0.120,-0.097
25.550,2.900,0.016,0.119,-0.095
25.600,3.000,0.015,0.119,-0.092
25.650,3.100,0.014,0.118,-0.090
25.700,3.200,0.012,0.117,-0.088
25.700,3.300,0.010,0.116,-0.086
25.750,3.400,0.008,0.115,-0.085
25.800,3.500,0.006,0.113,-0.083
25.850,3.600,0.003,0.112,-0.082
25.850,3.700,0.000,0.110,-0.081
25.900,3.800,-0.003,0.109,-0.081
25.950,3.900,-0.006,0.107,-0.080
26.000,4.000,-0.009,0.105,-0.080
26.000,4.100,-0.012,0.103,-0.080
26.050,4.200,-0.015,0.101,-0.081
26.050,4.300,-0.018,0.100,-0.081
26.100,4.400,-0.020,0.098,-0.082
26.150,4.500,-0.023,0.097,-0.083
26.150,4.600,-0.026,0.095,-0.085
26.200,4.700,-0.028,0.094,-0.086
26.300,4.800,-0.030,0.093,-0.088
26.300,4.900,-0.031,0.092,-0.090
26.350,5.000,-0.033,0.091,-0.092
26.400,5.100,-0.034,0.091,-0.095
26.400,5.200,-0.034,0.090,-0.097
26.450,5.300,-0.035,0.090,-0.099
26.500,0.067,-0.033,0.091,-0.100
26.600,0.167,-0.032,0.091,-0.100
26.600,0.267,-0.031,0.092,-0.100
26.600,0.367,-0.030,0.093,-0.100
26.700,0.467,-0.029,0.094,-0.100
26.700,0.567,-0.027,0.094,-0.100
26.750,0.667,-0.026,0.095,-0.100
26.800,0.767,-0.025,0.096,-0.100
26.800,0.867,-0.023,0.097,-0.100
26.850,0.967,-0.022,0.097,-0.100
26.900,1.067,-0.021,0.098,-0.100
26.900,1.167,-0.019,0.099,-0.100
26.950,1.267,-0.018,0.100,-0.100
26.950,1.367,-0.017,0.100,-0.100
27.000,1.467,-0.016,0.101,-0.100
27.050,1.567,-0.014,0.102,-0.100
27.050,1.667,-0.013,0.103,-0.100
27.100,1.767,-0.012,0.103,-0.100
27.150,1.867,-0.010,0.104,-0.100
27.150,1.967,-0.009,0.105,-0.100
27.200,2.067,-0.008,0.106,-0.100
27.250,2.167,-0.006,0.106,-0.100
27.250,2.267,-0.005,0.107,-0.100
27.300,2.367,-0.004,0.108,-0.100
27.350,2.467,-0.003,0.109,-0.100
27.350,2.567,-0.001,0.109,-0.100
27.400,2.667,0.000,0.110,-0.100
27.450,2.767,0.001,0.111,-0.100
27.450,2.867,0.003,0.112,-0.100
27.500,2.967,0.004,0.112,-0.100
27.550,3.067,0.005,0.113,-0.100
27.600,3.167,0.007,0.114,-0.100
27.600,3.267,0.008,0.115,-0.100
27.650,3.367,0.009,0.115,-0.100
27.700,3.467,0.010,0.116,-0.100
27.750,3.567,0.012,0.117,-0.100
27.750,3.667,0.013,0.118,-0.100
27.800,3.767,0.014,0.118,-0.100
27.800,3.867,0.016,0.119,-0.100
27.850,3.967,0.017,0.120,-0.100
27.850,4.067,0.043,0.135,-0.099
27.900,4.167,0.043,0.135,-0.097
27.900,4.267,0.042,0.135,-0.096
27.950,4.367,0.042,0.134,-0.094
28.000,4.467,0.041,0.134,-0.093
28.000,4.567,0.040,0.133,-0.091
28.050,4.667,0.038,0.132,-0.090
28.050,4.767,0.036,0.131,-0.089
28.100,4.867,0.035,0.130,-0.087
28.100,4.967,0.033,0.129,-0.086
28.150,5.067,0.030,0.128,-0.085
28.150,5.167,0.028,0.126,-0.084
28.200,5.267,0.026,0.125,-0.083
28.200,5.367,0.023,0.123,-0.082
28.250,5.467,0.020,0.122,-0.082
28.300,5.567,0.017,0.120,-0.081
28.300,5.667,0.014,0.118,-0.081
28.350,5.767,0.011,0.117,-0.080
28.350,5.867,0.008,0.115,-0.080
28.400,5.967,0.005,0.113,-0.080
28.450,6.067,0.002,0.111,-0.080
28.450,6.167,-0.001,0.110,-0.080
28.500,6.267,-0.004,0.108,-0.080
28.550,6.367,-0.007,0.106,-0.081
28.600,6.467,-0.010,0.104,-0.081
28.600,6.567,-0.012,0.103,-0.082
28.650,6.667,-0.015,0.101,-0.083
28.700,6.767,-0.018,0.100,-0.084
28.700,6.867,-0.020,0.098,-0.084
28.750,6.967,-0.022,0.097,-0.085
28.750,7.067,-0.025,0.096,-0.087
28.800,7.167,-0.027,0.095,-0.088
28.850,7.267,-0.028,0.094,-0.089
28.850,7.367,-0.030,0.093,-0.090
28.900,7.467,-0.031,0.092,-0.092
28.900,7.567,-0.032,0.091,-0.093
28.950,7.667,-0.033,0.091,-0.095
29.000,7.767,-0.034,0.090,-0.096
29.000,7.867,-0.034,0.090,-0.098
29.050,7.967,-0.035,0.090,-0.099
29.100,0.067,-0.033,0.091,-0.100
29.150,0.167,-0.031,0.092,-0.100
29.150,0.267,-0.029,0.093,-0.100
29.150,0.367,-0.027,0.094,-0.100
29.200,0.467,-0.026,0.095,-0.100
29.250,0.567,-0.024,0.096,-0.100
29.300,0.667,-0.022,0.098,-0.100
29.300,0.767,-0.020,0.099,-0.100
29.350,0.867,-0.018,0.100,-0.100
29.400,0.967,-0.016,0.101,-0.100
29.450,1.067,-0.014,0.102,-0.100
29.500,1.167,-0.012,0.103,-0.100
29.500,1.267,-0.010,0.104,-0.100
29.550,1.367,-0.008,0.105,-0.100
29.550,1.467,-0.006,0.107,-0.100
29.600,1.567,-0.004,0.108,-0.100
29.650,1.667,-0.002,0.109,-0.100
29.650,1.767,-0.000,0.110,-0.100
29.700,1.867,0.002,0.111,-0.100
29.700,1.967,0.004,0.112,-0.100
29.750,2.067,0.006,0.113,-0.100
29.800,2.167,0.008,0.114,-0.100
29.800,2.267,0.010,0.116,-0.100
29.850,2.367,0.012,0.117,-0.100
29.850,2.467,0.013,0.118,-0.100
29.900,2.567,0.015,0.119,-0.100
29.950,2.667,0.017,0.120,-0.100
29.950,2.767,0.019,0.121,-0.100
30.000,2.867,0.021,0.122,-0.100
30.000,2.967,0.023,0.123,-0.100
30.050,3.067,0.025,0.125,-0.100
30.100,3.167,0.027,0.126,-0.100
30.150,3.267,0.029,0.127,-0.100
30.150,3.367,0.031,0.128,-0.100
30.200,3.467,0.033,0.129,-0.100
30.200,3.567,0.035,0.130,-0.100
30.250,3.667,0.037,0.131,-0.100
30.250,3.767,0.039,0.132,-0.100
30.300,3.867,0.041,0.134,-0.100
30.350,3.967,0.043,0.135,-0.100
30.350,4.067,0.043,0.135,-0.099
30.400,4.167,0.043,0.135,-0.097
30.400,4.267,0.042,0.135,-0.096
30.450,4.367,0.042,0.134,-0.094
30.500,4.467,0.041,0.134,-0.093
30.500,4.567,0.040,0.133,-0.091
30.550,4.667,0.038,0.132,-0.090
30.600,4.767,0.036,0.131,-0.089
30.600,4.867,0.035,0.130,-0.087
30.650,4.967,0.033,0.129,-0.086
30.650,5.067,0.030,0.128,-0.085
30.700,5.167,0.028,0.126,-0.084
30.700,5.267,0.026,0.125,-0.083
30.750,5.367,0.023,0.123,-0.082
30.750,5.467,0.020,0.122,-0.082
30.800,5.567,0.017,0.120,-0.081
30.850,5.667,0.014,0.118,-0.081
30.850,5.767,0.011,0.117,-0.080
30.900,5.867,0.008,0.115,-0.080
30.900,5.967,0.005,0.113,-0.080
30.950,6.067,0.002,0.111,-0.080
31.000,6.167,-0.001,0.110,-0.080
31.000,6.267,-0.004,0.108,-0.080
31.050,6.367,-0.007,0.106,-0.081
31.100,6.467,-0.010,0.104,-0.081
31.150,6.567,-0.012,0.103,-0.082
31.150,6.667,-0.015,0.101,-0.083
31.200,6.767,-0.018,0.100,-0.084
31.200,6.867,-0.020,0.098,-0.084
31.300,6.967,-0.022,0.097,-0.085
31.300,7.067,-0.025,0.096,-0.087
31.350,7.167,-0.027,0.095,-0.088
31.350,7.267,-0.028,0.094,-0.089
31.400,7.367,-0.030,0.093,-0.090
31.400,7.467,-0.031,0.092,-0.092
31.450,7.567,-0.032,0.091,-0.093
31.500,7.667,-0.033,0.091,-0.095
31.550,7.767,-0.034,0.090,-0.096
31.550,7.867,-0.034,0.090,-0.098
31.600,7.967,-0.035,0.090,-0.099
31.600,0.067,-0.033,0.091,-0.100
31.700,0.167,-0.031,0.092,-0.100
31.700,0.267,-0.029,0.093,-0.100
31.700,0.367,-0.027,0.094,-0.100
31.750,0.467,-0.026,0.095,-0.100
31.800,0.567,-0.024,0.096,-0.100
31.850,0.667,-0.022,0.098,-0.100
31.850,0.767,-0.020,0.099,-0.100
31.900,0.867,-0.018,0.100,-0.100
31.950,0.967,-0.016,0.101,-0.100
32.000,1.067,-0.014,0.102,-0.100
32.050,1.167,-0.012,0.103,-0.100
32.100,1.267,-0.010,0.104,-0.100
32.100,1.367,-0.008,0.105,-0.100
32.150,1.467,-0.006,0.107,-0.100
32.200,1.567,-0.004,0.108,-0.100
32.200,1.667,-0.002,0.109,-0.100
32.250,1.767,-0.000,0.110,-0.100
32.300,1.867,0.002,0.111,-0.100
32.300,1.967,0.004,0.112,-0.100
32.350,2.067,0.006,0.113,-0.100
32.350,2.167,0.008,0.114,-0.100
32.400,2.267,0.010,0.116,-0.100
32.400,2.367,0.012,0.117,-0.100
32.450,2.467,0.013,0.118,-0.100
32.500,2.567,0.015,0.119,-0.100
32.500,2.667,0.017,0.120,-0.100
32.550,2.767,0.019,0.121,-0.100
32.600,2.867,0.021,0.122,-0.100
32.600,2.967,0.023,0.123,-0.100
32.650,3.067,0.025,0.125,-0.100
32.700,3.167,0.027,0.126,-0.100
32.700,3.267,0.029,0.127,-0.100
32.750,3.367,0.031,0.128,-0.100
32.750,3.467,0.033,0.129,-0.100
32.800,3.567,0.035,0.130,-0.100
32.850,3.667,0.037,0.131,-0.100
32.850,3.767,0.039,0.132,-0.100
32.850,3.867,0.041,0.134,-0.100
32.900,3.967,0.043,0.135,-0.100
32.900,4.067,0.043,0.135,-0.099
32.900,4.167,0.043,0.135,-0.097
32.950,4.267,0.042,0.135,-0.096
33.000,4.367,0.042,0.134,-0.094
33.050,4.467,0.041,0.134,-0.093
33.100,4.567,0.040,0.133,-0.091
33.150,4.667,0.038,0.132,-0.090
33.200,4.767,0.036,0.131,-0.089
33.250,4.867,0.035,0.130,-0.087
33.300,4.967,0.033,0.129,-0.086
33.300,5.067,0.030,0.128,-0.085
33.350,5.167,0.028,0.126,-0.084
33.400,5.267,0.026,0.125,-0.083
33.450,5.367,0.023,0.123,-0.082
33.500,5.467,0.020,0.122,-0.082
33.550,5.567,0.017,0.120,-0.081
33.600,5.667,0.014,0.118,-0.081
33.650,5.767,0.011,0.117,-0.080
33.650,5.867,0.008,0.115,-0.080
33.700,5.967,0.005,0.113,-0.080
33.750,6.067,0.002,0.111,-0.080
33.800,6.167,-0.001,0.110,-0.080
33.850,6.267,-0.004,0.108,-0.080
33.850,6.367,-0.007,0.106,-0.081
33.900,6.467,-0.010,0.104,-0.081
33.950,6.567,-0.012,0.103,-0.082
34.000,6.667,-0.015,0.101,-0.083
34.050,6.767,-0.018,0.100,-0.084
34.100,6.867,-0.020,0.098,-0.084
34.150,6.967,-0.022,0.097,-0.085
34.150,7.067,-0.025,0.096,-0.087
34.200,7.167,-0.027,0.095,-0.088
34.250,7.267,-0.028,0.094,-0.089
34.300,7.367,-0.030,0.093,-0.090
34.350,7.467,-0.031,0.092,-0.092
34.400,7.567,-0.032,0.091,-0.093
34.400,7.667,-0.033,0.091,-0.095
34.450,7.767,-0.034,0.090,-0.096
34.550,7.867,-0.034,0.090,-0.098
34.550,7.967,-0.035,0.090,-0.099
34.600,0.067,-0.033,0.091,-0.100
34.700,0.167,-0.031,0.092,-0.100
34.700,0.267,-0.029,0.093,-0.100
34.700,0.367,-0.027,0.094,-0.100
34.750,0.467,-0.025,0.095,-0.100
34.800,0.567,-0.024,0.096,-0.100
34.850,0.667,-0.022,0.098,-0.100
34.900,0.767,-0.020,0.099,-0.100
34.950,0.867,-0.018,0.100,-0.100
35.000,0.967,-0.016,0.101,-0.100
35.050,1.067,-0.014,0.102,-0.100
35.100,1.167,-0.012,0.103,-0.100
35.150,1.267,-0.010,0.104,-0.100
35.200,1.367,-0.008,0.105,-0.100
35.200,1.467,-0.006,0.107,-0.100
35.250,1.567,-0.004,0.108,-0.100
35.300,1.667,-0.002,0.109,-0.100
35.350,1.767,-0.000,0.110,-0.100
35.400,1.867,0.002,0.111,-0.100
35.400,1.967,0.004,0.112,-0.100
35.500,2.067,0.006,0.113,-0.100
35.550,2.167,0.008,0.114,-0.100
35.550,2.267,0.010,0.116,-0.100
35.650,2.367,0.012,0.117,-0.100
35.650,2.467,0.013,0.118,-0.100
35.700,2.567,0.015,0.119,-0.100
35.750,2.667,0.017,0.120,-0.100
35.800,2.767,0.019,0.121,-0.100
35.850,2.867,0.021,0.122,-0.100
35.900,2.967,0.023,0.123,-0.100
35.950,3.067,0.025,0.125,-0.100
35.950,3.167,0.027,0.126,-0.100
36.000,3.267,0.029,0.127,-0.100
36.050,3.367,0.031,0.128,-0.100
36.050,3.467,0.033,0.129,-0.100
36.100,3.567,0.035,0.130,-0.100
36.150,3.667,0.037,0.131,-0.100
36.150,3.767,0.039,0.132,-0.100
36.200,3.867,0.041,0.134,-0.100
36.200,3.967,0.043,0.135,-0.100
36.250,4.067,0.043,0.135,-0.099
36.300,4.167,0.043,0.135,-0.097
36.300,4.267,0.043,0.135,-0.096
36.350,4.367,0.042,0.134,-0.094
36.400,4.467,0.041,0.134,-0.093
36.450,4.567,0.040,0.133,-0.091
36.450,4.667,0.038,0.132,-0.090
36.500,4.767,0.037,0.131,-0.089
36.550,4.867,0.035,0.130,-0.087
36.550,4.967,0.033,0.129,-0.086
36.600,5.067,0.030,0.128,-0.085
36.650,5.167,0.028,0.126,-0.084
36.700,5.267,0.026,0.125,-0.083
36.700,5.367,0.023,0.123,-0.082
36.750,5.467,0.020,0.122,-0.082
36.750,5.567,0.017,0.120,-0.081
36.800,5.667,0.014,0.118,-0.081
36.850,5.767,0.011,0.117,-0.080
36.850,5.867,0.008,0.115,-0.080
36.900,5.967,0.005,0.113,-0.080
36.900,6.067,0.002,0.111,-0.080
36.950,6.167,-0.001,0.110,-0.080
36.950,6.267,-0.004,0.108,-0.080
37.000,6.367,-0.007,0.106,-0.081
37.050,6.467,-0.010,0.104,-0.081
37.100,6.567,-0.012,0.103,-0.082
37.100,6.667,-0.015,0.101,-0.083
37.150,6.767,-0.018,0.100,-0.084
37.150,6.867,-0.020,0.098,-0.084
37.200,6.967,-0.022,0.097,-0.085
37.200,7.067,-0.025,0.096,-0.087
37.250,7.167,-0.027,0.095,-0.088
37.300,7.267,-0.028,0.094,-0.089
37.300,7.367,-0.030,0.093,-0.090
37.350,7.467,-0.031,0.092,-0.092
37.400,7.567,-0.032,0.091,-0.093
37.400,7.667,-0.033,0.091,-0.095
37.450,7.767,-0.034,0.090,-0.096
37.500,7.867,-0.034,0.090,-0.098
37.500,7.967,-0.035,0.090,-0.099
37.550,0.067,-0.033,0.091,-0.100
37.600,0.167,-0.031,0.092,-0.100
37.600,0.267,-0.029,0.093,-0.100
37.650,0.367,-0.027,0.094,-0.100
37.650,0.467,-0.025,0.095,-0.100
37.700,0.567,-0.024,0.096,-0.100
37.750,0.667,-0.022,0.098,-0.100
37.750,0.767,-0.020,0.099,-0.100
37.800,0.867,-0.018,0.100,-0.100
37.850,0.967,-0.016,0.101,-0.100
37.850,1.067,-0.014,0.102,-0.100
37.900,1.167,-0.012,0.103,-0.100
37.900,1.267,-0.010,0.104,-0.100
37.950,1.367,-0.008,0.105,-0.100
37.950,1.467,-0.006,0.107,-0.100
38.000,1.567,-0.004,0.108,-0.100
38.000,1.667,-0.002,0.109,-0.100
38.050,1.767,-0.000,0.110,-0.100
38.100,1.867,0.002,0.111,-0.100
38.150,1.967,0.004,0.112,-0.100
38.150,2.067,0.006,0.113,-0.100
38.200,2.167,0.008,0.114,-0.100
38.250,2.267,0.010,0.116,-0.100
38.300,2.367,0.012,0.117,-0.100
38.300,2.467,0.013,0.118,-0.100
38.300,2.567,0.015,0.119,-0.100
38.350,2.667,0.017,0.120,-0.100
38.400,2.767,0.019,0.121,-0.100
38.450,2.867,0.021,0.122,-0.100
38.500,2.967,0.023,0.123,-0.100
38.500,3.067,0.025,0.125,-0.100
38.550,3.167,0.027,0.126,-0.100
38.550,3.267,0.029,0.127,-0.100
38.600,3.367,0.031,0.128,-0.100
38.600,3.467,0.033,0.129,-0.100
38.650,3.567,0.035,0.130,-0.100
38.700,3.667,0.037,0.131,-0.100
38.750,3.767,0.039,0.132,-0.100
38.750,3.867,0.041,0.134,-0.100
38.800,3.967,0.043,0.135,-0.100
38.850,4.067,0.043,0.135,-0.099
38.850,4.167,0.043,0.135,-0.097
38.900,4.267,0.043,0.135,-0.096
38.950,4.367,0.042,0.134,-0.094
39.000,4.467,0.041,0.134,-0.093
39.050,4.567,0.040,0.133,-0.091
39.100,4.667,0.038,0.132,-0.090
39.100,4.767,0.037,0.131,-0.089
39.150,4.867,0.035,0.130,-0.087
39.150,4.967,0.033,0.129,-0.086
39.200,5.067,0.030,0.128,-0.085
39.250,5.167,0.028,0.126,-0.084
39.300,5.267,0.026,0.125,-0.083
39.300,5.367,0.023,0.123,-0.082
39.300,5.467,0.020,0.122,-0.082
39.300,5.567,0.017,0.120,-0.081
39.350,5.667,0.014,0.118,-0.081
39.350,5.767,0.012,0.117,-0.080
39.400,5.867,0.008,0.115,-0.080
39.450,5.967,0.005,0.113,-0.080
39.500,6.067,0.002,0.111,-0.080
39.500,6.167,-0.001,0.110,-0.080
39.550,6.267,-0.004,0.108,-0.080
39.550,6.367,-0.007,0.106,-0.081
39.600,6.467,-0.010,0.104,-0.081
39.650,6.567,-0.012,0.103,-0.082
39.650,6.667,-0.015,0.101,-0.083
39.700,6.767,-0.018,0.100,-0.084
39.750,6.867,-0.020,0.098,-0.084
39.800,6.967,-0.022,0.097,-0.085
39.850,7.067,-0.025,0.096,-0.087
39.900,7.167,-0.027,0.095,-0.088
39.950,7.267,-0.028,0.094,-0.089
40.000,7.367,-0.030,0.093,-0.090
40.050,7.467,-0.031,0.092,-0.092
40.050,7.567,-0.032,0.091,-0.093
40.100,7.667,-0.033,0.091,-0.095
40.150,7.767,-0.034,0.090,-0.096
40.200,7.867,-0.034,0.090,-0.098
40.200,7.967,-0.035,0.090,-0.099
40.250,0.067,-0.033,0.091,-0.100
40.350,0.167,-0.031,0.092,-0.100
40.350,0.267,-0.029,0.093,-0.100
40.350,0.367,-0.027,0.094,-0.100
40.400,0.467,-0.025,0.095,-0.100
40.450,0.567,-0.024,0.096,-0.100
40.450,0.667,-0.022,0.098,-0.100
40.500,0.767,-0.020,0.099,-0.100
40.550,0.867,-0.018,0.100,-0.100
40.550,0.967,-0.016,0.101,-0.100
40.650,1.067,-0.014,0.102,-0.100
40.700,1.167,-0.012,0.103,-0.100
40.750,1.267,-0.010,0.104,-0.100
40.800,1.367,-0.008,0.105,-0.100
40.850,1.467,-0.006,0.107,-0.100
40.900,1.567,-0.004,0.108,-0.100
40.900,1.667,-0.002,0.109,-0.100
40.950,1.767,-0.000,0.110,-0.100
41.000,1.867,0.002,0.111,-0.100
41.050,1.967,0.004,0.112,-0.100
41.100,2.067,0.006,0.113,-0.100
41.150,2.167,0.008,0.114,-0.100
41.200,2.267,0.010,0.116,-0.100
41.250,2.367,0.012,0.117,-0.100
41.350,2.467,0.014,0.118,-0.100
41.350,2.567,0.015,0.119,-0.100
41.450,2.667,0.017,0.120,-0.100
41.500,2.767,0.019,0.121,-0.100
41.500,2.867,0.021,0.122,-0.100
41.550,2.967,0.023,0.123,-0.100
41.550,3.067,0.025,0.125,-0.100
41.650,3.167,0.027,0.126,-0.100
41.700,3.267,0.029,0.127,-0.100
41.700,3.367,0.031,0.128,-0.100
41.750,3.467,0.033,0.129,-0.100
41.750,3.567,0.035,0.130,-0.100
41.800,3.667,0.037,0.131,-0.100
41.850,3.767,0.039,0.132,-0.100
41.900,3.867,0.041,0.134,-0.100
41.950,3.967,0.043,0.135,-0.100
42.000,4.067,0.043,0.135,-0.099
42.000,4.167,0.043,0.135,-0.097
42.050,4.267,0.043,0.135,-0.096
42.050,4.367,0.042,0.134,-0.094
42.100,4.467,0.041,0.134,-0.093
42.150,4.567,0.040,0.133,-0.091
42.150,4.667,0.038,0.132,-0.090
42.200,4.767,0.037,0.131,-0.089
42.200,4.867,0.035,0.130,-0.087
42.250,4.967,0.033,0.129,-0.086
42.250,5.067,0.030,0.128,-0.085
42.250,5.167,0.028,0.126,-0.084
42.300,5.267,0.026,0.125,-0.083
42.350,5.367,0.023,0.123,-0.082
42.350,5.467,0.020,0.122,-0.082
42.400,5.567,0.017,0.120,-0.081
42.400,5.667,0.015,0.118,-0.081
42.450,5.767,0.012,0.117,-0.080
42.500,5.867,0.008,0.115,-0.080
42.500,5.967,0.005,0.113,-0.080
42.550,6.067,0.002,0.111,-0.080
42.550,6.167,-0.001,0.110,-0.080
42.600,6.267,-0.004,0.108,-0.080
42.650,6.367,-0.007,0.106,-0.081
42.700,6.467,-0.010,0.104,-0.081
42.700,6.567,-0.012,0.103,-0.082
42.750,6.667,-0.015,0.101,-0.083
42.750,6.767,-0.018,0.100,-0.084
42.800,6.867,-0.020,0.098,-0.084
42.800,6.967,-0.022,0.097,-0.085
42.850,7.067,-0.025,0.096,-0.087
42.850,7.167,-0.026,0.095,-0.088
42.900,7.267,-0.028,0.094,-0.089
42.900,7.367,-0.030,0.093,-0.090
42.900,7.467,-0.031,0.092,-0.092
42.950,7.567,-0.032,0.091,-0.093
42.950,7.667,-0.033,0.091,-0.095
43.000,7.767,-0.034,0.090,-0.096
43.050,7.867,-0.034,0.090,-0.098
43.050,7.967,-0.035,0.090,-0.099
43.100,0.067,-0.033,0.091,-0.100
43.200,0.167,-0.031,0.092,-0.100
43.200,0.267,-0.029,0.093,-0.100
43.200,0.367,-0.027,0.094,-0.100
43.200,0.467,-0.025,0.095,-0.100
43.250,0.567,-0.024,0.096,-0.100
43.250,0.667,-0.022,0.098,-0.100
43.300,0.767,-0.020,0.099,-0.100
43.300,0.867,-0.018,0.100,-0.100
43.300,0.967,-0.016,0.101,-0.100
43.350,1.067,-0.014,0.102,-0.100
43.350,1.167,-0.012,0.103,-0.100
43.400,1.267,-0.010,0.104,-0.100
43.450,1.367,-0.008,0.105,-0.100
43.500,1.467,-0.006,0.107,-0.100
43.550,1.567,-0.004,0.108,-0.100
43.550,1.667,-0.002,0.109,-0.100
43.600,1.767,-0.000,0.110,-0.100
43.650,1.867,0.002,0.111,-0.100
43.650,1.967,0.004,0.112,-0.100
43.700,2.067,0.006,0.113,-0.100
43.800,2.167,0.008,0.114,-0.100
43.800,2.267,0.010,0.116,-0.100
43.850,2.367,0.012,0.117,-0.100
43.900,2.467,0.014,0.118,-0.100
43.950,2.567,0.015,0.119,-0.100
43.950,2.667,0.017,0.120,-0.100
44.000,2.767,0.019,0.121,-0.100
44.050,2.867,0.021,0.122,-0.100
44.050,2.967,0.023,0.123,-0.100
44.100,3.067,0.025,0.125,-0.100
44.150,3.167,0.027,0.126,-0.100
44.150,3.267,0.029,0.127,-0.100
44.200,3.367,0.031,0.128,-0.100
44.200,3.467,0.033,0.129,-0.100
44.250,3.567,0.035,0.130,-0.100
44.250,3.667,0.037,0.131,-0.100
44.300,3.767,0.039,0.132,-0.100
44.350,3.867,0.041,0.134,-0.100
44.350,3.967,0.043,0.135,-0.100
44.400,4.067,0.043,0.135,-0.099
44.450,4.167,0.043,0.135,-0.097
44.450,4.267,0.043,0.135,-0.096
44.500,4.367,0.042,0.134,-0.094
44.550,4.467,0.041,0.134,-0.093
44.550,4.567,0.040,0.133,-0.091
44.600,4.667,0.038,0.132,-0.090
44.650,4.767,0.037,0.131,-0.089
44.650,4.867,0.035,0.130,-0.087
44.700,4.967,0.033,0.129,-0.086
44.750,5.067,0.031,0.128,-0.085
44.800,5.167,0.028,0.126,-0.084
44.800,5.267,0.026,0.125,-0.083
44.850,5.367,0.023,0.123,-0.082
44.900,5.467,0.020,0.122,-0.082
44.950,5.567,0.017,0.120,-0.081
45.000,5.667,0.015,0.118,-0.081
45.000,5.767,0.012,0.117,-0.080
45.050,5.867,0.009,0.115,-0.080
45.100,5.967,0.005,0.113,-0.080
45.150,6.067,0.002,0.111,-0.080
45.150,6.167,-0.001,0.110,-0.080
45.200,6.267,-0.004,0.108,-0.080
45.200,6.367,-0.007,0.106,-0.081
45.250,6.467,-0.010,0.104,-0.081
45.300,6.567,-0.012,0.103,-0.082
45.300,6.667,-0.015,0.101,-0.083
45.350,6.767,-0.018,0.100,-0.084
45.350,6.867,-0.020,0.098,-0.084
45.350,6.967,-0.022,0.097,-0.085
45.400,7.067,-0.025,0.096,-0.087
45.400,7.167,-0.026,0.095,-0.088
45.450,7.267,-0.028,0.094,-0.089
45.500,7.367,-0.030,0.093,-0.090
45.500,7.467,-0.031,0.092,-0.092
45.500,7.567,-0.032,0.091,-0.093
45.550,7.667,-0.033,0.091,-0.095
45.550,7.767,-0.034,0.090,-0.096
45.600,7.867,-0.034,0.090,-0.098
45.600,7.967,-0.035,0.090,-0.099
45.650,0.067,-0.033,0.091,-0.100
45.750,0.167,-0.029,0.093,-0.100
45.750,0.267,-0.025,0.095,-0.100
45.750,0.367,-0.022,0.097,-0.100
45.750,0.467,-0.018,0.100,-0.100
45.750,0.567,-0.015,0.102,-0.100
45.800,0.667,-0.011,0.104,-0.100
45.850,0.767,-0.008,0.106,-0.100
45.850,0.867,-0.004,0.108,-0.100
45.900,0.967,-0.001,0.110,-0.100
45.950,1.067,0.003,0.112,-0.100
46.000,1.167,0.006,0.114,-0.100
46.050,1.267,0.010,0.116,-0.100
46.050,1.367,0.013,0.118,-0.100
46.100,1.467,0.017,0.120,-0.100
46.150,1.567,0.020,0.122,-0.100
46.150,1.667,0.024,0.124,-0.100
46.200,1.767,0.027,0.126,-0.100
46.250,1.867,0.031,0.128,-0.100
46.250,1.967,0.034,0.130,-0.100
46.250,2.067,0.038,0.132,-0.100
46.250,2.167,0.041,0.134,-0.100
46.250,2.267,0.009,0.115,-0.099
46.250,2.367,0.008,0.115,-0.096
46.250,2.467,0.007,0.114,-0.093
46.250,2.567,0.006,0.114,-0.091
46.250,2.667,0.005,0.113,-0.088
46.250,2.767,0.003,0.112,-0.086
46.250,2.867,0.000,0.110,-0.084
46.250,2.967,-0.002,0.109,-0.083
46.250,3.067,-0.005,0.107,-0.081
46.250,3.167,-0.008,0.105,-0.081
46.250,3.267,-0.011,0.104,-0.080
46.250,3.367,-0.014,0.102,-0.080
46.250,3.467,-0.017,0.100,-0.080
46.250,3.567,-0.020,0.099,-0.081
46.250,3.667,-0.023,0.097,-0.082
46.250,3.767,-0.025,0.095,-0.084
46.250,3.867,-0.028,0.094,-0.085
46.250,3.967,-0.030,0.093,-0.087
46.250,4.067,-0.032,0.092,-0.090
46.250,4.167,-0.033,0.091,-0.092
46.250,4.267,-0.034,0.090,-0.095
46.250,4.367,-0.034,0.090,-0.098
46.250,0.022,-0.034,0.091,-0.100
46.250,0.122,-0.032,0.091,-0.100
46.250,0.222,-0.030,0.093,-0.100
46.250,0.322,-0.028,0.094,-0.100
46.250,0.422,-0.026,0.095,-0.100
46.250,0.522,-0.024,0.096,-0.100
46.250,0.622,-0.022,0.097,-0.100
