0.400,4.000,0.000,0.141,-0.370
0.400,4.100,0.000,0.115,-0.397
0.450,4.200,0.000,0.087,-0.423
0.500,4.300,0.000,0.056,-0.447
0.550,4.400,0.000,0.023,-0.471
0.650,4.500,0.000,-0.012,-0.493
0.700,4.600,0.000,-0.049,-0.514
0.750,4.700,0.000,-0.088,-0.532
0.750,4.800,0.000,-0.127,-0.548
0.800,4.900,0.000,-0.166,-0.561
0.900,5.000,0.000,-0.205,-0.571
0.950,5.100,0.000,-0.242,-0.577
1.000,5.200,0.000,-0.278,-0.579
1.050,5.300,0.000,-0.311,-0.577
1.100,5.400,0.000,-0.341,-0.571
1.100,5.500,0.000,-0.367,-0.561
1.150,5.600,0.000,-0.388,-0.546
1.200,5.700,0.000,-0.406,-0.526
1.250,5.800,0.000,-0.418,-0.503
1.300,5.900,0.000,-0.426,-0.475
1.350,6.000,0.000,-0.430,-0.444
1.400,6.100,0.000,-0.428,-0.410
1.400,6.200,0.000,-0.423,-0.372
1.450,6.300,0.000,-0.413,-0.332
1.500,6.400,0.000,-0.400,-0.289
1.500,6.500,0.000,-0.384,-0.244
1.550,6.600,0.000,-0.364,-0.198
1.600,6.700,0.000,-0.342,-0.151
1.650,6.800,0.000,-0.318,-0.102
1.700,6.900,0.000,-0.292,-0.054
1.700,7.000,0.000,-0.264,-0.005
1.750,7.100,0.000,-0.235,0.044
1.750,7.200,0.000,-0.204,0.092
1.800,7.300,0.000,-0.174,0.139
1.850,7.400,0.000,-0.143,0.184
1.900,7.500,0.000,-0.111,0.228
1.950,7.600,0.000,-0.080,0.269
2.000,7.700,0.000,-0.050,0.308
2.050,7.800,0.000,-0.020,0.344
2.100,7.900,0.000,0.008,0.377
2.150,8.000,0.000,0.036,0.406
2.200,0.100,0.000,0.021,0.369
2.250,0.200,0.000,0.008,0.333
2.250,0.300,0.000,-0.004,0.298
2.300,0.400,0.000,-0.015,0.265
2.350,0.500,0.000,-0.026,0.232
2.350,0.600,0.000,-0.035,0.201
2.400,0.700,0.000,-0.043,0.171
2.400,0.800,0.000,-0.051,0.141
2.450,0.900,0.000,-0.058,0.113
2.500,1.000,0.000,-0.064,0.085
2.500,1.100,0.000,-0.069,0.059
2.550,1.200,0.000,-0.073,0.033
2.550,1.300,0.000,-0.077,0.008
2.600,1.400,0.000,-0.080,-0.016
2.600,1.500,0.000,-0.082,-0.039
2.650,1.600,0.000,-0.083,-0.062
2.700,1.700,0.000,-0.083,-0.084
2.750,1.800,0.000,-0.083,-0.105
2.800,1.900,0.000,-0.082,-0.125
2.800,2.000,0.000,-0.080,-0.145
2.850,2.100,0.000,-0.077,-0.163
2.900,2.200,0.000,-0.073,-0.181
2.900,2.300,0.000,-0.069,-0.199
2.950,2.400,0.000,-0.063,-0.215
3.000,2.500,0.000,-0.057,-0.231
3.000,2.600,0.000,-0.050,-0.246
3.050,2.700,0.000,-0.042,-0.260
3.050,2.800,0.000,-0.033,-0.273
3.100,2.900,0.000,-0.023,-0.286
3.100,3.000,0.000,-0.013,-0.298
3.150,3.100,0.000,-0.001,-0.309
3.150,3.200,0.000,0.011,-0.319
3.200,3.300,0.000,0.024,-0.328
3.250,3.400,0.000,0.038,-0.337
3.250,3.500,0.000,0.053,-0.344
3.300,3.600,0.000,0.069,-0.351
3.350,3.700,0.000,0.086,-0.357
3.350,3.800,0.000,0.103,-0.363
3.400,3.900,0.000,0.122,-0.367
3.400,4.000,0.000,0.141,-0.370
3.450,4.100,0.000,0.115,-0.397
3.500,4.200,0.000,0.087,-0.423
3.550,4.300,0.000,0.056,-0.447
3.600,4.400,0.000,0.023,-0.471
3.600,4.500,0.000,-0.012,-0.493
3.650,4.600,0.000,-0.049,-0.514
3.700,4.700,0.000,-0.088,-0.532
3.750,4.800,0.000,-0.127,-0.548
3.800,4.900,0.000,-0.166,-0.561
3.800,5.000,0.000,-0.205,-0.571
3.850,5.100,0.000,-0.242,-0.577
3.900,5.200,0.000,-0.278,-0.579
3.900,5.300,0.000,-0.311,-0.577
3.950,5.400,0.000,-0.341,-0.571
4.000,5.500,0.000,-0.367,-0.561
4.000,5.600,0.000,-0.388,-0.546
4.050,5.700,0.000,-0.406,-0.526
4.100,5.800,0.000,-0.418,-0.503
4.100,5.900,0.000,-0.426,-0.475
4.150,6.000,0.000,-0.430,-0.444
4.200,6.100,0.000,-0.428,-0.410
4.200,6.200,0.000,-0.423,-0.372
4.250,6.300,0.000,-0.413,-0.332
4.300,6.400,0.000,-0.400,-0.289
4.350,6.500,0.000,-0.384,-0.244
4.400,6.600,0.000,-0.364,-0.198
4.450,6.700,0.000,-0.342,-0.151
4.500,6.800,0.000,-0.318,-0.102
4.500,6.900,0.000,-0.292,-0.054
4.550,7.000,0.000,-0.264,-0.005
4.600,7.100,0.000,-0.235,0.044
4.650,7.200,0.000,-0.204,0.092
4.700,7.300,0.000,-0.174,0.139
4.700,7.400,0.000,-0.143,0.184
4.700,7.500,0.000,-0.111,0.228
4.750,7.600,0.000,-0.080,0.269
4.800,7.700,0.000,-0.050,0.308
4.800,7.800,0.000,-0.020,0.344
4.850,7.900,0.000,0.008,0.377
4.850,8.000,0.000,0.036,0.406
4.900,0.100,0.000,0.021,0.369
5.000,0.200,0.000,0.008,0.333
5.000,0.300,0.000,-0.004,0.298
5.000,0.400,0.000,-0.015,0.265
5.050,0.500,0.000,-0.026,0.232
5.100,0.600,0.000,-0.035,0.201
5.100,0.700,0.000,-0.043,0.171
5.150,0.800,0.000,-0.051,0.141
5.150,0.900,0.000,-0.058,0.113
5.200,1.000,0.000,-0.064,0.085
5.250,1.100,0.000,-0.069,0.059
5.300,1.200,0.000,-0.073,0.033
5.300,1.300,0.000,-0.077,0.008
5.350,1.400,0.000,-0.080,-0.016
5.400,1.500,0.000,-0.082,-0.039
5.400,1.600,0.000,-0.083,-0.062
5.450,1.700,0.000,-0.083,-0.084
5.500,1.800,0.000,-0.083,-0.105
5.500,1.900,0.000,-0.082,-0.125
5.550,2.000,0.000,-0.080,-0.145
5.550,2.100,0.000,-0.077,-0.163
5.600,2.200,0.000,-0.073,-0.181
5.650,2.300,0.000,-0.069,-0.199
5.700,2.400,0.000,-0.063,-0.215
5.750,2.500,0.000,-0.057,-0.231
5.800,2.600,0.000,-0.050,-0.246
5.800,2.700,0.000,-0.042,-0.260
5.850,2.800,0.000,-0.033,-0.273
5.850,2.900,0.000,-0.023,-0.286
5.900,3.000,0.000,-0.013,-0.298
5.950,3.100,0.000,-0.001,-0.309
5.950,3.200,0.000,0.011,-0.319
6.000,3.300,0.000,0.024,-0.328
6.050,3.400,0.000,0.038,-0.337
6.050,3.500,0.000,0.053,-0.344
6.100,3.600,0.000,0.069,-0.351
6.150,3.700,0.000,0.086,-0.357
6.150,3.800,0.000,0.103,-0.363
6.200,3.900,0.000,0.122,-0.367
6.250,4.000,0.000,0.141,-0.370
6.250,4.100,0.000,0.115,-0.397
6.300,4.200,0.000,0.087,-0.423
6.350,4.300,0.000,0.056,-0.447
6.350,4.400,0.000,0.023,-0.471
6.400,4.500,0.000,-0.012,-0.493
6.450,4.600,0.000,-0.049,-0.514
6.500,4.700,0.000,-0.088,-0.532
6.550,4.800,0.000,-0.127,-0.548
6.600,4.900,0.000,-0.166,-0.561
6.650,5.000,0.000,-0.205,-0.571
6.700,5.100,0.000,-0.242,-0.577
6.700,5.200,0.000,-0.278,-0.579
6.800,5.300,0.000,-0.311,-0.577
6.850,5.400,0.000,-0.341,-0.571
6.850,5.500,0.000,-0.367,-0.561
6.950,5.600,0.000,-0.388,-0.546
7.000,5.700,0.000,-0.406,-0.526
7.050,5.800,0.000,-0.418,-0.503
7.100,5.900,0.000,-0.426,-0.475
7.150,6.000,0.000,-0.430,-0.444
7.200,6.100,0.000,-0.428,-0.410
7.250,6.200,0.000,-0.423,-0.372
7.300,6.300,0.000,-0.413,-0.332
7.350,6.400,0.000,-0.400,-0.289
7.350,6.500,0.000,-0.384,-0.244
7.450,6.600,0.000,-0.364,-0.198
7.500,6.700,0.000,-0.342,-0.151
7.550,6.800,0.000,-0.318,-0.102
7.600,6.900,0.000,-0.292,-0.054
7.650,7.000,0.000,-0.264,-0.005
7.650,7.100,0.000,-0.235,0.044
7.700,7.200,0.000,-0.204,0.092
7.700,7.300,0.000,-0.174,0.139
7.750,7.400,0.000,-0.143,0.184
7.750,7.500,0.000,-0.111,0.228
7.800,7.600,0.000,-0.080,0.269
7.850,7.700,0.000,-0.050,0.308
7.900,7.800,0.000,-0.020,0.344
7.900,7.900,0.000,0.008,0.377
7.950,8.000,0.000,0.036,0.406
7.950,0.100,0.000,0.021,0.369
8.050,0.200,0.000,0.008,0.333
8.050,0.300,0.000,-0.004,0.298
8.050,0.400,0.000,-0.015,0.265
8.100,0.500,0.000,-0.026,0.232
8.100,0.600,0.000,-0.035,0.201
8.150,0.700,0.000,-0.043,0.171
8.200,0.800,0.000,-0.051,0.141
8.250,0.900,0.000,-0.058,0.113
8.300,1.000,0.000,-0.064,0.085
8.300,1.100,0.000,-0.069,0.059
8.350,1.200,0.000,-0.073,0.033
8.350,1.300,0.000,-0.077,0.008
8.400,1.400,0.000,-0.080,-0.016
8.400,1.500,0.000,-0.082,-0.039
8.450,1.600,0.000,-0.083,-0.062
8.500,1.700,0.000,-0.083,-0.084
8.500,1.800,0.000,-0.083,-0.105
8.550,1.900,0.000,-0.082,-0.125
8.550,2.000,0.000,-0.080,-0.145
8.600,2.100,0.000,-0.077,-0.163
8.650,2.200,0.000,-0.073,-0.181
8.700,2.300,0.000,-0.069,-0.199
8.700,2.400,0.000,-0.063,-0.215
8.750,2.500,0.000,-0.057,-0.231
8.800,2.600,0.000,-0.050,-0.246
8.850,2.700,0.000,-0.042,-0.260
8.900,2.800,0.000,-0.033,-0.273
8.950,2.900,0.000,-0.023,-0.286
8.950,3.000,0.000,-0.013,-0.298
9.050,3.100,0.000,-0.001,-0.309
9.050,3.200,0.000,0.011,-0.319
9.100,3.300,0.000,0.024,-0.328
9.150,3.400,0.000,0.038,-0.337
9.200,3.500,0.000,0.053,-0.344
9.200,3.600,0.000,0.069,-0.351
9.250,3.700,0.000,0.086,-0.357
9.300,3.800,0.000,0.103,-0.363
9.300,3.900,0.000,0.122,-0.367
9.350,4.000,0.000,0.141,-0.370
9.400,4.100,0.000,0.115,-0.397
9.400,4.200,0.000,0.087,-0.423
9.450,4.300,0.000,0.056,-0.447
9.450,4.400,0.000,0.023,-0.471
9.500,4.500,0.000,-0.012,-0.493
9.500,4.600,0.000,-0.049,-0.514
9.550,4.700,0.000,-0.088,-0.532
9.600,4.800,0.000,-0.127,-0.548
9.600,4.900,0.000,-0.166,-0.561
9.650,5.000,0.000,-0.205,-0.571
9.700,5.100,0.000,-0.242,-0.577
9.750,5.200,0.000,-0.278,-0.579
9.750,5.300,0.000,-0.311,-0.577
9.800,5.400,0.000,-0.341,-0.571
9.800,5.500,0.000,-0.367,-0.561
9.850,5.600,0.000,-0.388,-0.546
9.850,5.700,0.000,-0.406,-0.526
9.900,5.800,0.000,-0.418,-0.503
9.900,5.900,0.000,-0.426,-0.475
9.950,6.000,0.000,-0.430,-0.444
9.950,6.100,0.000,-0.428,-0.410
10.000,6.200,0.000,-0.423,-0.372
10.050,6.300,0.000,-0.413,-0.332
10.050,6.400,0.000,-0.400,-0.289
10.100,6.500,0.000,-0.384,-0.244
10.150,6.600,0.000,-0.364,-0.198
10.200,6.700,0.000,-0.342,-0.151
10.250,6.800,0.000,-0.318,-0.102
10.250,6.900,0.000,-0.292,-0.054
10.300,7.000,0.000,-0.264,-0.005
10.350,7.100,0.000,-0.235,0.044
10.350,7.200,0.000,-0.204,0.092
10.400,7.300,0.000,-0.174,0.139
10.450,7.400,0.000,-0.143,0.184
10.450,7.500,0.000,-0.111,0.228
10.450,7.600,0.000,-0.080,0.269
10.500,7.700,0.000,-0.050,0.308
10.550,7.800,0.000,-0.020,0.344
10.550,7.900,0.000,0.008,0.377
10.600,8.000,0.000,0.036,0.406
10.600,0.100,0.000,0.021,0.369
10.700,0.200,0.000,0.008,0.333
10.700,0.300,0.000,-0.004,0.298
10.700,0.400,0.000,-0.015,0.265
10.700,0.500,0.000,-0.026,0.232
10.750,0.600,0.000,-0.035,0.201
10.800,0.700,0.000,-0.043,0.171
10.800,0.800,0.000,-0.051,0.141
10.850,0.900,0.000,-0.058,0.113
10.850,1.000,0.000,-0.064,0.085
10.900,1.100,0.000,-0.069,0.059
10.950,1.200,0.000,-0.073,0.033
11.000,1.300,0.000,-0.077,0.008
11.050,1.400,0.000,-0.080,-0.016
11.100,1.500,0.000,-0.082,-0.039
11.150,1.600,0.000,-0.083,-0.062
11.200,1.700,0.000,-0.083,-0.084
11.250,1.800,0.000,-0.083,-0.105
11.250,1.900,0.000,-0.082,-0.125
11.300,2.000,0.000,-0.080,-0.145
11.350,2.100,0.000,-0.077,-0.163
11.350,2.200,0.000,-0.073,-0.181
11.400,2.300,0.000,-0.069,-0.199
11.400,2.400,0.000,-0.063,-0.215
11.450,2.500,0.000,-0.057,-0.231
11.500,2.600,0.000,-0.050,-0.246
11.550,2.700,0.000,-0.042,-0.260
11.550,2.800,0.000,-0.033,-0.273
11.600,2.900,0.000,-0.023,-0.286
11.650,3.000,0.000,-0.013,-0.298
11.650,3.100,0.000,-0.001,-0.309
11.700,3.200,0.000,0.011,-0.319
11.750,3.300,0.000,0.024,-0.328
11.750,3.400,0.000,0.038,-0.337
11.800,3.500,0.000,0.053,-0.344
11.800,3.600,0.000,0.069,-0.351
11.850,3.700,0.000,0.086,-0.357
11.850,3.800,0.000,0.103,-0.363
11.900,3.900,0.000,0.122,-0.367
11.950,4.000,0.000,0.141,-0.370
12.000,4.100,0.000,0.115,-0.397
12.000,4.200,0.000,0.087,-0.423
12.050,4.300,0.000,0.056,-0.447
12.100,4.400,0.000,0.023,-0.471
12.100,4.500,0.000,-0.012,-0.493
12.150,4.600,0.000,-0.049,-0.514
12.150,4.700,0.000,-0.088,-0.532
12.200,4.800,0.000,-0.127,-0.548
12.250,4.900,0.000,-0.166,-0.561
12.250,5.000,0.000,-0.205,-0.571
12.300,5.100,0.000,-0.242,-0.577
12.300,5.200,0.000,-0.278,-0.579
12.350,5.300,0.000,-0.311,-0.577
12.350,5.400,0.000,-0.341,-0.571
12.400,5.500,0.000,-0.367,-0.561
12.450,5.600,0.000,-0.388,-0.546
12.450,5.700,0.000,-0.406,-0.526
12.500,5.800,0.000,-0.418,-0.503
12.550,5.900,0.000,-0.426,-0.475
12.600,6.000,0.000,-0.430,-0.444
12.650,6.100,0.000,-0.428,-0.410
12.700,6.200,0.000,-0.423,-0.372
12.700,6.300,0.000,-0.413,-0.332
12.800,6.400,0.000,-0.400,-0.289
12.850,6.500,0.000,-0.384,-0.244
12.900,6.600,0.000,-0.364,-0.198
12.900,6.700,0.000,-0.342,-0.151
12.950,6.800,0.000,-0.318,-0.102
13.000,6.900,0.000,-0.292,-0.054
13.000,7.000,0.000,-0.264,-0.005
13.050,7.100,0.000,-0.235,0.044
13.050,7.200,0.000,-0.204,0.092
13.100,7.300,0.000,-0.174,0.139
13.150,7.400,0.000,-0.143,0.184
13.200,7.500,0.000,-0.111,0.228
13.200,7.600,0.000,-0.080,0.269
13.250,7.700,0.000,-0.050,0.308
13.250,7.800,0.000,-0.020,0.344
13.300,7.900,0.000,0.008,0.377
13.300,8.000,0.000,0.036,0.406
13.350,0.100,0.000,0.021,0.369
13.400,0.200,0.000,0.008,0.333
13.400,0.300,0.000,-0.004,0.298
13.400,0.400,0.000,-0.015,0.265
13.450,0.500,0.000,-0.026,0.232
13.450,0.600,0.000,-0.035,0.201
13.500,0.700,0.000,-0.043,0.171
13.500,0.800,0.000,-0.051,0.141
13.550,0.900,0.000,-0.058,0.113
13.550,1.000,0.000,-0.064,0.085
13.550,1.100,0.000,-0.069,0.059
13.600,1.200,0.000,-0.073,0.033
13.650,1.300,0.000,-0.077,0.008
13.700,1.400,0.000,-0.080,-0.016
13.700,1.500,0.000,-0.082,-0.039
13.700,1.600,0.000,-0.083,-0.062
13.750,1.700,0.000,-0.083,-0.084
13.800,1.800,0.000,-0.083,-0.105
13.800,1.900,0.000,-0.082,-0.125
13.800,2.000,0.000,-0.080,-0.145
13.850,2.100,0.000,-0.077,-0.163
13.850,2.200,0.000,-0.073,-0.181
13.900,2.300,0.000,-0.069,-0.199
13.950,2.400,0.000,-0.063,-0.215
13.950,2.500,0.000,-0.057,-0.231
14.000,2.600,0.000,-0.050,-0.246
14.000,2.700,0.000,-0.042,-0.260
14.050,2.800,0.000,-0.033,-0.273
14.050,2.900,0.000,-0.023,-0.286
14.100,3.000,0.000,-0.013,-0.298
14.100,3.100,0.000,-0.001,-0.309
14.150,3.200,0.000,0.011,-0.319
14.150,3.300,0.000,0.024,-0.328
14.200,3.400,0.000,0.038,-0.337
14.200,3.500,0.000,0.053,-0.344
14.250,3.600,0.000,0.069,-0.351
14.300,3.700,0.000,0.086,-0.357
14.350,3.800,0.000,0.103,-0.363
14.450,3.900,0.000,0.122,-0.367
14.500,4.000,0.000,0.141,-0.370
14.550,4.100,0.000,0.115,-0.397
14.600,4.200,0.000,0.087,-0.423
14.650,4.300,0.000,0.056,-0.447
14.700,4.400,0.000,0.023,-0.471
14.700,4.500,0.000,-0.012,-0.493
14.750,4.600,0.000,-0.049,-0.514
14.800,4.700,0.000,-0.088,-0.532
14.850,4.800,0.000,-0.127,-0.548
14.900,4.900,0.000,-0.166,-0.561
14.950,5.000,0.000,-0.205,-0.571
15.000,5.100,0.000,-0.242,-0.577
15.050,5.200,0.000,-0.278,-0.579
15.100,5.300,0.000,-0.311,-0.577
15.100,5.400,0.000,-0.341,-0.571
15.150,5.500,0.000,-0.367,-0.561
15.200,5.600,0.000,-0.388,-0.546
15.250,5.700,0.000,-0.406,-0.526
15.300,5.800,0.000,-0.418,-0.503
15.350,5.900,0.000,-0.426,-0.475
15.400,6.000,0.000,-0.430,-0.444
15.400,6.100,0.000,-0.428,-0.410
15.500,6.200,0.000,-0.423,-0.372
15.500,6.300,0.000,-0.413,-0.332
15.550,6.400,0.000,-0.400,-0.289
15.550,6.500,0.000,-0.384,-0.244
15.600,6.600,0.000,-0.364,-0.198
15.650,6.700,0.000,-0.342,-0.151
15.700,6.800,0.000,-0.318,-0.102
15.750,6.900,0.000,-0.292,-0.054
15.800,7.000,0.000,-0.264,-0.005
15.800,7.100,0.000,-0.235,0.044
15.850,7.200,0.000,-0.204,0.092
15.900,7.300,0.000,-0.174,0.139
15.900,7.400,0.000,-0.143,0.184
15.950,7.500,0.000,-0.111,0.228
16.000,7.600,0.000,-0.080,0.269
16.000,7.700,0.000,-0.050,0.308
16.050,7.800,0.000,-0.020,0.344
16.050,7.900,0.000,0.008,0.377
16.100,8.000,0.000,0.036,0.406
16.150,0.100,0.000,0.021,0.369
16.200,0.200,0.000,0.008,0.333
16.200,0.300,0.000,-0.004,0.298
16.200,0.400,0.000,-0.015,0.265
16.250,0.500,0.000,-0.026,0.232
16.250,0.600,0.000,-0.035,0.201
16.300,0.700,0.000,-0.043,0.171
16.300,0.800,0.000,-0.051,0.141
16.350,0.900,0.000,-0.058,0.113
16.400,1.000,0.000,-0.064,0.085
16.450,1.100,0.000,-0.069,0.059
16.500,1.200,0.000,-0.073,0.033
16.550,1.300,0.000,-0.077,0.008
16.600,1.400,0.000,-0.080,-0.016
16.650,1.500,0.000,-0.082,-0.039
16.650,1.600,0.000,-0.083,-0.062
16.700,1.700,0.000,-0.083,-0.084
16.750,1.800,0.000,-0.083,-0.105
16.800,1.900,0.000,-0.082,-0.125
16.850,2.000,0.000,-0.080,-0.145
16.850,2.100,0.000,-0.077,-0.163
16.900,2.200,0.000,-0.073,-0.181
16.950,2.300,0.000,-0.069,-0.199
17.000,2.400,0.000,-0.063,-0.215
17.050,2.500,0.000,-0.057,-0.231
17.050,2.600,0.000,-0.050,-0.246
17.100,2.700,0.000,-0.042,-0.260
17.150,2.800,0.000,-0.033,-0.273
17.200,2.900,0.000,-0.023,-0.286
17.250,3.000,0.000,-0.013,-0.298
17.300,3.100,0.000,-0.001,-0.309
17.350,3.200,0.000,0.011,-0.319
17.400,3.300,0.000,0.024,-0.328
17.400,3.400,0.000,0.038,-0.337
17.450,3.500,0.000,0.053,-0.344
17.500,3.600,0.000,0.069,-0.351
17.500,3.700,0.000,0.086,-0.357
17.550,3.800,0.000,0.103,-0.363
17.600,3.900,0.000,0.122,-0.367
17.650,4.000,0.000,0.141,-0.370
17.650,4.100,0.000,0.115,-0.397
17.700,4.200,0.000,0.087,-0.423
17.750,4.300,0.000,0.056,-0.447
17.750,4.400,0.000,0.023,-0.471
17.800,4.500,0.000,-0.012,-0.493
17.850,4.600,0.000,-0.049,-0.514
17.900,4.700,0.000,-0.088,-0.532
17.900,4.800,0.000,-0.127,-0.548
17.950,4.900,0.000,-0.166,-0.561
18.000,5.000,0.000,-0.205,-0.571
18.050,5.100,0.000,-0.242,-0.577
18.100,5.200,0.000,-0.278,-0.579
18.150,5.300,0.000,-0.311,-0.577
18.150,5.400,0.000,-0.341,-0.571
18.200,5.500,0.000,-0.367,-0.561
18.250,5.600,0.000,-0.388,-0.546
18.300,5.700,0.000,-0.406,-0.526
18.300,5.800,0.000,-0.418,-0.503
18.350,5.900,0.000,-0.426,-0.475
18.400,6.000,0.000,-0.430,-0.444
18.400,6.100,0.000,-0.428,-0.410
18.450,6.200,0.000,-0.423,-0.372
18.500,6.300,0.000,-0.413,-0.332
18.500,6.400,0.000,-0.400,-0.289
18.600,6.500,0.000,-0.384,-0.244
18.600,6.600,0.000,-0.364,-0.198
18.700,6.700,0.000,-0.342,-0.151
18.700,6.800,0.000,-0.318,-0.102
18.750,6.900,0.000,-0.292,-0.054
18.800,7.000,0.000,-0.264,-0.005
18.800,7.100,0.000,-0.235,0.044
18.850,7.200,0.000,-0.204,0.092
18.850,7.300,0.000,-0.174,0.139
18.900,7.400,0.000,-0.143,0.184
18.950,7.500,0.000,-0.111,0.228
18.950,7.600,0.000,-0.080,0.269
19.000,7.700,0.000,-0.050,0.308
19.050,7.800,0.000,-0.020,0.344
19.100,7.900,0.000,0.008,0.377
19.100,8.000,0.000,0.036,0.406
19.150,0.100,0.000,0.021,0.369
19.300,0.200,0.000,0.008,0.333
19.300,0.300,0.000,-0.004,0.298
19.300,0.400,0.000,-0.015,0.265
19.350,0.500,0.000,-0.026,0.232
19.350,0.600,0.000,-0.035,0.201
19.400,0.700,0.000,-0.043,0.171
19.450,0.800,0.000,-0.051,0.141
19.450,0.900,0.000,-0.058,0.113
19.450,1.000,0.000,-0.064,0.085
19.500,1.100,0.000,-0.069,0.059
19.500,1.200,0.000,-0.073,0.033
19.550,1.300,0.000,-0.077,0.008
19.600,1.400,0.000,-0.080,-0.016
19.600,1.500,0.000,-0.082,-0.039
19.650,1.600,0.000,-0.083,-0.062
19.700,1.700,0.000,-0.083,-0.084
19.700,1.800,0.000,-0.083,-0.105
19.700,1.900,0.000,-0.082,-0.125
19.750,2.000,0.000,-0.080,-0.145
19.750,2.100,0.000,-0.077,-0.163
19.800,2.200,0.000,-0.073,-0.181
19.800,2.300,0.000,-0.069,-0.199
19.850,2.400,0.000,-0.063,-0.215
19.900,2.500,0.000,-0.057,-0.231
19.900,2.600,0.000,-0.050,-0.246
19.950,2.700,0.000,-0.042,-0.260
20.000,2.800,0.000,-0.033,-0.273
20.000,2.900,0.000,-0.023,-0.286
20.050,3.000,0.000,-0.013,-0.298
20.050,3.100,0.000,-0.001,-0.309
20.100,3.200,0.000,0.011,-0.319
20.150,3.300,0.000,0.024,-0.328
20.200,3.400,0.000,0.038,-0.337
20.200,3.500,0.000,0.053,-0.344
20.250,3.600,0.000,0.069,-0.351
20.250,3.700,0.000,0.086,-0.357
20.300,3.800,0.000,0.103,-0.363
20.350,3.900,0.000,0.122,-0.367
20.400,4.000,0.000,0.141,-0.370
20.400,4.100,0.000,0.115,-0.397
20.450,4.200,0.000,0.087,-0.423
20.450,4.300,0.000,0.056,-0.447
20.500,4.400,0.000,0.023,-0.471
20.500,4.500,0.000,-0.012,-0.493
20.550,4.600,0.000,-0.049,-0.514
20.550,4.700,0.000,-0.088,-0.532
20.600,4.800,0.000,-0.127,-0.548
20.650,4.900,0.000,-0.166,-0.561
20.650,5.000,0.000,-0.205,-0.571
20.700,5.100,0.000,-0.242,-0.577
20.700,5.200,0.000,-0.278,-0.579
20.750,5.300,0.000,-0.311,-0.577
20.800,5.400,0.000,-0.341,-0.571
20.800,5.500,0.000,-0.367,-0.561
20.850,5.600,0.000,-0.388,-0.546
20.900,5.700,0.000,-0.406,-0.526
20.900,5.800,0.000,-0.418,-0.503
20.950,5.900,0.000,-0.426,-0.475
21.000,6.000,0.000,-0.430,-0.444
21.000,6.100,0.000,-0.428,-0.410
21.050,6.200,0.000,-0.423,-0.372
21.100,6.300,0.000,-0.413,-0.332
21.150,6.400,0.000,-0.400,-0.289
21.200,6.500,0.000,-0.384,-0.244
21.250,6.600,0.000,-0.364,-0.198
21.250,6.700,0.000,-0.342,-0.151
21.350,6.800,0.000,-0.318,-0.102
21.350,6.900,0.000,-0.292,-0.054
21.450,7.000,0.000,-0.264,-0.005
21.500,7.100,0.000,-0.235,0.044
21.550,7.200,0.000,-0.204,0.092
21.550,7.300,0.000,-0.174,0.139
21.600,7.400,0.000,-0.143,0.184
21.600,7.500,0.000,-0.111,0.228
21.650,7.600,0.000,-0.080,0.269
21.700,7.700,0.000,-0.050,0.308
21.750,7.800,0.000,-0.020,0.344
21.800,7.900,0.000,0.008,0.377
21.800,8.000,0.000,0.036,0.406
21.850,0.100,0.000,0.021,0.369
21.900,0.200,0.000,0.008,0.333
21.900,0.300,0.000,-0.004,0.298
21.950,0.400,0.000,-0.015,0.265
22.000,0.500,0.000,-0.026,0.232
22.050,0.600,0.000,-0.035,0.201
22.100,0.700,0.000,-0.043,0.171
22.150,0.800,0.000,-0.051,0.141
22.200,0.900,0.000,-0.058,0.113
22.250,1.000,0.000,-0.064,0.085
22.300,1.100,0.000,-0.069,0.059
22.350,1.200,0.000,-0.073,0.033
22.400,1.300,0.000,-0.077,0.008
22.450,1.400,0.000,-0.080,-0.016
22.500,1.500,0.000,-0.082,-0.039
22.500,1.600,0.000,-0.083,-0.062
22.550,1.700,0.000,-0.083,-0.084
22.550,1.800,0.000,-0.083,-0.105
22.600,1.900,0.000,-0.082,-0.125
22.650,2.000,0.000,-0.080,-0.145
22.650,2.100,0.000,-0.077,-0.163
22.700,2.200,0.000,-0.073,-0.181
22.750,2.300,0.000,-0.069,-0.199
22.750,2.400,0.000,-0.063,-0.215
22.800,2.500,0.000,-0.057,-0.231
22.800,2.600,0.000,-0.050,-0.246
22.850,2.700,0.000,-0.042,-0.260
22.900,2.800,0.000,-0.033,-0.273
22.900,2.900,0.000,-0.023,-0.286
22.950,3.000,0.000,-0.013,-0.298
23.000,3.100,0.000,-0.001,-0.309
23.000,3.200,0.000,0.011,-0.319
23.050,3.300,0.000,0.024,-0.328
23.100,3.400,0.000,0.038,-0.337
23.100,3.500,0.000,0.053,-0.344
23.150,3.600,0.000,0.069,-0.351
23.200,3.700,0.000,0.086,-0.357
23.200,3.800,0.000,0.103,-0.363
23.250,3.900,0.000,0.122,-0.367
23.300,4.000,0.000,0.141,-0.370
23.300,4.100,0.000,0.115,-0.397
23.350,4.200,0.000,0.087,-0.423
23.400,4.300,0.000,0.056,-0.447
23.400,4.400,0.000,0.023,-0.471
23.450,4.500,0.000,-0.012,-0.493
23.450,4.600,0.000,-0.049,-0.514
23.500,4.700,0.000,-0.088,-0.532
23.550,4.800,0.000,-0.127,-0.548
23.550,4.900,0.000,-0.166,-0.561
23.600,5.000,0.000,-0.205,-0.571
23.600,5.100,0.000,-0.242,-0.577
23.650,5.200,0.000,-0.278,-0.579
23.700,5.300,0.000,-0.311,-0.577
23.700,5.400,0.000,-0.341,-0.571
23.750,5.500,0.000,-0.367,-0.561
23.750,5.600,0.000,-0.388,-0.546
23.800,5.700,0.000,-0.406,-0.526
23.850,5.800,0.000,-0.418,-0.503
23.850,5.900,0.000,-0.426,-0.475
23.900,6.000,0.000,-0.430,-0.444
23.950,6.100,0.000,-0.428,-0.410
23.950,6.200,0.000,-0.423,-0.372
23.950,6.300,0.000,-0.413,-0.332
24.000,6.400,0.000,-0.400,-0.289
24.050,6.500,0.000,-0.384,-0.244
24.100,6.600,0.000,-0.364,-0.198
24.150,6.700,0.000,-0.342,-0.151
24.150,6.800,0.000,-0.318,-0.102
24.250,6.900,0.000,-0.292,-0.054
24.250,7.000,0.000,-0.264,-0.005
24.300,7.100,0.000,-0.235,0.044
24.300,7.200,0.000,-0.204,0.092
24.350,7.300,0.000,-0.174,0.139
24.350,7.400,0.000,-0.143,0.184
24.450,7.500,0.000,-0.111,0.228
24.450,7.600,0.000,-0.080,0.269
24.500,7.700,0.000,-0.050,0.308
24.550,7.800,0.000,-0.020,0.344
24.600,7.900,0.000,0.008,0.377
24.600,8.000,0.000,0.036,0.406
24.650,0.100,0.000,0.021,0.369
24.800,0.200,0.000,-0.004,0.298
24.800,0.300,0.000,-0.020,0.248
24.800,0.400,0.000,-0.035,0.201
24.800,0.500,0.000,-0.047,0.156
24.800,0.600,0.000,-0.058,0.113
24.850,0.700,0.000,-0.067,0.072
24.900,0.800,0.000,-0.073,0.033
24.950,0.900,0.000,-0.079,-0.004
24.950,1.000,0.000,-0.082,-0.039
25.000,1.100,0.000,-0.083,-0.073
25.050,1.200,0.000,-0.083,-0.105
25.100,1.300,0.000,-0.081,-0.135
25.100,1.400,0.000,-0.077,-0.163
25.100,1.500,0.000,-0.071,-0.190
25.150,1.600,0.000,-0.063,-0.215
25.150,1.700,0.000,-0.054,-0.238
25.150,1.800,0.000,-0.042,-0.260
25.150,1.900,0.000,-0.028,-0.280
25.200,2.000,0.000,-0.013,-0.298
25.250,2.100,0.000,0.005,-0.314
25.250,2.200,0.000,0.024,-0.328
25.300,2.300,0.000,0.046,-0.341
25.350,2.400,0.000,0.069,-0.351
25.400,2.500,0.000,0.095,-0.360
25.450,2.600,0.000,0.122,-0.367
25.500,2.700,0.000,-0.058,-0.268
25.500,2.800,0.000,-0.099,-0.304
25.550,2.900,0.000,-0.141,-0.336
25.600,3.000,0.000,-0.184,-0.363
25.650,3.100,0.000,-0.226,-0.385
25.700,3.200,0.000,-0.266,-0.402
25.700,3.300,0.000,-0.304,-0.412
25.750,3.400,0.000,-0.338,-0.415
25.800,3.500,0.000,-0.367,-0.411
25.850,3.600,0.000,-0.390,-0.401
25.850,3.700,0.000,-0.407,-0.383
25.900,3.800,0.000,-0.416,-0.358
25.950,3.900,0.000,-0.419,-0.327
26.000,4.000,0.000,-0.415,-0.290
26.000,4.100,0.000,-0.404,-0.248
26.050,4.200,0.000,-0.387,-0.201
26.050,4.300,0.000,-0.364,-0.150
26.100,4.400,0.000,-0.336,-0.096
26.150,4.500,0.000,-0.304,-0.040
26.150,4.600,0.000,-0.269,0.017
26.200,4.700,0.000,-0.230,0.075
26.250,4.800,0.000,-0.190,0.133
26.300,4.900,0.000,-0.148,0.190
26.350,5.000,0.000,-0.105,0.246
26.400,5.100,0.000,-0.062,0.298
26.400,5.200,0.000,-0.019,0.347
26.450,5.300,0.000,0.022,0.392
26.500,0.067,0.000,0.026,0.381
26.600,0.167,0.000,0.020,0.364
26.600,0.267,0.000,0.011,0.340
26.600,0.367,0.000,0.002,0.317
26.700,0.467,0.000,-0.005,0.294
26.700,0.567,0.000,-0.013,0.272
26.750,0.667,0.000,-0.020,0.250
26.800,0.767,0.000,-0.027,0.228
26.800,0.867,0.000,-0.033,0.208
26.850,0.967,0.000,-0.039,0.187
26.900,1.067,0.000,-0.044,0.167
26.900,1.167,0.000,-0.050,0.147
26.950,1.267,0.000,-0.054,0.128
26.950,1.367,0.000,-0.059,0.110
27.000,1.467,0.000,-0.063,0.091
27.050,1.567,0.000,-0.066,0.073
27.050,1.667,0.000,-0.070,0.056
27.100,1.767,0.000,-0.073,0.038
27.150,1.867,0.000,-0.075,0.022
27.150,1.967,0.000,-0.077,0.005
27.200,2.067,0.000,-0.079,-0.011
27.250,2.167,0.000,-0.081,-0.027
27.250,2.267,0.000,-0.082,-0.042
27.300,2.367,0.000,-0.083,-0.057
27.350,2.467,0.000,-0.083,-0.072
27.350,2.567,0.000,-0.083,-0.086
27.400,2.667,0.000,-0.083,-0.100
27.450,2.767,0.000,-0.083,-0.114
27.450,2.867,0.000,-0.082,-0.128
27.500,2.967,0.000,-0.080,-0.141
27.550,3.067,0.000,-0.079,-0.153
27.600,3.167,0.000,-0.076,-0.166
27.650,3.267,0.000,-0.074,-0.178
27.650,3.367,0.000,-0.071,-0.189
27.700,3.467,0.000,-0.068,-0.201
27.750,3.567,0.000,-0.064,-0.212
27.750,3.667,0.000,-0.061,-0.222
27.800,3.767,0.000,-0.056,-0.233
27.800,3.867,0.000,-0.052,-0.243
27.850,3.967,0.000,-0.046,-0.252
27.850,4.067,0.000,0.124,-0.388
27.900,4.167,0.000,0.097,-0.414
27.900,4.267,0.000,0.067,-0.439
27.950,4.367,0.000,0.034,-0.463
28.000,4.467,0.000,-0.000,-0.486
28.000,4.567,0.000,-0.037,-0.507
28.050,4.667,0.000,-0.075,-0.526
28.050,4.767,0.000,-0.113,-0.543
28.100,4.867,0.000,-0.153,-0.557
28.100,4.967,0.000,-0.192,-0.568
28.150,5.067,0.000,-0.230,-0.575
28.150,5.167,0.000,-0.266,-0.579
28.200,5.267,0.000,-0.300,-0.578
28.200,5.367,0.000,-0.331,-0.574
28.250,5.467,0.000,-0.358,-0.565
28.300,5.567,0.000,-0.382,-0.551
28.300,5.667,0.000,-0.400,-0.533
28.350,5.767,0.000,-0.415,-0.511
28.350,5.867,0.000,-0.424,-0.485
28.400,5.967,0.000,-0.429,-0.455
28.450,6.067,0.000,-0.429,-0.422
28.450,6.167,0.000,-0.425,-0.385
28.500,6.267,0.000,-0.417,-0.346
28.550,6.367,0.000,-0.405,-0.304
28.600,6.467,0.000,-0.390,-0.260
28.600,6.567,0.000,-0.371,-0.214
28.650,6.667,0.000,-0.350,-0.167
28.700,6.767,0.000,-0.326,-0.119
28.700,6.867,0.000,-0.301,-0.070
28.750,6.967,0.000,-0.273,-0.021
28.750,7.067,0.000,-0.245,0.027
28.800,7.167,0.000,-0.215,0.076
28.850,7.267,0.000,-0.184,0.123
28.850,7.367,0.000,-0.153,0.169
28.900,7.467,0.000,-0.122,0.213
28.900,7.567,0.000,-0.091,0.256
28.950,7.667,0.000,-0.060,0.295
29.000,7.767,0.000,-0.030,0.332
29.000,7.867,0.000,-0.001,0.366
29.050,7.967,0.000,0.026,0.397
29.100,0.067,0.000,0.026,0.381
29.150,0.167,0.000,0.012,0.344
29.150,0.267,0.000,-0.000,0.309
29.150,0.367,0.000,-0.012,0.275
29.200,0.467,0.000,-0.022,0.242
29.250,0.567,0.000,-0.032,0.211
29.300,0.667,0.000,-0.041,0.180
29.300,0.767,0.000,-0.049,0.151
29.350,0.867,0.000,-0.056,0.122
29.400,0.967,0.000,-0.062,0.094
29.450,1.067,0.000,-0.068,0.067
29.500,1.167,0.000,-0.072,0.041
29.500,1.267,0.000,-0.076,0.016
29.550,1.367,0.000,-0.079,-0.009
29.550,1.467,0.000,-0.081,-0.032
29.600,1.567,0.000,-0.083,-0.055
29.650,1.667,0.000,-0.083,-0.077
29.650,1.767,0.000,-0.083,-0.098
29.700,1.867,0.000,-0.082,-0.119
29.700,1.967,0.000,-0.080,-0.139
29.750,2.067,0.000,-0.078,-0.158
29.800,2.167,0.000,-0.074,-0.176
29.800,2.267,0.000,-0.070,-0.193
29.850,2.367,0.000,-0.065,-0.210
29.850,2.467,0.000,-0.059,-0.226
29.900,2.567,0.000,-0.052,-0.241
29.950,2.667,0.000,-0.045,-0.255
29.950,2.767,0.000,-0.036,-0.269
30.000,2.867,0.000,-0.027,-0.282
30.000,2.967,0.000,-0.016,-0.294
30.050,3.067,0.000,-0.005,-0.305
30.100,3.167,0.000,0.007,-0.316
30.150,3.267,0.000,0.020,-0.325
30.150,3.367,0.000,0.034,-0.334
30.200,3.467,0.000,0.048,-0.342
30.200,3.567,0.000,0.064,-0.349
30.250,3.667,0.000,0.080,-0.356
30.250,3.767,0.000,0.098,-0.361
30.300,3.867,0.000,0.116,-0.366
30.350,3.967,0.000,0.135,-0.369
30.350,4.067,0.000,0.125,-0.388
30.400,4.167,0.000,0.097,-0.414
30.400,4.267,0.000,0.067,-0.439
30.450,4.367,0.000,0.035,-0.463
30.500,4.467,0.000,-0.000,-0.486
30.500,4.567,0.000,-0.037,-0.507
30.550,4.667,0.000,-0.074,-0.526
30.600,4.767,0.000,-0.113,-0.543
30.600,4.867,0.000,-0.153,-0.557
30.650,4.967,0.000,-0.191,-0.568
30.650,5.067,0.000,-0.230,-0.575
30.700,5.167,0.000,-0.266,-0.579
30.700,5.267,0.000,-0.300,-0.578
30.750,5.367,0.000,-0.331,-0.574
30.750,5.467,0.000,-0.358,-0.565
30.800,5.567,0.000,-0.382,-0.551
30.850,5.667,0.000,-0.400,-0.534
30.850,5.767,0.000,-0.415,-0.512
30.900,5.867,0.000,-0.424,-0.485
30.900,5.967,0.000,-0.429,-0.455
30.950,6.067,0.000,-0.429,-0.422
31.000,6.167,0.000,-0.425,-0.385
31.000,6.267,0.000,-0.417,-0.346
31.050,6.367,0.000,-0.405,-0.304
31.100,6.467,0.000,-0.390,-0.260
31.150,6.567,0.000,-0.371,-0.214
31.150,6.667,0.000,-0.350,-0.167
31.200,6.767,0.000,-0.326,-0.119
31.200,6.867,0.000,-0.301,-0.070
31.300,6.967,0.000,-0.273,-0.022
31.300,7.067,0.000,-0.245,0.027
31.350,7.167,0.000,-0.215,0.075
31.350,7.267,0.000,-0.184,0.123
31.400,7.367,0.000,-0.153,0.169
31.400,7.467,0.000,-0.122,0.213
31.450,7.567,0.000,-0.091,0.255
31.450,7.667,0.000,-0.060,0.295
31.550,7.767,0.000,-0.030,0.332
31.550,7.867,0.000,-0.001,0.366
31.600,7.967,0.000,0.026,0.396
31.600,0.067,0.000,0.026,0.380
31.700,0.167,0.000,0.012,0.344
31.700,0.267,0.000,-0.000,0.309
31.700,0.367,0.000,-0.012,0.275
31.750,0.467,0.000,-0.022,0.242
31.800,0.567,0.000,-0.032,0.211
31.850,0.667,0.000,-0.041,0.180
31.850,0.767,0.000,-0.049,0.150
31.900,0.867,0.000,-0.056,0.122
31.950,0.967,0.000,-0.062,0.094
32.000,1.067,0.000,-0.068,0.067
32.050,1.167,0.000,-0.072,0.041
32.100,1.267,0.000,-0.076,0.016
32.100,1.367,0.000,-0.079,-0.009
32.150,1.467,0.000,-0.081,-0.032
32.200,1.567,0.000,-0.083,-0.055
32.200,1.667,0.000,-0.083,-0.077
32.250,1.767,0.000,-0.083,-0.098
32.300,1.867,0.000,-0.082,-0.119
32.300,1.967,0.000,-0.080,-0.139
32.350,2.067,0.000,-0.078,-0.158
32.350,2.167,0.000,-0.074,-0.176
32.400,2.267,0.000,-0.070,-0.193
32.400,2.367,0.000,-0.065,-0.210
32.450,2.467,0.000,-0.059,-0.226
32.500,2.567,0.000,-0.052,-0.241
32.500,2.667,0.000,-0.045,-0.256
32.550,2.767,0.000,-0.036,-0.269
32.600,2.867,0.000,-0.027,-0.282
32.600,2.967,0.000,-0.016,-0.294
32.650,3.067,0.000,-0.005,-0.305
32.700,3.167,0.000,0.007,-0.316
32.700,3.267,0.000,0.020,-0.325
32.750,3.367,0.000,0.034,-0.334
32.750,3.467,0.000,0.049,-0.342
32.800,3.567,0.000,0.064,-0.349
32.850,3.667,0.000,0.081,-0.356
32.850,3.767,0.000,0.098,-0.361
32.850,3.867,0.000,0.116,-0.366
32.900,3.967,0.000,0.135,-0.369
32.900,4.067,0.000,0.125,-0.388
32.900,4.167,0.000,0.097,-0.414
32.950,4.267,0.000,0.067,-0.439
33.000,4.367,0.000,0.035,-0.463
33.050,4.467,0.000,0.000,-0.486
33.100,4.567,0.000,-0.036,-0.507
33.150,4.667,0.000,-0.074,-0.526
33.200,4.767,0.000,-0.113,-0.543
33.200,4.867,0.000,-0.152,-0.557
33.300,4.967,0.000,-0.191,-0.568
33.300,5.067,0.000,-0.229,-0.575
33.350,5.167,0.000,-0.266,-0.579
33.400,5.267,0.000,-0.300,-0.579
33.450,5.367,0.000,-0.331,-0.574
33.500,5.467,0.000,-0.358,-0.565
33.550,5.567,0.000,-0.382,-0.551
33.600,5.667,0.000,-0.400,-0.534
33.650,5.767,0.000,-0.415,-0.512
33.650,5.867,0.000,-0.424,-0.486
33.700,5.967,0.000,-0.429,-0.456
33.750,6.067,0.000,-0.429,-0.422
33.750,6.167,0.000,-0.425,-0.386
33.800,6.267,0.000,-0.417,-0.346
33.850,6.367,0.000,-0.405,-0.304
33.900,6.467,0.000,-0.390,-0.260
33.950,6.567,0.000,-0.371,-0.214
34.000,6.667,0.000,-0.350,-0.167
34.050,6.767,0.000,-0.326,-0.119
34.100,6.867,0.000,-0.301,-0.071
34.150,6.967,0.000,-0.273,-0.022
34.150,7.067,0.000,-0.245,0.027
34.250,7.167,0.000,-0.215,0.075
34.250,7.267,0.000,-0.184,0.122
34.300,7.367,0.000,-0.153,0.168
34.350,7.467,0.000,-0.122,0.213
34.400,7.567,0.000,-0.091,0.255
34.400,7.667,0.000,-0.060,0.295
34.450,7.767,0.000,-0.030,0.332
34.500,7.867,0.000,-0.002,0.366
34.550,7.967,0.000,0.026,0.396
34.600,0.067,0.000,0.026,0.380
34.700,0.167,0.000,0.012,0.344
34.700,0.267,0.000,-0.000,0.309
34.700,0.367,0.000,-0.012,0.275
34.750,0.467,0.000,-0.022,0.242
34.800,0.567,0.000,-0.032,0.210
34.850,0.667,0.000,-0.041,0.180
34.900,0.767,0.000,-0.049,0.150
34.950,0.867,0.000,-0.056,0.121
35.000,0.967,0.000,-0.062,0.094
35.050,1.067,0.000,-0.068,0.067
35.100,1.167,0.000,-0.072,0.041
35.150,1.267,0.000,-0.076,0.016
35.200,1.367,0.000,-0.079,-0.009
35.200,1.467,0.000,-0.081,-0.032
35.250,1.567,0.000,-0.083,-0.055
35.300,1.667,0.000,-0.083,-0.077
35.350,1.767,0.000,-0.083,-0.099
35.400,1.867,0.000,-0.082,-0.119
35.450,1.967,0.000,-0.080,-0.139
35.500,2.067,0.000,-0.078,-0.158
35.550,2.167,0.000,-0.074,-0.176
35.550,2.267,0.000,-0.070,-0.193
35.650,2.367,0.000,-0.065,-0.210
35.650,2.467,0.000,-0.059,-0.226
35.700,2.567,0.000,-0.052,-0.241
35.750,2.667,0.000,-0.044,-0.256
35.800,2.767,0.000,-0.036,-0.269
35.850,2.867,0.000,-0.026,-0.282
35.900,2.967,0.000,-0.016,-0.294
35.950,3.067,0.000,-0.005,-0.305
35.950,3.167,0.000,0.007,-0.316
36.000,3.267,0.000,0.020,-0.325
36.050,3.367,0.000,0.034,-0.334
36.050,3.467,0.000,0.049,-0.342
36.100,3.567,0.000,0.064,-0.349
36.150,3.667,0.000,0.081,-0.356
36.150,3.767,0.000,0.098,-0.361
36.200,3.867,0.000,0.116,-0.366
36.200,3.967,0.000,0.135,-0.369
36.250,4.067,0.000,0.125,-0.388
36.300,4.167,0.000,0.097,-0.414
36.300,4.267,0.000,0.067,-0.439
36.350,4.367,0.000,0.035,-0.463
36.400,4.467,0.000,0.000,-0.486
36.450,4.567,0.000,-0.036,-0.507
36.450,4.667,0.000,-0.074,-0.526
36.500,4.767,0.000,-0.113,-0.543
36.550,4.867,0.000,-0.152,-0.557
36.550,4.967,0.000,-0.191,-0.568
36.600,5.067,0.000,-0.229,-0.575
36.650,5.167,0.000,-0.266,-0.579
36.700,5.267,0.000,-0.300,-0.579
36.700,5.367,0.000,-0.331,-0.574
36.750,5.467,0.000,-0.358,-0.565
36.750,5.567,0.000,-0.381,-0.552
36.800,5.667,0.000,-0.400,-0.534
36.850,5.767,0.000,-0.415,-0.512
36.850,5.867,0.000,-0.424,-0.486
36.900,5.967,0.000,-0.429,-0.456
36.900,6.067,0.000,-0.429,-0.422
36.950,6.167,0.000,-0.425,-0.386
36.950,6.267,0.000,-0.417,-0.346
37.000,6.367,0.000,-0.405,-0.304
37.050,6.467,0.000,-0.390,-0.260
37.050,6.567,0.000,-0.371,-0.215
37.100,6.667,0.000,-0.350,-0.167
37.150,6.767,0.000,-0.326,-0.119
37.150,6.867,0.000,-0.301,-0.071
37.200,6.967,0.000,-0.273,-0.022
37.200,7.067,0.000,-0.245,0.027
37.250,7.167,0.000,-0.215,0.075
37.300,7.267,0.000,-0.184,0.122
37.300,7.367,0.000,-0.153,0.168
37.350,7.467,0.000,-0.122,0.213
37.400,7.567,0.000,-0.091,0.255
37.400,7.667,0.000,-0.060,0.295
37.450,7.767,0.000,-0.031,0.332
37.500,7.867,0.000,-0.002,0.365
37.500,7.967,0.000,0.026,0.396
37.550,0.067,0.000,0.025,0.380
37.600,0.167,0.000,0.012,0.343
37.600,0.267,0.000,-0.001,0.308
37.650,0.367,0.000,-0.012,0.274
37.650,0.467,0.000,-0.023,0.242
37.700,0.567,0.000,-0.032,0.210
37.750,0.667,0.000,-0.041,0.180
37.800,0.767,0.000,-0.049,0.150
37.800,0.867,0.000,-0.056,0.121
37.850,0.967,0.000,-0.062,0.093
37.850,1.067,0.000,-0.068,0.067
37.900,1.167,0.000,-0.072,0.041
37.900,1.267,0.000,-0.076,0.015
37.950,1.367,0.000,-0.079,-0.009
37.950,1.467,0.000,-0.081,-0.033
38.000,1.567,0.000,-0.083,-0.055
38.000,1.667,0.000,-0.083,-0.077
38.050,1.767,0.000,-0.083,-0.099
38.100,1.867,0.000,-0.082,-0.119
38.150,1.967,0.000,-0.080,-0.139
38.150,2.067,0.000,-0.078,-0.158
38.200,2.167,0.000,-0.074,-0.176
38.250,2.267,0.000,-0.070,-0.194
38.300,2.367,0.000,-0.065,-0.210
38.300,2.467,0.000,-0.059,-0.226
38.300,2.567,0.000,-0.052,-0.241
38.350,2.667,0.000,-0.044,-0.256
38.400,2.767,0.000,-0.036,-0.269
38.450,2.867,0.000,-0.026,-0.282
38.450,2.967,0.000,-0.016,-0.294
38.500,3.067,0.000,-0.005,-0.305
38.550,3.167,0.000,0.007,-0.316
38.550,3.267,0.000,0.020,-0.325
38.600,3.367,0.000,0.034,-0.334
38.600,3.467,0.000,0.049,-0.342
38.650,3.567,0.000,0.064,-0.349
38.700,3.667,0.000,0.081,-0.356
38.750,3.767,0.000,0.098,-0.361
38.750,3.867,0.000,0.116,-0.366
38.800,3.967,0.000,0.135,-0.369
38.850,4.067,0.000,0.125,-0.388
38.850,4.167,0.000,0.097,-0.414
38.900,4.267,0.000,0.067,-0.439
38.950,4.367,0.000,0.035,-0.463
39.000,4.467,0.000,0.000,-0.486
39.050,4.567,0.000,-0.036,-0.507
39.100,4.667,0.000,-0.074,-0.526
39.100,4.767,0.000,-0.113,-0.543
39.150,4.867,0.000,-0.152,-0.557
39.150,4.967,0.000,-0.191,-0.568
39.200,5.067,0.000,-0.229,-0.575
39.250,5.167,0.000,-0.266,-0.579
39.300,5.267,0.000,-0.300,-0.579
39.300,5.367,0.000,-0.331,-0.574
39.300,5.467,0.000,-0.358,-0.565
39.300,5.567,0.000,-0.381,-0.552
39.350,5.667,0.000,-0.400,-0.534
39.350,5.767,0.000,-0.415,-0.512
39.400,5.867,0.000,-0.424,-0.486
39.450,5.967,0.000,-0.429,-0.456
39.500,6.067,0.000,-0.429,-0.422
39.500,6.167,0.000,-0.425,-0.386
39.550,6.267,0.000,-0.417,-0.346
39.550,6.367,0.000,-0.405,-0.304
39.600,6.467,0.000,-0.390,-0.260
39.650,6.567,0.000,-0.371,-0.215
39.650,6.667,0.000,-0.350,-0.168
39.700,6.767,0.000,-0.326,-0.120
39.750,6.867,0.000,-0.301,-0.071
39.800,6.967,0.000,-0.274,-0.022
39.850,7.067,0.000,-0.245,0.027
39.900,7.167,0.000,-0.215,0.075
39.950,7.267,0.000,-0.184,0.122
40.000,7.367,0.000,-0.153,0.168
40.050,7.467,0.000,-0.122,0.212
40.050,7.567,0.000,-0.091,0.255
40.100,7.667,0.000,-0.061,0.294
40.150,7.767,0.000,-0.031,0.331
40.200,7.867,0.000,-0.002,0.365
40.200,7.967,0.000,0.026,0.396
40.250,0.067,0.000,0.025,0.380
40.350,0.167,0.000,0.012,0.343
40.350,0.267,0.000,-0.001,0.308
40.350,0.367,0.000,-0.012,0.274
40.400,0.467,0.000,-0.023,0.242
40.450,0.567,0.000,-0.032,0.210
40.450,0.667,0.000,-0.041,0.179
40.500,0.767,0.000,-0.049,0.150
40.550,0.867,0.000,-0.056,0.121
40.550,0.967,0.000,-0.062,0.093
40.650,1.067,0.000,-0.068,0.066
40.700,1.167,0.000,-0.072,0.040
40.750,1.267,0.000,-0.076,0.015
40.800,1.367,0.000,-0.079,-0.009
40.850,1.467,0.000,-0.081,-0.033
40.900,1.567,0.000,-0.083,-0.056
40.900,1.667,0.000,-0.083,-0.078
40.950,1.767,0.000,-0.083,-0.099
41.000,1.867,0.000,-0.082,-0.119
41.050,1.967,0.000,-0.080,-0.139
41.100,2.067,0.000,-0.078,-0.158
41.150,2.167,0.000,-0.074,-0.176
41.200,2.267,0.000,-0.070,-0.194
41.250,2.367,0.000,-0.065,-0.210
41.350,2.467,0.000,-0.059,-0.226
41.400,2.567,0.000,-0.052,-0.241
41.450,2.667,0.000,-0.044,-0.256
41.500,2.767,0.000,-0.036,-0.269
41.500,2.867,0.000,-0.026,-0.282
41.550,2.967,0.000,-0.016,-0.294
41.550,3.067,0.000,-0.005,-0.306
41.600,3.167,0.000,0.007,-0.316
41.700,3.267,0.000,0.020,-0.326
41.700,3.367,0.000,0.034,-0.334
41.750,3.467,0.000,0.049,-0.342
41.750,3.567,0.000,0.064,-0.349
41.800,3.667,0.000,0.081,-0.356
41.850,3.767,0.000,0.098,-0.361
41.900,3.867,0.000,0.116,-0.366
41.950,3.967,0.000,0.136,-0.369
42.000,4.067,0.000,0.125,-0.388
42.000,4.167,0.000,0.098,-0.414
42.050,4.267,0.000,0.068,-0.439
42.050,4.367,0.000,0.035,-0.464
42.100,4.467,0.000,0.000,-0.486
42.150,4.567,0.000,-0.036,-0.507
42.150,4.667,0.000,-0.074,-0.526
42.200,4.767,0.000,-0.113,-0.543
42.200,4.867,0.000,-0.152,-0.557
42.250,4.967,0.000,-0.191,-0.568
42.250,5.067,0.000,-0.229,-0.575
42.250,5.167,0.000,-0.266,-0.579
42.300,5.267,0.000,-0.300,-0.579
42.350,5.367,0.000,-0.331,-0.574
42.350,5.467,0.000,-0.358,-0.565
42.400,5.567,0.000,-0.381,-0.552
42.400,5.667,0.000,-0.400,-0.534
42.450,5.767,0.000,-0.415,-0.512
42.500,5.867,0.000,-0.424,-0.486
42.500,5.967,0.000,-0.429,-0.456
42.550,6.067,0.000,-0.429,-0.423
42.550,6.167,0.000,-0.425,-0.386
42.600,6.267,0.000,-0.417,-0.347
42.650,6.367,0.000,-0.405,-0.305
42.700,6.467,0.000,-0.390,-0.261
42.700,6.567,0.000,-0.371,-0.215
42.750,6.667,0.000,-0.350,-0.168
42.750,6.767,0.000,-0.327,-0.120
42.800,6.867,0.000,-0.301,-0.071
42.800,6.967,0.000,-0.274,-0.022
42.850,7.067,0.000,-0.245,0.026
42.850,7.167,0.000,-0.215,0.074
42.900,7.267,0.000,-0.185,0.122
42.900,7.367,0.000,-0.153,0.168
42.900,7.467,0.000,-0.122,0.212
42.950,7.567,0.000,-0.091,0.254
42.950,7.667,0.000,-0.061,0.294
43.000,7.767,0.000,-0.031,0.331
43.000,7.867,0.000,-0.002,0.365
43.050,7.967,0.000,0.026,0.395
43.100,0.067,0.000,0.025,0.379
43.200,0.167,0.000,0.012,0.343
43.200,0.267,0.000,-0.001,0.308
43.200,0.367,0.000,-0.012,0.274
43.200,0.467,0.000,-0.023,0.241
43.250,0.567,0.000,-0.032,0.210
43.250,0.667,0.000,-0.041,0.179
43.300,0.767,0.000,-0.049,0.150
43.300,0.867,0.000,-0.056,0.121
43.300,0.967,0.000,-0.062,0.093
43.350,1.067,0.000,-0.068,0.066
43.350,1.167,0.000,-0.072,0.040
43.400,1.267,0.000,-0.076,0.015
43.450,1.367,0.000,-0.079,-0.009
43.500,1.467,0.000,-0.081,-0.033
43.550,1.567,0.000,-0.083,-0.056
43.550,1.667,0.000,-0.083,-0.078
43.600,1.767,0.000,-0.083,-0.099
43.650,1.867,0.000,-0.082,-0.119
43.650,1.967,0.000,-0.080,-0.139
43.700,2.067,0.000,-0.078,-0.158
43.750,2.167,0.000,-0.074,-0.176
43.800,2.267,0.000,-0.070,-0.194
43.850,2.367,0.000,-0.065,-0.210
43.900,2.467,0.000,-0.059,-0.226
43.950,2.567,0.000,-0.052,-0.242
44.000,2.667,0.000,-0.044,-0.256
44.000,2.767,0.000,-0.036,-0.270
44.050,2.867,0.000,-0.026,-0.282
44.050,2.967,0.000,-0.016,-0.294
44.100,3.067,0.000,-0.005,-0.306
44.150,3.167,0.000,0.007,-0.316
44.150,3.267,0.000,0.020,-0.326
44.200,3.367,0.000,0.034,-0.334
44.200,3.467,0.000,0.049,-0.342
44.250,3.567,0.000,0.065,-0.349
44.250,3.667,0.000,0.081,-0.356
44.300,3.767,0.000,0.098,-0.361
44.350,3.867,0.000,0.117,-0.366
44.350,3.967,0.000,0.136,-0.369
44.400,4.067,0.000,0.125,-0.388
44.450,4.167,0.000,0.098,-0.414
44.450,4.267,0.000,0.068,-0.439
44.500,4.367,0.000,0.035,-0.464
44.550,4.467,0.000,0.001,-0.486
44.550,4.567,0.000,-0.036,-0.507
44.600,4.667,0.000,-0.074,-0.526
44.650,4.767,0.000,-0.113,-0.543
44.650,4.867,0.000,-0.152,-0.557
44.700,4.967,0.000,-0.191,-0.568
44.750,5.067,0.000,-0.229,-0.576
44.800,5.167,0.000,-0.265,-0.579
44.800,5.267,0.000,-0.299,-0.579
44.900,5.367,0.000,-0.331,-0.574
44.900,5.467,0.000,-0.358,-0.565
44.950,5.567,0.000,-0.381,-0.552
45.000,5.667,0.000,-0.400,-0.534
45.000,5.767,0.000,-0.415,-0.512
45.100,5.867,0.000,-0.424,-0.486
45.100,5.967,0.000,-0.429,-0.456
45.150,6.067,0.000,-0.429,-0.423
45.150,6.167,0.000,-0.425,-0.386
45.200,6.267,0.000,-0.417,-0.347
45.200,6.367,0.000,-0.405,-0.305
45.250,6.467,0.000,-0.390,-0.261
45.300,6.567,0.000,-0.371,-0.215
45.300,6.667,0.000,-0.350,-0.168
45.350,6.767,0.000,-0.327,-0.120
45.350,6.867,0.000,-0.301,-0.071
45.350,6.967,0.000,-0.274,-0.023
45.400,7.067,0.000,-0.245,0.026
45.400,7.167,0.000,-0.215,0.074
45.450,7.267,0.000,-0.185,0.122
45.500,7.367,0.000,-0.154,0.167
45.500,7.467,0.000,-0.122,0.212
45.500,7.567,0.000,-0.091,0.254
45.550,7.667,0.000,-0.061,0.294
45.550,7.767,0.000,-0.031,0.331
45.600,7.867,0.000,-0.002,0.365
45.600,7.967,0.000,0.026,0.395
45.600,0.067,0.000,0.025,0.379
45.750,0.167,0.000,-0.005,0.296
45.750,0.267,0.000,-0.024,0.237
45.750,0.367,0.000,-0.041,0.181
45.750,0.467,0.000,-0.054,0.128
45.750,0.567,0.000,-0.065,0.079
45.800,0.667,0.000,-0.074,0.032
45.850,0.767,0.000,-0.080,-0.013
45.850,0.867,0.000,-0.083,-0.054
45.900,0.967,0.000,-0.083,-0.094
45.950,1.067,0.000,-0.081,-0.130
46.000,1.167,0.000,-0.077,-0.164
46.050,1.267,0.000,-0.069,-0.196
46.050,1.367,0.000,-0.059,-0.225
46.100,1.467,0.000,-0.046,-0.252
46.150,1.567,0.000,-0.031,-0.277
46.150,1.667,0.000,-0.012,-0.298
46.200,1.767,0.000,0.009,-0.317
46.250,1.867,0.000,0.033,-0.334
46.250,1.967,0.000,0.060,-0.348
46.250,2.067,0.000,0.090,-0.359
46.250,2.167,0.000,0.123,-0.367
46.250,2.267,0.000,-0.093,-0.206
46.250,2.367,0.000,-0.142,-0.247
46.250,2.467,0.000,-0.190,-0.281
46.250,2.567,0.000,-0.237,-0.309
46.250,2.667,0.000,-0.281,-0.329
46.250,2.767,0.000,-0.320,-0.340
46.250,2.867,0.000,-0.354,-0.342
46.250,2.967,0.000,-0.380,-0.335
46.250,3.067,0.000,-0.398,-0.318
46.250,3.167,0.000,-0.407,-0.293
46.250,3.267,0.000,-0.407,-0.260
46.250,3.367,0.000,-0.399,-0.219
46.250,3.467,0.000,-0.382,-0.172
46.250,3.567,0.000,-0.357,-0.119
46.250,3.667,0.000,-0.326,-0.062
46.250,3.767,0.000,-0.288,-0.002
46.250,3.867,0.000,-0.247,0.061
46.250,3.967,0.000,-0.201,0.124
46.250,4.067,0.000,-0.153,0.188
46.250,4.167,0.000,-0.103,0.250
46.250,4.267,0.000,-0.053,0.309
46.250,4.367,0.000,-0.003,0.364
46.250,0.022,0.000,0.029,0.389
46.250,0.122,0.000,0.018,0.359
46.250,0.222,0.000,0.005,0.323
46.250,0.322,0.000,-0.007,0.289
46.250,0.422,0.000,-0.018,0.255
46.250,0.522,0.000,-0.028,0.223
46.250,0.622,0.000,-0.037,0.192
