0	-0.818	-0.693	0.010
0	-0.819	-0.700	0.005
0	-0.819	-0.701	0.005
0	-0.819	-0.701	0.005
0	-0.819	-0.701	0.005
0	-0.819	-0.701	0.005
0	-0.819	-0.701	0.005
0	-0.819	-0.701	0.005
1	-0.825	-0.670	0.002
1	-0.820	-0.629	0.004
1	-0.821	-0.656	0.002
1	-0.821	-0.663	0.001
1	-0.821	-0.664	0.001
1	-0.821	-0.664	0.001
1	-0.821	-0.665	0.001
1	-0.821	-0.665	0.001
1	-0.821	-0.666	0.001
1	-0.821	-0.666	0.001
1	-0.821	-0.666	0.001
1	-0.822	-0.667	0.001
1	-0.821	-0.667	0.001
1	-0.821	-0.668	0.001
1	-0.821	-0.668	0.001
1	-0.821	-0.670	0.001
1	-0.821	-0.672	0.001
1	-0.821	-0.673	0.001
1	-0.821	-0.674	0.001
1	-0.821	-0.677	0.001
1	-0.822	-0.674	0.001
0	-0.821	-0.646	0.014
0	-0.822	-0.640	0.016
0	-0.822	-0.598	0.015
0	-0.824	-0.588	0.005
1	-0.823	-0.587	0.001
1	-0.823	-0.587	0.001
1	-0.823	-0.587	0.001
1	-0.823	-0.587	0.001
1	-0.823	-0.590	0.001
1	-0.823	-0.592	0.003
0	-0.825	-0.590	0.005
0	-0.826	-0.588	0.008
0	-0.826	-0.587	0.013
0	-0.828	-0.588	0.014
1	-0.831	-0.589	0.001
1	-0.829	-0.588	0.001
1	-0.828	-0.587	0.001
1	-0.829	-0.588	0.001
1	-0.828	-0.587	0.001
1	-0.828	-0.587	0.001
1	-0.828	-0.586	0.001
1	-0.829	-0.588	0.001
1	-0.830	-0.586	0.001
1	-0.830	-0.586	0.001
1	-0.831	-0.585	0.001
1	-0.831	-0.589	0.001
1	-0.831	-0.589	0.001
1	-0.831	-0.590	0.001
1	-0.831	-0.591	0.001
1	-0.831	-0.593	0.001
1	-0.831	-0.592	0.001
1	-0.830	-0.595	0.001
1	-0.830	-0.594	0.001
1	-0.830	-0.594	0.001
0	-0.831	-0.566	0.014
0	-0.833	-0.546	0.018
0	-0.833	-0.524	0.018
0	-0.834	-0.515	0.015
0	-0.833	-0.513	0.015
1	-0.833	-0.512	0.001
1	-0.832	-0.511	0.001
1	-0.832	-0.513	0.001
1	-0.832	-0.512	0.001
1	-0.832	-0.511	0.001
1	-0.832	-0.511	0.001
1	-0.833	-0.516	0.001
1	-0.833	-0.515	0.001
1	-0.833	-0.514	0.001
1	-0.833	-0.515	0.001
1	-0.834	-0.515	0.001
1	-0.833	-0.516	0.001
1	-0.833	-0.516	0.001
1	-0.833	-0.516	0.001
1	-0.833	-0.515	0.001
1	-0.833	-0.516	0.001
1	-0.833	-0.515	0.001
1	-0.833	-0.515	0.001
1	-0.833	-0.515	0.001
1	-0.832	-0.515	0.001
1	-0.832	-0.515	0.001
1	-0.832	-0.515	0.001
1	-0.832	-0.514	0.001
1	-0.832	-0.515	0.001
1	-0.832	-0.514	0.001
1	-0.832	-0.514	0.001
1	-0.832	-0.514	0.001
1	-0.832	-0.514	0.001
1	-0.832	-0.514	0.001
1	-0.832	-0.514	0.001
1	-0.832	-0.514	0.001
1	-0.832	-0.514	0.001
1	-0.832	-0.514	0.001
1	-0.832	-0.514	0.001
1	-0.832	-0.514	0.001
1	-0.832	-0.514	0.001
1	-0.832	-0.513	0.001
1	-0.832	-0.513	0.001
1	-0.832	-0.513	0.001
1	-0.832	-0.513	0.001
1	-0.832	-0.513	0.001
1	-0.832	-0.513	0.001
1	-0.832	-0.513	0.001
1	-0.832	-0.513	0.001
1	-0.832	-0.512	0.001
1	-0.832	-0.512	0.001
1	-0.832	-0.512	0.001
1	-0.832	-0.512	0.001
1	-0.832	-0.512	0.001
1	-0.832	-0.512	0.001
