0.00025359136634506	-0.0034432495012879	0.46408158540726	-1.025227189064	-1.0491906404495	0.0034268870949745	-0.0057834540493786	0.0026843547821045	0.13759076595306	-0.096580691635609
-0.00026639440329745	-0.0042026080191135	0.51506042480469	-1.0255953073502	-1.0583225488663	0.005515094846487	-0.0045870486646891	0.0028727054595947	0.14239639043808	-0.094221673905849
-0.00032616395037621	-0.0042648869566619	0.52049726247787	-1.025390625	-1.0599142313004	0.0059080980718136	-0.0032838922925293	0.0028964281082153	0.14289885759354	-0.093924447894096
-0.00027683697408065	-0.0041937096975744	0.52108043432236	-1.0249931812286	-1.0598945617676	0.0058050602674484	-0.0033184490166605	0.0028785467147827	0.14293742179871	-0.09390714764595
-0.00027111411327496	-0.0041774436831474	0.52114301919937	-1.0247611999512	-1.059938788414	0.0057465396821499	-0.0033286525867879	0.0028771162033081	0.14294010400772	-0.093907408416271
-0.00027970282826573	-0.0041839424520731	0.52115005254745	-1.0245847702026	-1.0600953102112	0.0057529918849468	-0.0033282660879195	0.0028805732727051	0.14294219017029	-0.093905135989189
-0.00027962939930148	-0.0041865506209433	0.52115058898926	-1.0243958234787	-1.0602544546127	0.0057556368410587	-0.0033271436113864	0.0028804540634155	0.14294230937958	-0.093904174864292
-0.00027817455702461	-0.0041883522644639	0.52115070819855	-1.0242140293121	-1.0604113340378	0.0057612136006355	-0.003326813923195	0.0028799772262573	0.14294338226318	-0.093903318047523
0.01710095256567	0.0012366680894047	-0.24610544741154	-1.0187201499939	-0.9880685210228	0.0048181563615799	-0.0068887672387064	0.001779317855835	0.063570559024811	-0.1049515530467
-0.0022834222763777	-0.024808663874865	0.33604514598846	-1.0230441093445	-1.0646554231644	0.0012634135782719	-0.0045012384653091	0.0028922557830811	0.12712383270264	-0.099842593073845
-0.0049300864338875	-0.116907954216	0.2884624004364	-1.0160431861877	-1.0536233186722	0.0068375989794731	-0.0031219716183841	0.0033921003341675	0.13097530603409	-0.093169339001179
-0.0045987018384039	-0.12639555335045	0.28326487541199	-1.0130898952484	-1.0399525165558	0.0074694082140923	-0.003956482745707	0.0033392906188965	0.13124245405197	-0.09236952662468
-0.0043425145559013	-0.21727204322815	0.14999121427536	-1.0137629508972	-1.0303304195404	0.010946810245514	-0.0038425449747592	0.0033568143844604	0.1261060833931	-0.088740698993206
-0.0035391536075622	-0.31074002385139	-0.0026712748222053	-1.0141327381134	-1.0214900970459	0.014252424240112	-0.0033107195049524	0.003237247467041	0.11864697933197	-0.085474990308285
-0.0023596719838679	-0.39081335067749	-0.15416879951954	-1.0144858360291	-1.0110558271408	0.016612008213997	-0.0032701599411666	0.0030755996704102	0.10958594083786	-0.083071246743202
-0.00078535353532061	-0.44814652204514	-0.29371121525764	-1.0152897834778	-0.99991434812546	0.017989955842495	-0.0033152133692056	0.0028958320617676	0.099482119083405	-0.081672728061676
0.0012451352085918	-0.4741525053978	-0.41165298223495	-1.0157030820847	-0.98847258090973	0.018416680395603	-0.0033458154648542	0.0027080774307251	0.088913798332214	-0.081333205103874
0.0037868870422244	-0.46193724870682	-0.49913796782494	-1.0166136026382	-0.97641986608505	0.017711162567139	-0.0033155183773488	0.0025231838226318	0.078455209732056	-0.082087092101574
0.006861437112093	-0.409887611866	-0.54972469806671	-1.0176866054535	-0.96505779027939	0.015973001718521	-0.0033763076644391	0.0023510456085205	0.068694710731506	-0.083869501948357
0.01036066096276	-0.32467597723007	-0.56165730953217	-1.0186703205109	-0.95561176538467	0.013304024934769	-0.0033857352100313	0.0021997690200806	0.06018191576004	-0.0865797996521
0.013958281837404	-0.22055195271969	-0.53880125284195	-1.0191200971603	-0.94736635684967	0.0097820311784744	-0.0034021525643766	0.0020782947540283	0.053378164768219	-0.090083226561546
0.0170539021492	-0.11414570361376	-0.48897004127502	-1.0195497274399	-0.94153773784637	0.0055985525250435	-0.0034421407617629	0.0019921064376831	0.048661172389984	-0.094195753335953
0.01894442923367	-0.018776712939143	-0.42127212882042	-1.0197461843491	-0.93765813112259	0.0017315819859505	-0.0034638741053641	0.0018926858901978	0.046376466751099	-0.098482772707939
0.018709322437644	0.0078170038759708	-0.38849958777428	-1.0197587013245	-0.93769085407257	0.0012434013187885	-0.0034825026523322	0.0017426013946533	0.047298669815063	-0.099788650870323
0.017939226701856	0.003950493875891	-0.38175070285797	-1.0198291540146	-0.93836009502411	0.0012275613844395	-0.0034885213244706	0.0016200542449951	0.048343002796173	-0.099896788597107
0.016813922673464	-0.0059282402507961	-0.37632375955582	-1.0198765993118	-0.93847525119781	0.0011980906128883	-0.0034860253799707	0.0017704963684082	0.049960732460022	-0.099954396486282
0.015973085537553	-0.014654663391411	-0.37130558490753	-1.0199664831161	-0.93864184617996	0.0011787638068199	-0.0035408728290349	0.0017708539962769	0.051346480846405	-0.099973298609257
0.015079488046467	-0.022997688502073	-0.3660973906517	-1.0200235843658	-0.93887442350388	0.0011571124196053	-0.0035450416617095	0.0018328428268433	0.052716910839081	-0.099982082843781
0.014170878566802	-0.03119508549571	-0.36053282022476	-1.0196517705917	-0.93899214267731	0.0011371113359928	-0.0035476093180478	0.0019807815551758	0.054121255874634	-0.099962793290615
0.013409516774118	-0.038169741630554	-0.3549662232399	-1.0194928646088	-0.93964368104935	0.0011191815137863	-0.0036049950867891	0.0019786357879639	0.055342257022858	-0.099991999566555
0.012544176541269	-0.046414967626333	-0.34855711460114	-1.0192358493805	-0.93987762928009	0.0010950267314911	-0.0035677491687238	0.002126932144165	0.056880950927734	-0.10000133514404
0.01175728160888	-0.054162792861462	-0.34185642004013	-1.0192760229111	-0.93996208906174	0.0010704137384892	-0.0036058626137674	0.0022040605545044	0.05837869644165	-0.10004738718271
0.011106359772384	-0.061220616102219	-0.33506143093109	-1.0188494920731	-0.93983125686646	0.0010538697242737	-0.0036179043818265	0.0022598505020142	0.059812128543854	-0.10002516955137
0.010787570849061	-0.067453466355801	-0.32815301418304	-1.0189634561539	-0.93990659713745	0.0010397955775261	-0.0036287680268288	0.001982569694519	0.061147511005402	-0.10006685554981
0.01001523155719	-0.073787525296211	-0.32082661986351	-1.0188593864441	-0.93986630439758	0.0010209903120995	-0.0036430160980672	0.0021244287490845	0.062565386295319	-0.10007552057505
0.0093981614336371	-0.078703492879868	-0.31364783644676	-1.0183290243149	-0.94027835130692	0.0010103434324265	-0.0036491635255516	0.002214789390564	0.063768565654755	-0.10005544126034
0.0091403368860483	-0.084405556321144	-0.30619752407074	-1.0181506872177	-0.9407594203949	0.00099232792854309	-0.003649388672784	0.0020091533660889	0.065245151519775	-0.09986475110054
0.0084096752107143	-0.089212156832218	-0.29776448011398	-1.0177626609802	-0.94124972820282	0.00097788870334625	-0.0036608166992664	0.0021102428436279	0.066506564617157	-0.10009663552046
0.0079797534272075	-0.094562493264675	-0.28902757167816	-1.018204331398	-0.94153839349747	0.00096084177494049	-0.0036793393082917	0.0019917488098145	0.0679532289505	-0.10022062808275
0.0073497509583831	-0.099385187029839	-0.28023633360863	-1.0183809995651	-0.9416583776474	0.00094588100910187	-0.0036661517806351	0.0021308660507202	0.069379568099976	-0.10023403167725
0.006849552039057	-0.10289835184813	-0.27154099941254	-1.0183976888657	-0.9421289563179	0.00093583762645721	-0.0036862171255052	0.0021889209747314	0.070610165596008	-0.10026031732559
0.0064524714834988	-0.10727845877409	-0.26221138238907	-1.018639922142	-0.94237929582596	0.00092045217752457	-0.0036924425512552	0.0021598339080811	0.07208526134491	-0.10024423897266
0.0059047066606581	-0.11084295809269	-0.25271221995354	-1.0184267759323	-0.9425253868103	0.00090953707695007	-0.003710747230798	0.002280592918396	0.073447346687317	-0.10024783760309
0.0055291634052992	-0.11455595493317	-0.24281653761864	-1.0188716650009	-0.94264882802963	0.0008939802646637	-0.0037044249475002	0.0022150278091431	0.074914932250977	-0.10028220713139
0.0049564871005714	-0.11756614595652	-0.23285317420959	-1.0185762643814	-0.94256663322449	0.0008854940533638	-0.0037073337007314	0.0024347305297852	0.076290547847748	-0.10020729899406
0.0044966726563871	-0.11994133889675	-0.22260130941868	-1.0186692476273	-0.94274497032166	0.00087472796440125	-0.0037198453210294	0.0024654865264893	0.077602922916412	-0.10028270632029
0.0040519507601857	-0.12315917015076	-0.21163176000118	-1.0185214281082	-0.94233644008636	0.00086265802383423	-0.0037369020283222	0.0025560855865479	0.079129874706268	-0.10028672963381
0.0041203987784684	-0.12349995970726	-0.21048919856548	-1.018435716629	-0.94184523820877	0.00086170434951782	-0.0037403902970254	0.0024697780609131	0.079295814037323	-0.10026284307241
0.0041149137541652	-0.1247640401125	-0.20105174183846	-1.0187194347382	-0.94191914796829	0.00085587799549103	-0.0037312232889235	0.0022338628768921	0.080448269844055	-0.10025509446859
0.0038281192537397	-0.12622720003128	-0.19018000364304	-1.0189876556396	-0.94195985794067	0.00084757804870605	-0.0037400077562779	0.0022200345993042	0.081755638122559	-0.10028655081987
0.0033352132886648	-0.1269993185997	-0.17918376624584	-1.018927693367	-0.94225519895554	0.00084047019481659	-0.0037371688522398	0.0023726224899292	0.082987785339355	-0.10027079284191
0.0030157528817654	-0.12835545837879	-0.16761972010136	-1.018828868866	-0.94252645969391	0.00083336979150772	-0.0037470036186278	0.0024000406265259	0.08440887928009	-0.10019253194332
0.0028885297942907	-0.13089381158352	-0.1557490080595	-1.0186849832535	-0.94275087118149	0.00082509219646454	-0.0037396191619337	0.0023213624954224	0.086163222789764	-0.099822953343391
0.0027230237610638	-0.13189063966274	-0.14348845183849	-1.0186096429825	-0.94286668300629	0.00081142038106918	-0.0037443533074111	0.0022495985031128	0.087633609771729	-0.099793933331966
0.0026423258241266	-0.13288432359695	-0.13089460134506	-1.018777012825	-0.94283831119537	0.00081714242696762	-0.0037455253768712	0.0021072626113892	0.089156985282898	-0.099737666547298
0.0023613565135747	-0.13327898085117	-0.11810881644487	-1.0190024375916	-0.94270902872086	0.00082285702228546	-0.0037512793205678	0.0021394491195679	0.090610206127167	-0.099707037210464
0.0022488164249808	-0.13223917782307	-0.10549458861351	-1.0192748308182	-0.94298183917999	0.00083454698324203	-0.003746225964278	0.0020544528961182	0.091836929321289	-0.09973257035017
0.0017421554075554	-0.13213729858398	-0.092070311307907	-1.019334435463	-0.94299411773682	0.00083401799201965	-0.0037474103737622	0.002225399017334	0.093289017677307	-0.099719665944576
0.0014630792429671	-0.13214182853699	-0.078302584588528	-1.0194002389908	-0.94266080856323	0.00085209310054779	-0.0037423805333674	0.0022644996643066	0.094826877117157	-0.099636971950531
0.0014153653755784	-0.12992097437382	-0.065057873725891	-1.0200021266937	-0.94298905134201	0.00085176527500153	-0.0037365481257439	0.0021638870239258	0.096000075340271	-0.099667385220528
0.00090512144379318	-0.12942041456699	-0.050683733075857	-1.0195382833481	-0.94292497634888	0.00087780505418777	-0.0037550635170192	0.0023739337921143	0.097530782222748	-0.099583499133587
0.000801210408099	-0.12827350199223	-0.036180812865496	-1.0199571847916	-0.94264352321625	0.0008804127573967	-0.0037020682357252	0.0022751092910767	0.099021255970001	-0.099552430212498
0.00065453822026029	-0.12596793472767	-0.021820293739438	-1.0203663110733	-0.94268721342087	0.0008741095662117	-0.0037433379329741	0.0022666454315186	0.10033905506134	-0.099531069397926
0.00034120710915886	-0.12258958816528	-0.0074154972098768	-1.0206305980682	-0.94313597679138	0.00089973211288452	-0.0037267312873155	0.0023608207702637	0.10148853063583	-0.09958877414465
-8.2905899034813e-05	-0.11970115453005	0.0078271375969052	-1.0207505226135	-0.94329404830933	0.00089749693870544	-0.0037301373668015	0.0024882555007935	0.10276311635971	-0.099725335836411
-0.00042279981425963	-0.11621068418026	0.023258831351995	-1.020716547966	-0.94337242841721	0.00093767791986465	-0.0036401189863682	0.0025894641876221	0.10397469997406	-0.099905572831631
-0.00063004589173943	-0.11336278170347	0.039101973176003	-1.020987868309	-0.94321340322495	0.00095389783382416	-0.0037728331517428	0.0026103258132935	0.10538810491562	-0.099904470145702
-0.00097963050939143	-0.10965687781572	0.054961826652288	-1.0205529928207	-0.9432715177536	0.00096632540225983	-0.0037055783905089	0.0027140378952026	0.10668885707855	-0.099881187081337
-0.0015087103238329	-0.10680660605431	0.071671880781651	-1.0205236673355	-0.94267535209656	0.00098316371440887	-0.0037035464774817	0.0028921365737915	0.10820508003235	-0.099856190383434
-0.0010055095190182	-0.10191168636084	0.087796084582806	-1.0202703475952	-0.94280594587326	0.00099083036184311	-0.0036685671657324	0.0025473833084106	0.1094069480896	-0.099872566759586
-0.0015044178580865	-0.098508171737194	0.10502533614635	-1.0204067230225	-0.94250857830048	0.0010137334465981	-0.003689143108204	0.0027166604995728	0.11095416545868	-0.099798813462257
-0.0018371496116742	-0.094431161880493	0.12255901843309	-1.0205963850021	-0.9418095946312	0.0010310634970665	-0.003651139093563	0.0027978420257568	0.11239844560623	-0.099804885685444
-0.0019147777929902	-0.088582366704941	0.13961474597454	-1.020928144455	-0.94168305397034	0.0010481923818588	-0.0036591445095837	0.002784252166748	0.1135755777359	-0.099829539656639
-0.002176548819989	-0.083392702043056	0.15740309655666	-1.0207121372223	-0.94165223836899	0.0010653473436832	-0.003610351588577	0.002871036529541	0.11492699384689	-0.099781170487404
-0.002358386060223	-0.078312203288078	0.17576879262924	-1.0205647945404	-0.94147288799286	0.001082144677639	-0.003648133482784	0.0028839111328125	0.1163604259491	-0.099741518497467
-0.0023294007405639	-0.072731800377369	0.19442792236805	-1.02095246315	-0.94114977121353	0.0011037737131119	-0.0036107334308326	0.0027801990509033	0.11777132749557	-0.09974180161953
-0.002204222837463	-0.065523646771908	0.21281807124615	-1.0213130712509	-0.94132214784622	0.0010969638824463	-0.0036047813482583	0.002651572227478	0.11892932653427	-0.099807135760784
-0.0030601969920099	-0.059911962598562	0.23233337700367	-1.0210421085358	-0.94132775068283	0.0011388957500458	-0.0035892601590604	0.0031086206436157	0.12041413784027	-0.099685445427895
-0.0029437670018524	-0.051995117217302	0.25183007121086	-1.0212678909302	-0.9412122964859	0.0011596418917179	-0.0035606834571809	0.0029370784759521	0.12152290344238	-0.099968262016773
-0.0035629731137305	-0.045296106487513	0.27224668860435	-1.0212992429733	-0.94128477573395	0.0011891275644302	-0.003793653100729	0.0032385587692261	0.12291795015335	-0.10002040117979
-0.003673946717754	-0.038066804409027	0.29270532727242	-1.0214511156082	-0.94102710485458	0.0012136250734329	-0.0036996379494667	0.0032134056091309	0.124302983284	-0.099988587200642
-0.0035599847324193	-0.028964368626475	0.31291443109512	-1.0212762355804	-0.94140374660492	0.0012218505144119	-0.0042414334602654	0.003125786781311	0.12540686130524	-0.1000490039587
-0.0037578048650175	-0.021608375012875	0.33453822135925	-1.0214428901672	-0.94153183698654	0.0012535974383354	-0.0036939214915037	0.0031775236129761	0.12690711021423	-0.099996440112591
-0.0040349052287638	-0.013398438692093	0.35640755295753	-1.0215545892715	-0.94143706560135	0.0012775436043739	-0.0036282618530095	0.0032821893692017	0.12829774618149	-0.099962294101715
-0.0042568277567625	-0.0049025770276785	0.37868297100067	-1.0212954282761	-0.94168841838837	0.0013039745390415	-0.0042497054673731	0.0033773183822632	0.12971073389053	-0.09985588490963
-0.0046898662112653	0.0031817024573684	0.40195465087891	-1.0215040445328	-0.94114208221436	0.0013376623392105	-0.0037293932400644	0.0035697221755981	0.13126194477081	-0.099766507744789
-0.0044416016899049	0.014156091958284	0.4246729016304	-1.0214476585388	-0.94130158424377	0.0013500154018402	-0.0035913425963372	0.0033648014068604	0.13237220048904	-0.099871650338173
-0.004912756383419	0.023639369755983	0.44872692227364	-1.0210942029953	-0.94145834445953	0.0013833306729794	-0.0035603165160865	0.0036052465438843	0.13381975889206	-0.099796712398529
-0.0050862724892795	0.03407384082675	0.47321969270706	-1.0208082199097	-0.94130444526672	0.0014097616076469	-0.0038148190360516	0.0036568641662598	0.1351655125618	-0.099787525832653
-0.0052640326321125	0.044389486312866	0.49855828285217	-1.0206025838852	-0.94119757413864	0.0014467462897301	-0.0029086689464748	0.0037078857421875	0.13662767410278	-0.099718756973743
-0.0051599573343992	0.030314832925797	0.48861309885979	-1.0204479694366	-0.94043159484863	0.0018153190612793	-0.003727896604687	0.0035226345062256	0.13683444261551	-0.098895087838173
-0.0052173566073179	-0.051451697945595	0.38539269566536	-1.0201843976974	-0.93735259771347	0.0042829439043999	-0.0031903716735542	0.0035269260406494	0.13440072536469	-0.095465868711472
-0.0048544965684414	-0.1498725861311	0.25064301490784	-1.0200788974762	-0.93233543634415	0.0083401314914227	-0.0031743594445288	0.0034605264663696	0.13019376993179	-0.091298416256905
-0.0041748755611479	-0.2488802075386	0.10055361688137	-1.0202939510345	-0.92479258775711	0.012101393193007	-0.0031731934286654	0.0033416748046875	0.12389743328094	-0.087556853890419
-0.0032052437309176	-0.33936220407486	-0.053796276450157	-1.0204437971115	-0.91462260484695	0.015117108821869	-0.0032515837810934	0.0031912326812744	0.11578416824341	-0.084567978978157
-0.0018913098610938	-0.41289034485817	-0.20248198509216	-1.0212194919586	-0.90430742502213	0.017299205064774	-0.0032713762484491	0.0030199289321899	0.10631030797958	-0.082486346364021
-0.00019433521083556	-0.46070501208305	-0.33588287234306	-1.0222458839417	-0.89256256818771	0.018308132886887	-0.0033073797821999	0.002840518951416	0.095984995365143	-0.081437587738037
0.0020011884626001	-0.47454515099525	-0.44458535313606	-1.0230714082718	-0.88056999444962	0.018279232084751	-0.0032970104366541	0.0026521682739258	0.085384368896484	-0.08146621286869
0.0047433730214834	-0.44887721538544	-0.52030032873154	-1.0235282182693	-0.86905157566071	0.017156906425953	-0.0033075027167797	0.0024651288986206	0.075096368789673	-0.082570664584637
0.007996978238225	-0.38459977507591	-0.55791616439819	-1.02427983284	-0.85877180099487	0.015092097222805	-0.0034425153862685	0.0022962093353271	0.065697252750397	-0.084672912955284
0.011577484197915	-0.2912440598011	-0.5575715303421	-1.0247408151627	-0.85012423992157	0.012120336294174	-0.0033782315440476	0.002153754234314	0.057705879211426	-0.087666548788548
0.015089252963662	-0.18460640311241	-0.52474975585938	-1.0251642465591	-0.84286797046661	0.0083968192338943	-0.0033829980529845	0.0020442008972168	0.05156672000885	-0.091389864683151
0.017821479588747	-0.080630265176296	-0.46789836883545	-1.0253485441208	-0.8369665145874	0.0041870400309563	-0.0033792797476053	0.0019736289978027	0.047602117061615	-0.095661588013172
0.019444093108177	0.0099221048876643	-0.39628088474274	-1.025070309639	-0.83478856086731	0.0012306272983551	-0.0035423538647592	0.0017973184585571	0.046173334121704	-0.099615193903446
0.018794870004058	0.010194725356996	-0.38542452454567	-1.025260925293	-0.83460295200348	0.001234658062458	-0.0034369784407318	0.0016402006149292	0.047400414943695	-0.1000050753355
0.0179303586483	0.0035677601117641	-0.38122627139091	-1.025298833847	-0.83503019809723	0.001226395368576	-0.0034936610609293	0.0016258955001831	0.048484027385712	-0.099919013679028
0.016802217811346	-0.0057646366767585	-0.37629720568657	-1.025282740593	-0.83531159162521	0.0011987835168839	-0.003511916147545	0.0017956495285034	0.04993212223053	-0.099980287253857
0.015677427873015	-0.015434578061104	-0.37097266316414	-1.0250382423401	-0.83509176969528	0.0011698193848133	-0.0035159687977284	0.0020709037780762	0.051495730876923	-0.099977470934391
0.014915563166142	-0.022615073248744	-0.36619928479195	-1.024523973465	-0.83551859855652	0.0011596977710724	-0.0035609267652035	0.0020632743835449	0.052642583847046	-0.099933542311192
0.014223312027752	-0.031158074736595	-0.36045509576797	-1.0245261192322	-0.83579087257385	0.0011361315846443	-0.0035259381402284	0.0018957853317261	0.054101347923279	-0.10001964867115
0.014044144190848	-0.032709635794163	-0.35963153839111	-1.0243490934372	-0.83559018373489	0.0011298172175884	-0.0035803422797471	0.0020185708999634	0.054387748241425	-0.099984675645828
0.014075699262321	-0.03245198354125	-0.35972213745117	-1.0241931676865	-0.8356648683548	0.0011341273784637	-0.0035652972292155	0.0019716024398804	0.05433863401413	-0.099973104894161
0.013150854967535	-0.038717918097973	-0.35474008321762	-1.0239548683167	-0.83623725175858	0.0011156536638737	-0.0035604597069323	0.0022069215774536	0.0554478764534	-0.10000072419643
0.012522448785603	-0.046537395566702	-0.34842878580093	-1.0234282016754	-0.83638745546341	0.0010964125394821	-0.0035718369763345	0.0022068023681641	0.056898355484009	-0.099989503622055
0.011869608424604	-0.054061859846115	-0.3419146835804	-1.0233595371246	-0.83646661043167	0.0010735094547272	-0.0035863209050149	0.0021082162857056	0.058361768722534	-0.10002584755421
0.011218047700822	-0.060558799654245	-0.33527153730392	-1.023174405098	-0.83671373128891	0.0010583102703094	-0.0036108740605414	0.0021454095840454	0.059678673744202	-0.1000616773963
0.010578280314803	-0.067097574472427	-0.32827472686768	-1.0229583978653	-0.83693408966064	0.0010404139757156	-0.0036170289386064	0.0021685361862183	0.06107360124588	-0.10006437450647
0.0098817329853773	-0.074558332562447	-0.32050684094429	-1.022877573967	-0.83657026290894	0.0010137595236301	-0.0036344504915178	0.0022368431091309	0.062710046768188	-0.10007794946432
0.0093627236783504	-0.079333692789078	-0.31328567862511	-1.0225247144699	-0.83665972948074	0.0010074749588966	-0.0036499563138932	0.0022337436676025	0.06387996673584	-0.10009356588125
0.0087542207911611	-0.08431176841259	-0.30537316203117	-1.0223217010498	-0.83690172433853	0.00099349021911621	-0.0036545544862747	0.0022242069244385	0.065122067928314	-0.10025791078806
0.0084764398634434	-0.089197888970375	-0.29757440090179	-1.0223023891449	-0.83734488487244	0.00097789615392685	-0.003658065572381	0.0020006895065308	0.066467344760895	-0.10020910203457
0.0083678597584367	-0.090348720550537	-0.29644963145256	-1.0223921537399	-0.83737134933472	0.00097509473562241	-0.0036690500564873	0.0020159482955933	0.06672865152359	-0.10022231936455
0.0077360235154629	-0.094690673053265	-0.28886780142784	-1.0223106145859	-0.83756959438324	0.00096016377210617	-0.0036651412956417	0.0021679401397705	0.067971289157867	-0.10023089498281
0.0073659135960042	-0.099218472838402	-0.28030809760094	-1.0221997499466	-0.83771681785583	0.00094757974147797	-0.0036900162231177	0.0021233558654785	0.069345355033875	-0.10020859539509
0.007306395098567	-0.099925264716148	-0.27927613258362	-1.0222611427307	-0.83768075704575	0.00094562023878098	-0.0036740570794791	0.0021200180053711	0.069534540176392	-0.10022066533566
0.0068422188051045	-0.10327684879303	-0.27136644721031	-1.0224332809448	-0.83816057443619	0.00093305110931396	-0.0036804017145187	0.0021548271179199	0.070697963237762	-0.10026174783707
0.0061466791667044	-0.10845218598843	-0.26168185472488	-1.022136092186	-0.83764100074768	0.00091502815485001	-0.0037075721193105	0.00240159034729	0.072304964065552	-0.10022549331188
0.0062339846044779	-0.10852222889662	-0.26076966524124	-1.0221538543701	-0.8371793627739	0.00080840289592743	-0.0037046123761684	0.0022763013839722	0.072379410266876	-0.10025212913752
0.00597592163831	-0.11099319905043	-0.25261074304581	-1.0223850011826	-0.83761006593704	0.00089868903160095	-0.003728125244379	0.0021663904190063	0.07349568605423	-0.10027059912682
0.005497922655195	-0.11397364735603	-0.24305872619152	-1.0221425294876	-0.83808368444443	0.00089823454618454	-0.0036898837424815	0.0023083686828613	0.074799776077271	-0.10025703907013
0.0051483768038452	-0.11705818772316	-0.23302660882473	-1.0220273733139	-0.83851611614227	0.00088654458522797	-0.0037122566718608	0.0022642612457275	0.07619696855545	-0.10026270896196
0.0048015546053648	-0.12006542831659	-0.22260294854641	-1.0219781398773	-0.83856403827667	0.00087542086839676	-0.0037245186977088	0.0022507905960083	0.077634572982788	-0.10025954246521
0.0044601960107684	-0.12235864251852	-0.21210394799709	-1.0220314264297	-0.8387810587883	0.00086508691310883	-0.0037223056424409	0.0022286176681519	0.07900083065033	-0.10027968883514
0.0040168026462197	-0.12459766119719	-0.20122884213924	-1.0220303535461	-0.83882522583008	0.00085578858852386	-0.0037296749651432	0.0023250579833984	0.08040589094162	-0.10027062892914
0.0037922984920442	-0.12660594284534	-0.19008353352547	-1.0221238136292	-0.83873814344406	0.00084690749645233	-0.0037333995569497	0.0022526979446411	0.081831455230713	-0.10025464743376
0.003248066874221	-0.12929134070873	-0.17860694229603	-1.0220696926117	-0.83836710453033	0.00083709508180618	-0.0037471004761755	0.0024381875991821	0.083471477031708	-0.10004262626171
0.0034140106290579	-0.12903833389282	-0.16776065528393	-1.022027015686	-0.83910602331161	0.00083416700363159	-0.0037431281525642	0.0021170377731323	0.084588050842285	-0.099997542798519
0.0032249235082418	-0.13103549182415	-0.15578010678291	-1.0219029188156	-0.83965861797333	0.00082506239414215	-0.0037505968939513	0.0020751953125	0.086220800876617	-0.099817760288715
0.0031887157820165	-0.13176962733269	-0.15432105958462	-1.0221430063248	-0.83972072601318	0.00082434713840485	-0.0037439330480993	0.0020740032196045	0.086504280567169	-0.09976264834404
0.0027153226546943	-0.13210885226727	-0.14336512982845	-1.0218724012375	-0.84014445543289	0.00081440806388855	-0.0037419558502734	0.0022530555725098	0.087707221508026	-0.099770128726959
0.0026573780924082	-0.13334538042545	-0.13066120445728	-1.0217170715332	-0.83994120359421	0.00081939995288849	-0.0037519144825637	0.0021061897277832	0.089248239994049	-0.099737428128719
0.0026415819302201	-0.13243043422699	-0.11845253407955	-1.022133231163	-0.8403103351593	0.00081955641508102	-0.0037437633145601	0.0019173622131348	0.090456008911133	-0.099771924316883
0.0022232318297029	-0.13302677869797	-0.10520920157433	-1.0221445560455	-0.84032934904099	0.00082781910896301	-0.0037504048086703	0.0020662546157837	0.091999411582947	-0.099703662097454
0.0017543457215652	-0.13225315511227	-0.09203689545393	-1.0217070579529	-0.84059363603592	0.00083691626787186	-0.0037424922920763	0.0022193193435669	0.093307554721832	-0.099697045981884
0.0019787938799709	-0.13120816648006	-0.078739479184151	-1.0222374200821	-0.84084570407867	0.00083896517753601	-0.0037398629356176	0.0018981695175171	0.094672501087189	-0.099697098135948
0.0014745487133041	-0.1305159330368	-0.064837835729122	-1.0218271017075	-0.84125089645386	0.00085673481225967	-0.0037527356762439	0.0021141767501831	0.096113920211792	-0.099633499979973
0.001420253305696	-0.12951199710369	-0.050656698644161	-1.0224664211273	-0.84087377786636	0.00085567682981491	-0.0037188385613263	0.0019892454147339	0.097586870193481	-0.099634312093258
0.0011523024877533	-0.12918509542942	-0.049230244010687	-1.0229585170746	-0.84060299396515	0.0008804127573967	-0.0037479631137103	0.0021710395812988	0.09769344329834	-0.099631533026695
0.00078837788896635	-0.12711815536022	-0.036526516079903	-1.0226194858551	-0.84127914905548	0.00086799263954163	-0.0037423588801175	0.002320408821106	0.098817706108093	-0.099604606628418
0.00053289433708414	-0.1260984390974	-0.02175771817565	-1.0224620103836	-0.84129935503006	0.00089482963085175	-0.0037421036977321	0.0023541450500488	0.10035270452499	-0.099509842693806
0.00062645733123645	-0.12585638463497	-0.020189750939608	-1.0229998826981	-0.84081673622131	0.00087179988622665	-0.0037087977398187	0.0022567510604858	0.10050845146179	-0.099545389413834
-0.0002089705230901	-0.12242428213358	-0.006921867839992	-1.0228519439697	-0.84084814786911	0.00086872279644012	-0.0037143770605326	0.0026489496231079	0.10144513845444	-0.099785089492798
-0.00048580532893538	-0.11880421638489	0.007840215228498	-1.022736787796	-0.84098768234253	0.00091508030891418	-0.0037268032319844	0.0027097463607788	0.10254669189453	-0.099941790103912
-0.00036985430051573	-0.11585571616888	0.023135954514146	-1.0225312709808	-0.84145838022232	0.00093777477741241	-0.0037000228185207	0.0025538206100464	0.10389316082001	-0.099941268563271
-0.00081653939560056	-0.11263003945351	0.038790684193373	-1.0221216678619	-0.84206086397171	0.0009109228849411	-0.0037080242764205	0.0027071237564087	0.1052411198616	-0.099928796291351
-0.00080669031012803	-0.11247099936008	0.040581740438938	-1.0222054719925	-0.84201347827911	0.00095042586326599	-0.003696434898302	0.0026688575744629	0.10541903972626	-0.099927611649036
-0.00084763113409281	-0.10946529358625	0.055113445967436	-1.0220097303391	-0.84221988916397	0.00096703320741653	-0.0037186653353274	0.002597451210022	0.1066780090332	-0.099920094013214
-0.00087737804278731	-0.10923299193382	0.056715596467257	-1.0223416090012	-0.84189242124557	0.00096827745437622	-0.0036898802500218	0.0025961399078369	0.10683566331863	-0.099923089146614
-0.0011841570958495	-0.10598751157522	0.071410156786442	-1.0218772888184	-0.84223139286041	0.00098172575235367	-0.0036911368370056	0.0027402639389038	0.10807979106903	-0.099869541823864
-0.001180776511319	-0.10595534741879	0.073085956275463	-1.0219792127609	-0.84198653697968	0.00098365545272827	-0.0036835453938693	0.0027352571487427	0.10828214883804	-0.099827900528908
-0.0013473379658535	-0.10232752561569	0.088170073926449	-1.0215041637421	-0.84216314554214	0.00099881738424301	-0.003699466586113	0.0027165412902832	0.10951238870621	-0.099831759929657
-0.0013336822157726	-0.10174714028835	0.089760355651379	-1.0219650268555	-0.84153890609741	0.0010013282299042	-0.0036781940143555	0.0026726722717285	0.10961174964905	-0.099885739386082
-0.0014580835122615	-0.10141116380692	0.08979170769453	-1.0221379995346	-0.84147399663925	0.00094278901815414	-0.0036321096122265	0.0027649402618408	0.10956817865372	-0.099898003041744
-0.0016766816843301	-0.097667016088963	0.10494023561478	-1.0217448472977	-0.84170079231262	0.0010104775428772	-0.0036768228746951	0.0028223991394043	0.11079883575439	-0.099855519831181
-0.0015454555395991	-0.092580392956734	0.12170857191086	-1.0216500759125	-0.84215599298477	0.0010282769799232	-0.0036570257507265	0.002652645111084	0.11205673217773	-0.099886640906334
-0.0018953833496198	-0.088308699429035	0.13944245874882	-1.0213584899902	-0.84241873025894	0.001048818230629	-0.0036593000404537	0.0027848482131958	0.11352437734604	-0.099822238087654
-0.0018563555786386	-0.088043570518494	0.14141573011875	-1.0216083526611	-0.84209048748016	0.0010500699281693	-0.0036388081498444	0.0027424097061157	0.11372518539429	-0.099796004593372
-0.0019066798267886	-0.08331310749054	0.15759406983852	-1.0214238166809	-0.8422110080719	0.0010658651590347	-0.0036613836418837	0.0026928186416626	0.11495167016983	-0.099798142910004
-0.0020537050440907	-0.078105241060257	0.17567591369152	-1.0214221477509	-0.84198850393295	0.0010865703225136	-0.0036131204105914	0.0027157068252563	0.11633718013763	-0.099779352545738
-0.0025730084162205	-0.072774238884449	0.19424614310265	-1.0212248563766	-0.84198361635208	0.0011017769575119	-0.0036279230844229	0.0029845237731934	0.11777621507645	-0.099669367074966
-0.0024410267360508	-0.066854052245617	0.21311846375465	-1.0210525989532	-0.84217673540115	0.0011217817664146	-0.0035922222305089	0.0028399229049683	0.11918288469315	-0.099573582410812
-0.0025082463398576	-0.060302667319775	0.23236528038979	-1.0210312604904	-0.84228789806366	0.0011422038078308	-0.0035932040773332	0.0027878284454346	0.12052232027054	-0.099594496190548
-0.003281737677753	-0.052247900515795	0.25190317630768	-1.0210913419724	-0.84181010723114	0.0011593326926231	-0.0035786307416856	0.0031397342681885	0.12156438827515	-0.099947363138199
-0.0031648343428969	-0.044090434908867	0.27156001329422	-1.0208854675293	-0.84223413467407	0.0011787712574005	-0.0037760015111417	0.0029957294464111	0.12270867824554	-0.10005810111761
-0.0034348992630839	-0.037200398743153	0.29226619005203	-1.0208296775818	-0.84205842018127	0.0012037232518196	-0.0037323019932956	0.0030579566955566	0.12415724992752	-0.10002522170544
-0.0039442558772862	-0.029337964951992	0.31302261352539	-1.020888209343	-0.8424334526062	0.0012244619429111	-0.0042383363470435	0.0033649206161499	0.12545883655548	-0.10000124573708
-0.0043860701844096	-0.021953664720058	0.33463591337204	-1.0210282802582	-0.8419451713562	0.001251582056284	-0.0037075702566653	0.0035414695739746	0.12692910432816	-0.099939808249474
-0.0044411509297788	-0.013110333122313	0.35619014501572	-1.0209500789642	-0.84197062253952	0.0012718103826046	-0.0036348197609186	0.0035287141799927	0.12820965051651	-0.099924325942993
-0.0040600528009236	-0.0041844397783279	0.37842193245888	-1.0211073160172	-0.8422058224678	0.0012948252260685	-0.004259601701051	0.0032209157943726	0.1295719742775	-0.099950104951859
-0.0045878202654421	0.004495298024267	0.40138745307922	-1.0211789608002	-0.8419873714447	0.0013239793479443	-0.0037246465217322	0.0035003423690796	0.13101810216904	-0.099891096353531
-0.0050642979331315	0.014103112742305	0.4246734380722	-1.0211379528046	-0.84166061878204	0.0013495720922947	-0.0036904097069055	0.0037504434585571	0.1323453783989	-0.099868029356003
-0.0047413893043995	0.024593964219093	0.44831052422523	-1.0210373401642	-0.84218817949295	0.001371193677187	-0.0034553408622742	0.0034873485565186	0.13362777233124	-0.099874705076218
-0.0049723195843399	0.034821189939976	0.4728656411171	-1.0210084915161	-0.84241455793381	0.0014008209109306	-0.0034336347598583	0.0035772323608398	0.13503247499466	-0.099857918918133
-0.0051756831817329	0.045655641704798	0.49800571799278	-1.0211099386215	-0.84238165616989	0.0014295130968094	-0.0033635713625699	0.0036413669586182	0.13639825582504	-0.099846288561821
-0.0050327172502875	0.04673108831048	0.50070172548294	-1.0211081504822	-0.84207385778427	0.001430656760931	-0.003594824578613	0.0035452842712402	0.1365681886673	-0.099807649850845
-0.0056470427662134	0.053004141896963	0.51653915643692	-1.0212833881378	-0.84139567613602	0.0014553293585777	-0.0030059993732721	0.0039042234420776	0.13748723268509	-0.099735610187054
-0.0052938899025321	0.052875008434057	0.51821136474609	-1.0210480690002	-0.8416303396225	0.0014471597969532	-0.0033808306325227	0.0037431716918945	0.13775461912155	-0.099408224225044
-0.0054136910475791	0.052050571888685	0.51870048046112	-1.0210233926773	-0.8413091301918	0.0014558024704456	-0.0031377908308059	0.0037992000579834	0.1379486322403	-0.099296614527702
-0.0050840335898101	0.052159450948238	0.51875340938568	-1.0211579799652	-0.84059703350067	0.0014538392424583	-0.0031534708105028	0.0035679340362549	0.1379486322403	-0.099352918565273
-0.0056248148903251	0.051573768258095	0.51894462108612	-1.021274805069	-0.83964735269547	0.0014586858451366	-0.003127281088382	0.0039314031600952	0.13803327083588	-0.099263302981853
-0.0054098921827972	0.05208533257246	0.51880383491516	-1.0214080810547	-0.83896231651306	0.0014551915228367	-0.0031668548472226	0.0037922859191895	0.13793557882309	-0.099346429109573
-0.0058958013541996	0.051974501460791	0.51880031824112	-1.0213022232056	-0.83850795030594	0.0014563500881195	-0.0031574827153236	0.0041185617446899	0.13792771100998	-0.09930294752121
-0.0054726591333747	0.051956579089165	0.51884484291077	-1.0215018987656	-0.83762669563293	0.0014563426375389	-0.0030937830451876	0.0038266181945801	0.13795208930969	-0.099326983094215
-0.0053970399312675	0.051880672574043	0.51886719465256	-1.0215573310852	-0.83669799566269	0.0014566667377949	-0.0032381403725594	0.0037676095962524	0.13797754049301	-0.099316351115704
-0.005015310831368	0.052184786647558	0.51875466108322	-1.021654009819	-0.83610188961029	0.0014542080461979	-0.003145654220134	0.0035287141799927	0.13794595003128	-0.099353782832623
-0.0052418992854655	0.051542434841394	0.51905959844589	-1.0218847990036	-0.83444702625275	0.0014613494277	-0.0032082763500512	0.0036592483520508	0.13806623220444	-0.099339455366135
-0.0057538128457963	0.051526125520468	0.51904129981995	-1.0219345092773	-0.83323234319687	0.0014617145061493	-0.0032189954072237	0.0040030479431152	0.13803046941757	-0.099300511181355
-0.0053590913303196	0.051584880799055	0.51900959014893	-1.022030711174	-0.83203852176666	0.0014594569802284	-0.0032731450628489	0.0037417411804199	0.13803464174271	-0.099294640123844
-0.0054167029447854	0.052066255360842	0.51881128549576	-1.0220308303833	-0.83120959997177	0.0014568343758583	-0.0032938569784164	0.0038003921508789	0.1379406452179	-0.099344670772552
-0.005388883408159	0.051539443433285	0.51896023750305	-1.0221182107925	-0.82999187707901	0.0014597624540329	-0.0032776824664325	0.0037883520126343	0.1380460858345	-0.099252246320248
-0.0049403514713049	0.052138421684504	0.51880556344986	-1.0222461223602	-0.82891851663589	0.001455906778574	-0.003348124679178	0.0034866333007812	0.13796031475067	-0.099372312426567
-0.0049420283176005	0.051936522126198	0.51887327432632	-1.0224571228027	-0.82772809267044	0.0014574527740479	-0.003383707953617	0.0034950971603394	0.13800501823425	-0.099352307617664
-0.004633320029825	0.051906857639551	0.51882940530777	-1.0226453542709	-0.82677781581879	0.0014562159776688	-0.0033512625377625	0.0032957792282104	0.13803571462631	-0.099313989281654
-0.0049302806146443	0.052001982927322	0.5187776684761	-1.0226798057556	-0.82612991333008	0.0014557056128979	-0.0034233629703522	0.0034980773925781	0.13800346851349	-0.099316127598286
-0.0051638027653098	0.051665034145117	0.51889759302139	-1.0227519273758	-0.82512629032135	0.0014584548771381	-0.0034071586560458	0.0036541223526001	0.13804775476456	-0.099273137748241
-0.0051099751144648	0.05171013250947	0.51890283823013	-1.0229065418243	-0.82400071620941	0.0014582574367523	-0.0034348338376731	0.003624439239502	0.13803577423096	-0.099288322031498
-0.0047254185192287	0.052021443843842	0.51880639791489	-1.0231311321259	-0.82301622629166	0.001455657184124	-0.0034710490144789	0.0033698081970215	0.13799965381622	-0.099335238337517
-0.0047368039377034	0.051970556378365	0.51882696151733	-1.0233846902847	-0.82201236486435	0.0014567896723747	-0.0034770905040205	0.0033806562423706	0.13801789283752	-0.09933976829052
-0.0050394763238728	0.051290154457092	0.5191068649292	-1.0239270925522	-0.82010960578918	0.0014618262648582	-0.0034957074094564	0.0035676956176758	0.13813358545303	-0.099289797246456
-0.0047850869596004	0.051797065883875	0.51890051364899	-1.0242671966553	-0.81885528564453	0.0014576353132725	-0.003551681060344	0.0034028291702271	0.13804364204407	-0.099323146045208
-0.0046114409342408	0.052343927323818	0.51870149374008	-1.0243755578995	-0.81823933124542	0.0014539994299412	-0.0035334224812686	0.0032922029495239	0.13795119524002	-0.099398702383041
-0.0052031618542969	0.051383625715971	0.51896852254868	-1.0244628190994	-0.81736320257187	0.0014600716531277	-0.0035134418867528	0.0036991834640503	0.13810455799103	-0.099228627979755
-0.0053970124572515	0.051781449466944	0.51889377832413	-1.0245711803436	-0.81629240512848	0.0014592446386814	-0.0036129101645201	0.0038163661956787	0.13799995183945	-0.099296323955059
-0.0046617756597698	0.051890313625336	0.51888120174408	-1.0249304771423	-0.8149875998497	0.0014564990997314	-0.0035716979764402	0.0033185482025146	0.13802248239517	-0.099351018667221
-0.0046295351348817	0.052359241992235	0.51876336336136	-1.0252494812012	-0.81383776664734	0.0014553368091583	-0.0036123220343143	0.003299355506897	0.13794606924057	-0.099438801407814
-0.0035420979838818	0.052101537585258	0.51878935098648	-1.0259470939636	-0.81258344650269	0.0014545321464539	-0.0036106079351157	0.0025854110717773	0.13806861639023	-0.099377147853374
-0.0034421335440129	0.052574250847101	0.51863121986389	-1.0264424085617	-0.8117658495903	0.0014511048793793	-0.0036158687435091	0.0025074481964111	0.13800483942032	-0.099467895925045
-0.0033461337443441	0.052476324141026	0.51862370967865	-1.0268975496292	-0.81119400262833	0.0014497265219688	-0.0036153602413833	0.0024642944335938	0.13803642988205	-0.099422335624695
-0.0035010639112443	0.051496066153049	0.51905834674835	-1.0285181999207	-0.80894255638123	0.0014622770249844	-0.0038788481615484	0.0025821924209595	0.13821971416473	-0.099367417395115
-0.0041555794887245	0.052085015922785	0.51885890960693	-1.0291444063187	-0.80746293067932	0.0014558956027031	-0.0036649834364653	0.0029981136322021	0.13805627822876	-0.099432110786438
-0.0041170865297318	0.051957633346319	0.51882457733154	-1.0295968055725	-0.80644506216049	0.0014570765197277	-0.0036903328727931	0.0029823780059814	0.1380729675293	-0.099340625107288
-0.0044682272709906	0.051856584846973	0.51879215240479	-1.0297598838806	-0.80604034662247	0.0014554783701897	-0.0037307925522327	0.0032265186309814	0.13807100057602	-0.099285647273064
-0.004031294491142	0.051637537777424	0.51883870363235	-1.0301682949066	-0.80534368753433	0.0014564655721188	-0.0037067469675094	0.0029227733612061	0.13814294338226	-0.099229156970978
-0.0044368733651936	0.052231442183256	0.51868057250977	-1.0303239822388	-0.80502319335938	0.0014541447162628	-0.0037210423033684	0.0031828880310059	0.13800668716431	-0.099346868693829
-0.0042729107663035	0.051040593534708	0.51911443471909	-1.0311119556427	-0.80340671539307	0.0014615952968597	-0.0038339532911777	0.0030809640884399	0.13824844360352	-0.099198117852211
-0.0044597727246583	0.051125627011061	0.51907801628113	-1.031684756279	-0.80187541246414	0.0014598779380322	-0.0037426152266562	0.0032006502151489	0.13821613788605	-0.099204264581203
-0.0046317987143993	0.051953181624413	0.51877164840698	-1.0317392349243	-0.80141633749008	0.0014547891914845	-0.0037457577418536	0.0033208131790161	0.13803565502167	-0.099297754466534
-0.0046328841708601	0.052281558513641	0.51864856481552	-1.0316498279572	-0.80133277177811	0.0014524981379509	-0.0037450357340276	0.0033329725265503	0.13796359300613	-0.099332876503468
-0.0044437572360039	0.051476780325174	0.51891577243805	-1.0320636034012	-0.80042576789856	0.0014578998088837	-0.0037470664829016	0.0032165050506592	0.1381374001503	-0.09921345859766
-0.0046347524039447	0.051502961665392	0.51892101764679	-1.0323588848114	-0.79955446720123	0.0014575943350792	-0.0037582986988127	0.0033507347106934	0.13812160491943	-0.099220372736454
-0.0045564873144031	0.052137281745672	0.51870942115784	-1.0323833227158	-0.79922294616699	0.0014530792832375	-0.003740421263501	0.003290057182312	0.13799637556076	-0.099311843514442
-0.0048229889944196	0.051773779094219	0.51885610818863	-1.0325256586075	-0.79853743314743	0.0014570876955986	-0.0037432790268213	0.0034644603729248	0.13805168867111	-0.099275954067707
-0.0049017858691514	0.051490988582373	0.51893508434296	-1.0327242612839	-0.79767453670502	0.0014581009745598	-0.0037396575789899	0.0035164356231689	0.13809567689896	-0.099213615059853
-0.0049571399576962	0.051546886563301	0.51890110969543	-1.03276014328	-0.79706293344498	0.0014574453234673	-0.0037434198893607	0.003557562828064	0.13808089494705	-0.099214680492878
-0.0049432357773185	0.051662359386683	0.51886767148972	-1.0328245162964	-0.79648584127426	0.0014565289020538	-0.0036855530925095	0.0035455226898193	0.13805550336838	-0.099229134619236
-0.0047708321362734	0.05210230499506	0.51871514320374	-1.032790184021	-0.79622232913971	0.0014532059431076	-0.0037175349425524	0.0034290552139282	0.13798224925995	-0.099290944635868
-0.0048188068903983	0.05110039934516	0.51900792121887	-1.0329468250275	-0.79552346467972	0.0014586821198463	-0.0037078685127199	0.0034819841384888	0.13817471265793	-0.099125653505325
-0.0048039369285107	0.051739994436502	0.51881510019302	-1.0329805612564	-0.7951055765152	0.0014547519385815	-0.0036767763085663	0.0034549236297607	0.138054728508	-0.099221423268318
-0.0049639795906842	0.050997238606215	0.51905357837677	-1.0331740379333	-0.79430818557739	0.0014593899250031	-0.0036240094341338	0.0035676956176758	0.13819068670273	-0.099106639623642
-0.0049069062806666	0.050700575113297	0.51910948753357	-1.0332753658295	-0.79359650611877	0.0014597289264202	-0.0036462054122239	0.0035464763641357	0.13824665546417	-0.099037401378155
-0.0048604500479996	0.05166332423687	0.51883900165558	-1.0332751274109	-0.79318112134933	0.0014546513557434	-0.0036440566182137	0.0034964084625244	0.13806414604187	-0.099207364022732
-0.0047417092137039	0.052029080688953	0.51872235536575	-1.0332194566727	-0.7930149435997	0.0014530569314957	-0.0036137036513537	0.0034165382385254	0.13800132274628	-0.099267609417439
-0.004808989353478	0.051685892045498	0.51884561777115	-1.0333000421524	-0.79257935285568	0.0014554038643837	-0.0035658236593008	0.0034658908843994	0.13806557655334	-0.099224664270878
-0.0047104209661484	0.052021987736225	0.51873636245728	-1.0333027839661	-0.79231053590775	0.0014529936015606	-0.003601698204875	0.0033973455429077	0.13800537586212	-0.099274225533009
-0.0046847932972014	0.052110373973846	0.51872777938843	-1.0332581996918	-0.79215961694717	0.0014494061470032	-0.0035854752641171	0.0033625364303589	0.13799232244492	-0.099298529326916
-0.0047187018208206	0.051969707012177	0.51881700754166	-1.0332719087601	-0.79198378324509	0.0014499649405479	-0.0035789471585304	0.0033555030822754	0.13801890611649	-0.099298074841499
-0.0047295205295086	0.051683947443962	0.51887011528015	-1.0332609415054	-0.79182255268097	0.001450851559639	-0.0035768742673099	0.0033751726150513	0.13807356357574	-0.099237039685249
-0.0047848210670054	0.051768068224192	0.51887273788452	-1.0332070589066	-0.79160410165787	0.0014504939317703	-0.0035718493163586	0.0034066438674927	0.13805401325226	-0.099261209368706
-0.0047741499729455	0.051792681217194	0.5188667178154	-1.0331625938416	-0.79140615463257	0.0014504194259644	-0.0035738716833293	0.0034005641937256	0.1380490064621	-0.0992641299963
-0.0047537391074002	0.05177017301321	0.51887542009354	-1.0331324338913	-0.79121369123459	0.001450389623642	-0.0035742812324315	0.0033867359161377	0.13805556297302	-0.099259413778782
-0.004735310561955	0.051843415945768	0.51885771751404	-1.0331513881683	-0.79101353883743	0.0014505870640278	-0.0035728726070374	0.003368616104126	0.13804191350937	-0.099273175001144
-0.0047026765532792	0.051895532757044	0.51883745193481	-1.0331785678864	-0.79082518815994	0.0014506503939629	-0.0035781089682132	0.003349781036377	0.13803404569626	-0.099280774593353
-0.0046626306138933	0.051929745823145	0.51881688833237	-1.0332126617432	-0.79064762592316	0.0014501437544823	-0.0035695671103895	0.0033261775970459	0.1380301117897	-0.099280312657356
-0.0046077319420874	0.051987864077091	0.51877987384796	-1.0332342386246	-0.79048424959183	0.0014507547020912	-0.0035724923945963	0.0032995939254761	0.13802325725555	-0.099281050264835
-0.0045814858749509	0.052005331963301	0.51877081394196	-1.0332425832748	-0.79033118486404	0.0014507472515106	-0.0035729999653995	0.0032875537872314	0.13802301883698	-0.09928186237812
-0.0045721433125436	0.051829777657986	0.51880496740341	-1.0332616567612	-0.79015547037125	0.0014510229229927	-0.0035766127984971	0.0032825469970703	0.13805788755417	-0.099243134260178
-0.0046460558660328	0.051852427423	0.51883399486542	-1.033308506012	-0.78997778892517	0.0014501586556435	-0.0035720530431718	0.0033239126205444	0.13804858922958	-0.099271193146706
-0.0048438985832036	0.053914319723845	0.51833695173264	-1.0333387851715	-0.78977781534195	0.0014507919549942	-0.0043217311613262	0.0034023523330688	0.13762545585632	-0.099735483527184
-0.0049898000434041	0.054286450147629	0.51823568344116	-1.033256649971	-0.78958940505981	0.0014497190713882	-0.004065933637321	0.0034884214401245	0.1375338435173	-0.099810101091862
-0.0050320620648563	0.054582491517067	0.51817566156387	-1.0331747531891	-0.78921228647232	0.0014491751790047	-0.0034328128676862	0.0035076141357422	0.13746845722198	-0.099872887134552
-0.0050828186795115	0.054659772664309	0.51814079284668	-1.0331784486771	-0.78930532932281	0.0014492012560368	-0.0048753665760159	0.0035351514816284	0.13744539022446	-0.099880456924438
-0.0051172822713852	0.054506875574589	0.51819276809692	-1.0331983566284	-0.78909921646118	0.0014504380524158	-0.0037300363183022	0.0035514831542969	0.13747304677963	-0.099855862557888
-0.005148169118911	0.054815884679556	0.5181303024292	-1.0331180095673	-0.78868055343628	0.0014491975307465	-0.0038542952388525	0.0035667419433594	0.13741058111191	-0.099929206073284
-0.0051324311643839	0.054964330047369	0.51807284355164	-1.0330399274826	-0.78851437568665	0.0014484934508801	-0.003460691543296	0.0035578012466431	0.13738036155701	-0.099946096539497
-0.0051154093816876	0.054980222135782	0.5180584192276	-1.0329719781876	-0.7884014248848	0.0014481171965599	-0.0034027092624456	0.0035483837127686	0.13737881183624	-0.099944785237312
-0.0051241116598248	0.055018175393343	0.51805728673935	-1.0329043865204	-0.78826159238815	0.0014482885599136	-0.0033988903742284	0.0035531520843506	0.13737159967422	-0.099955976009369
-0.0053329933434725	0.055448636412621	0.51798731088638	-1.0329568386078	-0.78816097974777	0.0014492943882942	-0.0026585375890136	0.0036790370941162	0.13727420568466	-0.1000721976161
-0.0051839095540345	0.054421495646238	0.518086373806	-1.0328283309937	-0.7888275384903	0.0014450773596764	-0.0039757597260177	0.0036207437515259	0.13747930526733	-0.099771745502949
-0.0051386789418757	0.054076708853245	0.51821023225784	-1.0327478647232	-0.78901636600494	0.0014487579464912	-0.0031648713629693	0.0035907030105591	0.137555539608	-0.099727243185043
-0.0051244320347905	0.053938761353493	0.51826477050781	-1.0326582193375	-0.7890322804451	0.0014494433999062	-0.0031643516849726	0.0035817623138428	0.13758510351181	-0.099711827933788
-0.0051584867760539	0.053769767284393	0.51829558610916	-1.0326118469238	-0.7890482544899	0.0014504194259644	-0.0031605022959411	0.003600001335144	0.13762450218201	-0.099656462669373
-0.0051790638826787	0.05414330214262	0.51822811365128	-1.0325706005096	-0.78890860080719	0.0014491826295853	-0.0031625698320568	0.0035933256149292	0.13755309581757	-0.099738441407681
-0.0051314332522452	0.054006557911634	0.5182449221611	-1.032484292984	-0.78886747360229	0.0014492124319077	-0.0031636555213481	0.003570556640625	0.13758206367493	-0.099695652723312
-0.0050802617333829	0.054127607494593	0.51822340488434	-1.0324153900146	-0.7888411283493	0.0014487616717815	-0.0031623207032681	0.0035363435745239	0.13756096363068	-0.099728018045425
-0.0050449278205633	0.054155003279448	0.51821631193161	-1.032356262207	-0.7888051867485	0.0014484599232674	-0.0031645991839468	0.0035115480422974	0.13755959272385	-0.099734716117382
-0.0050608986057341	0.054245747625828	0.51819413900375	-1.0323393344879	-0.78876274824142	0.0014482215046883	-0.00316729885526	0.0035200119018555	0.13754218816757	-0.099750302731991
-0.00503831775859	0.054183956235647	0.51820516586304	-1.0322633981705	-0.78880453109741	0.0014486610889435	-0.0031636662315577	0.0035107135772705	0.13755530118942	-0.099738158285618
-0.0050464775413275	0.054205894470215	0.51820039749146	-1.0321927070618	-0.78882908821106	0.0014486685395241	-0.0031625465489924	0.003516674041748	0.13755035400391	-0.099744617938995
-0.0050535444170237	0.054025065153837	0.51823103427887	-1.0321129560471	-0.78887569904327	0.0014491304755211	-0.0031628299038857	0.0035327672958374	0.13758087158203	-0.099707208573818
-0.0051643894985318	0.053982865065336	0.5182426571846	-1.0320416688919	-0.78890812397003	0.0014497861266136	-0.0031630378216505	0.0035991668701172	0.1375886797905	-0.099687851965427
-0.0051026199944317	0.054190810769796	0.51820123195648	-1.0319535732269	-0.78889763355255	0.0014485009014606	-0.0031625889241695	0.0035538673400879	0.13754791021347	-0.09973382204771
-0.0050845635123551	0.052902042865753	0.51852923631668	-1.0319279432297	-0.78865766525269	0.0014520436525345	-0.0031864908523858	0.0035717487335205	0.13780415058136	-0.099471047520638
-0.0050310133956373	0.052532251924276	0.5186630487442	-1.0319150686264	-0.78814375400543	0.0014530196785927	-0.0032908909488469	0.003534197807312	0.13787883520126	-0.099417932331562
-0.005055280867964	0.052698992192745	0.5185786485672	-1.0318732261658	-0.78791230916977	0.0014523640275002	-0.0032122177071869	0.0035514831542969	0.13785225152969	-0.099427744746208
-0.0050621624104679	0.052825134247541	0.51852285861969	-1.0318357944489	-0.7878138422966	0.0014515668153763	-0.0032451644074172	0.0035569667816162	0.1378281712532	-0.099438197910786
-0.0050476654432714	0.052449934184551	0.51871252059937	-1.0318602323532	-0.78709936141968	0.0014551654458046	-0.0034901504404843	0.0035425424575806	0.13789892196655	-0.09941266477108
-0.0048554870299995	0.052262187004089	0.51876729726791	-1.0318447351456	-0.78634798526764	0.0014545917510986	-0.0034380268771201	0.0034120082855225	0.13794559240341	-0.099386475980282
-0.0047860499471426	0.052702844142914	0.51859200000763	-1.0318514108658	-0.78608894348145	0.0014518201351166	-0.0034006177447736	0.0033740997314453	0.13786911964417	-0.099440343677998
-0.0048615136183798	0.052810452878475	0.5185210108757	-1.0318894386292	-0.78604561090469	0.0014509931206703	-0.0034291897900403	0.0034317970275879	0.1378465294838	-0.099434748291969
-0.0049978420138359	0.052861552685499	0.51850551366806	-1.0319137573242	-0.78596234321594	0.0014510750770569	-0.0034362152218819	0.003515362739563	0.13783115148544	-0.099440298974514
-0.0049696802161634	0.052415307611227	0.51868981122971	-1.0319875478745	-0.78515297174454	0.0014547482132912	-0.0036859139800072	0.0034966468811035	0.13791483640671	-0.099390856921673
-0.0047862245701253	0.052589625120163	0.51861494779587	-1.0319806337357	-0.78463846445084	0.0014519914984703	-0.0035301116295159	0.0033779144287109	0.13788974285126	-0.099414974451065
-0.0047982502728701	0.052257549017668	0.51872199773788	-1.0320420265198	-0.78391528129578	0.0014545060694218	-0.0036634779535234	0.003388524055481	0.13795804977417	-0.099364191293716
-0.0047310679219663	0.052617643028498	0.51859891414642	-1.0320674180984	-0.78351122140884	0.0014519952237606	-0.0035772516857833	0.003339409828186	0.13789415359497	-0.099419839680195
-0.004821665585041	0.052686218172312	0.51854944229126	-1.0321286916733	-0.78342652320862	0.0014516860246658	-0.0036092684604228	0.0034117698669434	0.13787716627121	-0.099414967000484
-0.004864220507443	0.052189335227013	0.51874512434006	-1.0321745872498	-0.78259521722794	0.0014555007219315	-0.0037879259325564	0.0034358501434326	0.13796830177307	-0.09935536980629
-0.0047707189805806	0.052410874515772	0.5186573266983	-1.0321712493896	-0.7820737361908	0.001452699303627	-0.0036379187367857	0.0033717155456543	0.13793116807938	-0.09937995672226
-0.0047989529557526	0.052739769220352	0.51854664087296	-1.0321966409683	-0.78191691637039	0.0014510229229927	-0.003673329949379	0.0033862590789795	0.13786697387695	-0.099430188536644
-0.0048492248170078	0.05283372849226	0.51851218938828	-1.032239317894	-0.78186392784119	0.0014507248997688	-0.0036892048083246	0.0034266710281372	0.13784277439117	-0.099442273378372
-0.004788476973772	0.052943095564842	0.51849246025085	-1.0322445631027	-0.78177469968796	0.0014505609869957	-0.0036850024480373	0.003383994102478	0.13782387971878	-0.099467180669308
-0.0049064732156694	0.052806850522757	0.51851910352707	-1.0322796106339	-0.78173995018005	0.0014510340988636	-0.0036725408863276	0.00346839427948	0.13784557580948	-0.099437214434147
