-0.38174363970757	-0.22743500769138	-0.22854590415955	-0.81836664676666	-0.69254559278488	0.010276295244694	-0.0057834540493786	0.034650683403015	0.080965876579285	-0.094941824674606
-0.42231816053391	-0.25026008486748	-0.25308883190155	-0.81927353143692	-0.70023792982101	0.0047180354595184	-0.0045870486646891	0.037275701761246	0.078653931617737	-0.093918442726135
-0.42639574408531	-0.25321361422539	-0.25572308897972	-0.81933325529099	-0.70137196779251	0.0050733312964439	-0.0032838922925293	0.037483215332031	0.078565120697021	-0.093686640262604
-0.42661020159721	-0.25356638431549	-0.2560056746006	-0.8192104101181	-0.70107620954514	0.0051318556070328	-0.0033184490166605	0.037417829036713	0.078618407249451	-0.093670137226582
-0.42661666870117	-0.2536136507988	-0.25603595376015	-0.81904113292694	-0.701062977314	0.0050892308354378	-0.0033286525867879	0.037407219409943	0.078632116317749	-0.09367411583662
-0.42663791775703	-0.25361579656601	-0.25603920221329	-0.8189143538475	-0.70119559764862	0.0050575956702232	-0.0033282660879195	0.037415146827698	0.078628420829773	-0.093675382435322
-0.42663851380348	-0.25361296534538	-0.25603970885277	-0.81881219148636	-0.70130527019501	0.0050401836633682	-0.0033271436113864	0.037414908409119	0.078627467155457	-0.093675889074802
-0.42663660645485	-0.25361311435699	-0.2560398876667	-0.81870770454407	-0.70141702890396	0.0050345957279205	-0.003326813923195	0.037414371967316	0.078627586364746	-0.093675971031189
-0.046395815908909	-0.027677146717906	-0.027492292225361	-0.82931911945343	-0.67042291164398	0.002086415886879	-0.0068887672387064	0.0064282417297363	0.089362144470215	-0.10655506700277
0.30471161007881	-0.0010739961871877	0.33982917666435	-0.82959407567978	-0.63212561607361	0.0029759854078293	-0.0045012384653091	-0.036072760820389	0.12050235271454	-0.10189078003168
-0.014016290195286	-0.11538118124008	-0.030878275632858	-0.83622270822525	-0.65446680784225	0.0012300312519073	-0.0031219716183841	0.0036078691482544	0.098591446876526	-0.10105162858963
-0.048922035843134	-0.12613452970982	-0.07062179595232	-0.83992481231689	-0.64339447021484	0.00084719806909561	-0.003956482745707	0.0075855851173401	0.094828844070435	-0.10038135200739
-0.063381798565388	-0.1264346241951	-0.080704487860203	-0.83944094181061	-0.64100986719131	0.00084931403398514	-0.0038425449747592	0.0087296068668365	0.093534350395203	-0.10015773028135
-0.07551259547472	-0.12890428304672	-0.086811043322086	-0.83934962749481	-0.63992100954056	0.00084837526082993	-0.0033107195049524	0.0090516209602356	0.093316435813904	-0.1000704690814
-0.10005136579275	-0.13090915977955	-0.097262091934681	-0.83925974369049	-0.64010727405548	0.00084562599658966	-0.0032701599411666	0.010616570711136	0.092405438423157	-0.10006286203861
-0.11457876116037	-0.1314417719841	-0.10311958193779	-0.83904218673706	-0.64025431871414	0.0008474662899971	-0.0033152133692056	0.011586159467697	0.091790318489075	-0.1000277325511
-0.12873302400112	-0.13180176913738	-0.10820393264294	-0.83901488780975	-0.64049673080444	0.00084095448255539	-0.0033458154648542	0.012881428003311	0.091106176376343	-0.10007577389479
-0.14328709244728	-0.1315955966711	-0.11308559030294	-0.83903485536575	-0.6405246257782	0.00083646923303604	-0.0033155183773488	0.014417141675949	0.090258836746216	-0.10013050585985
-0.15752758085728	-0.13145965337753	-0.11780847609043	-0.83895909786224	-0.64045017957687	0.00083492696285248	-0.0033763076644391	0.015610456466675	0.089511394500732	-0.10009201616049
-0.15939758718014	-0.13130666315556	-0.11832727491856	-0.83896136283875	-0.64001882076263	0.00083000957965851	-0.0033857352100313	0.015974700450897	0.089343547821045	-0.10007344186306
-0.1848384141922	-0.13213129341602	-0.12603190541267	-0.83895313739777	-0.64042800664902	0.00082762539386749	-0.0034021525643766	0.01774725317955	0.088327407836914	-0.10006912052631
-0.20040962100029	-0.13221608102322	-0.13052958250046	-0.83876794576645	-0.64066016674042	0.00082723796367645	-0.0034421407617629	0.018829554319382	0.087671160697937	-0.10000252723694
-0.21586503088474	-0.13191664218903	-0.13437877595425	-0.83881783485413	-0.64072805643082	0.00082073360681534	-0.0034638741053641	0.020370990037918	0.08680784702301	-0.10010935366154
-0.23049648106098	-0.13204737007618	-0.13799399137497	-0.83886021375656	-0.64108097553253	0.00081983208656311	-0.0034825026523322	0.021326988935471	0.086200594902039	-0.10014865547419
-0.23234850168228	-0.13177680969238	-0.13843156397343	-0.83890241384506	-0.64119082689285	0.00081811100244522	-0.0034885213244706	0.021614462137222	0.086031317710876	-0.10013841837645
-0.25933617353439	-0.13197590410709	-0.14438605308533	-0.83878701925278	-0.64188027381897	0.00081930309534073	-0.0034860253799707	0.023588895797729	0.084927201271057	-0.10014585405588
-0.2629978954792	-0.13135540485382	-0.14510890841484	-0.8388135433197	-0.64160013198853	0.00081685185432434	-0.0035408728290349	0.024335592985153	0.084491968154907	-0.10011851787567
-0.27694043517113	-0.13142466545105	-0.14786671102047	-0.83882737159729	-0.64164787530899	0.00081703066825867	-0.0035450416617095	0.025363355875015	0.0838942527771	-0.1000983864069
-0.30564019083977	-0.13157166540623	-0.153005823493	-0.83883899450302	-0.64215630292892	0.00081873685121536	-0.0035476093180478	0.027217030525208	0.082786917686462	-0.10011583566666
-0.30916672945023	-0.13158819079399	-0.15355356037617	-0.83883959054947	-0.64206492900848	0.00081688165664673	-0.0036049950867891	0.027751177549362	0.082555294036865	-0.10010109096766
-0.33715000748634	-0.13124695420265	-0.15781334042549	-0.83883488178253	-0.64266085624695	0.00081849098205566	-0.0035677491687238	0.029564470052719	0.081414461135864	-0.10016354173422
-0.35472941398621	-0.13117489218712	-0.16007852554321	-0.83875751495361	-0.64295196533203	0.0008183941245079	-0.0036058626137674	0.031096220016479	0.080588579177856	-0.10018876194954
-0.37107592821121	-0.13075272738934	-0.16203205287457	-0.8386994600296	-0.64278268814087	0.0008162334561348	-0.0036179043818265	0.03245735168457	0.079713940620422	-0.10012847930193
-0.37305787205696	-0.13044369220734	-0.16229812800884	-0.83850032091141	-0.64236694574356	0.00081609934568405	-0.0036287680268288	0.032746553421021	0.079492926597595	-0.10007467865944
-0.40133979916573	-0.13055807352066	-0.16508264839649	-0.83845382928848	-0.64271306991577	0.00081802159547806	-0.0036430160980672	0.034459501504898	0.078505516052246	-0.1001144349575
-0.41877815127373	-0.13038897514343	-0.16653291881084	-0.838458776474	-0.64295864105225	0.00081963837146759	-0.0036491635255516	0.035669416189194	0.077769160270691	-0.10013757646084
-0.42926946282387	-0.15274518728256	-0.1892437338829	-0.8386338353157	-0.64330893754959	0.00081661343574524	-0.003649388672784	0.036455690860748	0.076879024505615	-0.099192447960377
-0.4311116039753	-0.15304127335548	-0.19175063073635	-0.83892279863358	-0.64301538467407	0.00087323039770126	-0.0036608166992664	0.03668150305748	0.076163411140442	-0.099312640726566
-0.36189901828766	-0.29066362977028	-0.30573201179504	-0.83953070640564	-0.63634151220322	0.0088098496198654	-0.0036793393082917	0.031556904315948	0.079158067703247	-0.091423839330673
-0.28636187314987	-0.36411452293396	-0.35461369156837	-0.84033381938934	-0.62837910652161	0.012916542589664	-0.0036661517806351	0.025789678096771	0.082525134086609	-0.087312459945679
-0.19566906988621	-0.41760140657425	-0.37578761577606	-0.84110391139984	-0.61934745311737	0.015826962888241	-0.0036862171255052	0.018635869026184	0.086769580841064	-0.08428917825222
-0.09677579253912	-0.45094469189644	-0.36889532208443	-0.84190911054611	-0.60877329111099	0.017903104424477	-0.0036924425512552	0.010313481092453	0.091674089431763	-0.08222158998251
-0.086270555853844	-0.45443797111511	-0.36815500259399	-0.84234762191772	-0.60630416870117	0.018072932958603	-0.003710747230798	0.009416401386261	0.092127203941345	-0.082013055682182
0.082662358880043	-0.44322687387466	-0.26990169286728	-0.84366351366043	-0.58632773160934	0.018656834959984	-0.0037044249475002	-0.0070285797119141	0.10198855400085	-0.081367298960686
0.1007886454463	-0.44197437167168	-0.25935190916061	-0.84468710422516	-0.58228236436844	0.01884637773037	-0.0037073337007314	-0.0090181529521942	0.10285580158234	-0.081278920173645
0.22622667253017	-0.3449060022831	-0.076102770864964	-0.84644663333893	-0.56347739696503	0.015564426779747	-0.0037198453210294	-0.024325013160706	0.1118905544281	-0.084510512650013
0.2816675901413	-0.26399943232536	0.049846969544888	-0.8481422662735	-0.55232614278793	0.01226120442152	-0.0037369020283222	-0.032245367765427	0.11619079113007	-0.087731279432774
0.28736194968224	-0.25533804297447	0.063370235264301	-0.84834450483322	-0.55077117681503	0.011917561292648	-0.0037403902970254	-0.032994151115417	0.11663019657135	-0.088068827986717
0.31703940033913	-0.17675064504147	0.17075376212597	-0.84867310523987	-0.54476845264435	0.0084029287099838	-0.0037312232889235	-0.037610054016113	0.11932396888733	-0.091601110994816
0.33744955062866	-0.089375473558903	0.27978456020355	-0.84911733865738	-0.53981977701187	0.0039854496717453	-0.0037400077562779	-0.041014343500137	0.12122702598572	-0.095934718847275
0.33949860930443	-0.080583773553371	0.29149159789085	-0.84928411245346	-0.53831160068512	0.0038413554430008	-0.0037371688522398	-0.041310638189316	0.1215398311615	-0.096264019608498
0.34518656134605	-0.0094324126839638	0.37408459186554	-0.84870982170105	-0.53539681434631	0.0012987405061722	-0.0037470036186278	-0.042386144399643	0.1230708360672	-0.099514253437519
0.33934673666954	-0.0074647571891546	0.3675941824913	-0.84857332706451	-0.53511929512024	0.0012872517108917	-0.0037396191619337	-0.041199147701263	0.12257421016693	-0.099971152842045
0.32715010643005	-0.019704172387719	0.33754009008408	-0.84877991676331	-0.53581142425537	0.0012578070163727	-0.0037443533074111	-0.039671868085861	0.12128376960754	-0.099953755736351
0.31926774978638	-0.026166994124651	0.31998357176781	-0.84863436222076	-0.53597158193588	0.0012394413352013	-0.0037455253768712	-0.038363486528397	0.12053155899048	-0.099997200071812
0.31160390377045	-0.031825687736273	0.30410668253899	-0.84855091571808	-0.53600668907166	0.0012214779853821	-0.0037512793205678	-0.036954760551453	0.11984133720398	-0.10002154111862
0.31047484278679	-0.031762070953846	0.3023299574852	-0.84837663173676	-0.53571444749832	0.0012172013521194	-0.003746225964278	-0.03655818104744	0.11968016624451	-0.10009323060513
0.29743778705597	-0.04227377101779	0.27524402737617	-0.84855353832245	-0.53632754087448	0.0011909157037735	-0.0037474103737622	-0.03477942943573	0.11847579479218	-0.10009321570396
0.28866136074066	-0.046957980841398	0.25913482904434	-0.84860748052597	-0.53623193502426	0.0011709779500961	-0.0037423805333674	-0.03312873840332	0.11762917041779	-0.10019011050463
0.28766676783562	-0.047500807791948	0.257414072752	-0.84856551885605	-0.53596872091293	0.0011688619852066	-0.0037365481257439	-0.032912075519562	0.11753988265991	-0.10018131136894
0.27385738492012	-0.056312467902899	0.231958091259	-0.84894704818726	-0.53624039888382	0.0011434406042099	-0.0037550635170192	-0.031026303768158	0.11625385284424	-0.10021718591452
0.26519024372101	-0.061184369027615	0.21698342263699	-0.8490189909935	-0.53614884614944	0.0011282190680504	-0.0037020682357252	-0.029787629842758	0.11548388004303	-0.10024401545525
0.25717175006866	-0.066013850271702	0.20348189771175	-0.84902173280716	-0.53628671169281	0.0011159777641296	-0.0037433379329741	-0.028777539730072	0.11483204364777	-0.10024137049913
0.25590661168098	-0.066051177680492	0.2019811719656	-0.84912991523743	-0.53598189353943	0.0011128485202789	-0.0037267312873155	-0.028382539749146	0.11472177505493	-0.10029365122318
0.24840328097343	-0.070300817489624	0.19017252326012	-0.84931516647339	-0.53591680526733	0.0011011883616447	-0.0037301373668015	-0.027353852987289	0.11417925357819	-0.10021620243788
0.24000503122807	-0.074861705303192	0.17740657925606	-0.84932488203049	-0.53596776723862	0.0010888800024986	-0.0036401189863682	-0.026180446147919	0.11360311508179	-0.10014562308788
0.23160469532013	-0.079038947820663	0.1648810505867	-0.84899234771729	-0.53586435317993	0.0010770633816719	-0.0037728331517428	-0.025168746709824	0.11296963691711	-0.10009568184614
0.22266827523708	-0.082788392901421	0.1526093930006	-0.84907346963882	-0.53576344251633	0.0010649263858795	-0.0037055783905089	-0.023858815431595	0.11231088638306	-0.10009756684303
0.20565989613533	-0.089142300188541	0.13009952008724	-0.84913837909698	-0.53608560562134	0.0010426864027977	-0.0037035464774817	-0.021608620882034	0.11099290847778	-0.10019785165787
0.20348256826401	-0.089175812900066	0.12758381664753	-0.84916073083878	-0.53566724061966	0.0010379031300545	-0.0036685671657324	-0.021076619625092	0.11074018478394	-0.10018227994442
0.18740350008011	-0.095264844596386	0.1071510836482	-0.84916532039642	-0.53588879108429	0.0010208934545517	-0.003689143108204	-0.019431471824646	0.10955834388733	-0.10015789419413
0.17663370072842	-0.097244650125504	0.095051668584347	-0.84933149814606	-0.53556966781616	0.0010062754154205	-0.003651139093563	-0.017786115407944	0.10863292217255	-0.10027954727411
0.16727212071419	-0.10048063844442	0.084290832281113	-0.84921503067017	-0.53561741113663	0.00099816173315048	-0.0036591445095837	-0.016874194145203	0.10800218582153	-0.10026034712791
0.15711162984371	-0.1029202118516	0.073810115456581	-0.84947276115417	-0.53551054000854	0.00098758190870285	-0.003610351588577	-0.015440911054611	0.10730528831482	-0.10029530525208
0.14692050218582	-0.10483037680387	0.063511438667774	-0.84978705644608	-0.53525882959366	0.0009765625	-0.003648133482784	-0.014089912176132	0.10651624202728	-0.10032724589109
0.13695092499256	-0.10680542141199	0.053471308201551	-0.84975546598434	-0.53511989116669	0.00091910362243652	-0.0036107334308326	-0.01302444934845	0.10576486587524	-0.10036989301443
0.1357795894146	-0.10680390894413	0.05235530436039	-0.84961712360382	-0.53467810153961	0.00091740489006042	-0.0036047813482583	-0.0128293633461	0.10565304756165	-0.10037192702293
0.11707665026188	-0.11155058443546	0.035254895687103	-0.84985905885696	-0.53498017787933	0.00090796500444412	-0.0035892601590604	-0.01072946190834	0.10460019111633	-0.10037598013878
0.10620852559805	-0.11648792028427	0.025266267359257	-0.84935683012009	-0.53479415178299	0.00091115385293961	-0.0035606834571809	-0.0098603367805481	0.10449504852295	-0.09968613088131
0.095088332891464	-0.12002436071634	0.016244532540441	-0.8490429520607	-0.53458094596863	0.00091388076543808	-0.003793653100729	-0.0084747970104218	0.10420274734497	-0.099384032189846
0.084239527583122	-0.12202934920788	0.0074816755950451	-0.84889626502991	-0.53433215618134	0.00089574605226517	-0.0036996379494667	-0.007383406162262	0.10358548164368	-0.099354058504105
0.082965902984142	-0.12234737724066	0.0065287961624563	-0.84862637519836	-0.53389912843704	0.00094474852085114	-0.0042414334602654	-0.0071617364883423	0.10355031490326	-0.09929721057415
0.073142148554325	-0.1238871589303	-0.0011698161251843	-0.84853118658066	-0.53371506929398	0.00094915926456451	-0.0036939214915037	-0.0062863230705261	0.10296857357025	-0.09928997606039
0.062047448009253	-0.12550531327724	-0.0094242859631777	-0.8484303355217	-0.53354519605637	0.00094173103570938	-0.0036282618530095	-0.0051675736904144	0.10234105587006	-0.099275194108486
0.050518564879894	-0.12723658978939	-0.017488792538643	-0.84848803281784	-0.53352570533752	0.00093445181846619	-0.0042497054673731	-0.0039036870002747	0.10175335407257	-0.099236615002155
0.028754077851772	-0.12923012673855	-0.032202336937189	-0.84861958026886	-0.53374922275543	0.00089694559574127	-0.0037293932400644	-0.0019654929637909	0.10043823719025	-0.099289573729038
0.026148810982704	-0.12874874472618	-0.033887874335051	-0.84847676753998	-0.53347492218018	0.00091639161109924	-0.0035913425963372	-0.0015711188316345	0.10015857219696	-0.099302157759666
0.0047729215584695	-0.13104318082333	-0.047032840549946	-0.84852588176727	-0.5339937210083	0.00090570747852325	-0.0035603165160865	0.00024893879890442	0.099071979522705	-0.099291697144508
-0.0090393647551537	-0.13171817362309	-0.054660052061081	-0.84843730926514	-0.53410351276398	0.00087917596101761	-0.0038148190360516	0.0018489062786102	0.098260760307312	-0.099349670112133
-0.021801628172398	-0.13223437964916	-0.06157923489809	-0.84827429056168	-0.5339914560318	0.00087223201990128	-0.0029086689464748	0.0031537115573883	0.097510933876038	-0.099323451519012
-0.023641243577003	-0.13145965337753	-0.062331035733223	-0.84807389974594	-0.53367310762405	0.00088690221309662	-0.003727896604687	0.0035874247550964	0.097205281257629	-0.099466033279896
-0.035310167819262	-0.13050483167171	-0.068134196102619	-0.84844541549683	-0.53416150808334	0.00087685883045197	-0.0031903716735542	0.0046408772468567	0.096195220947266	-0.1000007390976
-0.048133172094822	-0.13026669621468	-0.074489824473858	-0.84868735074997	-0.53450238704681	0.0008634552359581	-0.0031743594445288	0.0058478116989136	0.095328807830811	-0.1000887081027
-0.061125569045544	-0.13033950328827	-0.080697081983089	-0.84865015745163	-0.53447914123535	0.00085904449224472	-0.0031731934286654	0.0070232152938843	0.094558477401733	-0.10007758438587
-0.086412280797958	-0.13121628761292	-0.0916738063097	-0.84865063428879	-0.53463536500931	0.00085142254829407	-0.0032515837810934	0.0093527138233185	0.093272924423218	-0.10008981078863
-0.08963880687952	-0.13088688254356	-0.092855758965015	-0.84861332178116	-0.53437006473541	0.00085477530956268	-0.0032713762484491	0.0099570155143738	0.092963337898254	-0.10012243688107
-0.10199060291052	-0.13124012947083	-0.097903579473495	-0.8485432267189	-0.53416961431503	0.00084353983402252	-0.0033073797821999	0.011043697595596	0.092349648475647	-0.10004697740078
-0.11546516418457	-0.13141986727715	-0.10316005349159	-0.84841352701187	-0.5339862704277	0.00084206461906433	-0.0032970104366541	0.012128889560699	0.091667294502258	-0.10003354400396
-0.14108046889305	-0.13211260735989	-0.11249013990164	-0.84840381145477	-0.53444194793701	0.00083859264850616	-0.0033075027167797	0.013760447502136	0.090543270111084	-0.10011253505945
-0.14449635148048	-0.13212294876575	-0.1135965436697	-0.84803134202957	-0.53425204753876	0.00083639472723007	-0.0034425153862685	0.014470487833023	0.090339541435242	-0.099962823092937
-0.15730322897434	-0.1323381960392	-0.11775748431683	-0.84816211462021	-0.534403860569	0.00083313137292862	-0.0033782315440476	0.015347898006439	0.089736461639404	-0.10008019208908
-0.17161396145821	-0.13218377530575	-0.12223357707262	-0.84815067052841	-0.53457170724869	0.00083029270172119	-0.0033829980529845	0.016614496707916	0.089003682136536	-0.10006093233824
-0.1992978900671	-0.13196393847466	-0.13007310032845	-0.84821373224258	-0.53500533103943	0.00082480162382126	-0.0033792797476053	0.018895268440247	0.087626695632935	-0.10013801604509
-0.21518152952194	-0.13271534442902	-0.13422577083111	-0.84818422794342	-0.53521698713303	0.00082156807184219	-0.0035423538647592	0.019959270954132	0.0870760679245	-0.10011754930019
-0.23034128546715	-0.13173532485962	-0.13799397647381	-0.84813994169235	-0.53565549850464	0.00081891566514969	-0.0034369784407318	0.021182686090469	0.086180210113525	-0.10026195645332
-0.23225298523903	-0.13164114952087	-0.1384434401989	-0.84799057245255	-0.53554612398148	0.0008191242814064	-0.0034936610609293	0.02156326174736	0.086015582084656	-0.10017594695091
-0.24601809680462	-0.13146576285362	-0.14158463478088	-0.8477509021759	-0.5357118844986	0.00081773847341537	-0.003511916147545	0.02271568775177	0.085369825363159	-0.10017484426498
-0.2746105492115	-0.13133558630943	-0.14752155542374	-0.84755951166153	-0.53610873222351	0.00081908702850342	-0.0035159687977284	0.024814635515213	0.084118604660034	-0.10016243904829
-0.27807292342186	-0.13135732710361	-0.14814740419388	-0.84741532802582	-0.53576874732971	0.00081748515367508	-0.0035609267652035	0.025333106517792	0.083860635757446	-0.10009814798832
-0.29202443361282	-0.13104109466076	-0.15077239274979	-0.84714949131012	-0.53602641820908	0.00081836432218552	-0.0035259381402284	0.026258528232574	0.083258748054504	-0.10014405101538
-0.29375064373016	-0.13130071759224	-0.15102389454842	-0.84703838825226	-0.53567695617676	0.00081727653741837	-0.0035803422797471	0.026550233364105	0.083156764507294	-0.10007613897324
-0.29366216063499	-0.13152538239956	-0.15103241801262	-0.84693825244904	-0.53561300039291	0.00081802159547806	-0.0035652972292155	0.026385754346848	0.083258926868439	-0.10005743801594
-0.3211362361908	-0.13154576718807	-0.15551352500916	-0.84689700603485	-0.53676408529282	0.00081906467676163	-0.0035604597069323	0.028173118829727	0.082251191139221	-0.10019068419933
-0.32505643367767	-0.13060553371906	-0.15613847970963	-0.84670466184616	-0.53642678260803	0.00081668049097061	-0.0035718369763345	0.02904400229454	0.081634283065796	-0.10010934621096
-0.3530493080616	-0.1308791488409	-0.15994668006897	-0.84641832113266	-0.53715288639069	0.00081706792116165	-0.0035863209050149	0.030750036239624	0.080668091773987	-0.10015862435102
-0.35694187879562	-0.13042388856411	-0.16045260429382	-0.84628796577454	-0.53698664903641	0.00081603974103928	-0.0036108740605414	0.031545042991638	0.080195069313049	-0.10010223835707
-0.3714397251606	-0.13036245107651	-0.16215437650681	-0.84610480070114	-0.53700280189514	0.00081631541252136	-0.0036170289386064	0.032566964626312	0.079576551914215	-0.10007625818253
-0.40146028995514	-0.13026307523251	-0.16516581177711	-0.84582442045212	-0.53740036487579	0.00081729888916016	-0.0036344504915178	0.034631758928299	0.078386127948761	-0.10007449239492
-0.40517449378967	-0.12991090118885	-0.16548147797585	-0.84572148323059	-0.53693318367004	0.00081593543291092	-0.0036499563138932	0.035162806510925	0.077981054782867	-0.1000641733408
-0.41973739862442	-0.12932142615318	-0.16660144925117	-0.84552949666977	-0.53709292411804	0.00081647932529449	-0.0036545544862747	0.035968631505966	0.077323079109192	-0.10028329491615
-0.40783414244652	-0.22095403075218	-0.25115311145782	-0.84638893604279	-0.53569209575653	0.0048042684793472	-0.003658065572381	0.034964233636856	0.077099442481995	-0.095378801226616
-0.40654385089874	-0.23074589669704	-0.26023176312447	-0.84655857086182	-0.5354288816452	0.0052783563733101	-0.0036690500564873	0.034829080104828	0.07702910900116	-0.094861745834351
-0.35932931303978	-0.29891696572304	-0.31308442354202	-0.84707480669022	-0.53015774488449	0.0092768743634224	-0.0036651412956417	0.031349271535873	0.079152226448059	-0.090972900390625
-0.35421368479729	-0.30617025494576	-0.31875941157341	-0.84714442491531	-0.52854681015015	0.0095882043242455	-0.0036900162231177	0.030944615602493	0.079357922077179	-0.090580672025681
-0.35374715924263	-0.30693951249123	-0.31936886906624	-0.84707134962082	-0.52840316295624	0.0095702186226845	-0.0036740570794791	0.030935972929001	0.0793616771698	-0.090543992817402
-0.20295597612858	-0.41153261065483	-0.37200331687927	-0.84817719459534	-0.51424008607864	0.015597864985466	-0.0036804017145187	0.019286960363388	0.08652663230896	-0.084604151546955
-0.18674762547016	-0.42262136936188	-0.37765467166901	-0.84893232584	-0.51021027565002	0.016187109053135	-0.0037075721193105	0.01791650056839	0.087133824825287	-0.084012761712074
-0.18517266213894	-0.42378771305084	-0.37826165556908	-0.84889578819275	-0.50971138477325	0.016212120652199	-0.0037046123761684	0.017845243215561	0.087176263332367	-0.083952061831951
-0.0079313153401017	-0.45745953917503	-0.3329616189003	-0.85031533241272	-0.49119645357132	0.018769115209579	-0.003728125244379	0.0022011995315552	0.096627354621887	-0.08137620985508
0.091237783432007	-0.44356885552406	-0.26612362265587	-0.85187995433807	-0.47854918241501	0.018870517611504	-0.0036898837424815	-0.0080332458019257	0.10235726833344	-0.081283792853355
0.17004306614399	-0.40259036421776	-0.17546156048775	-0.85295867919922	-0.46732020378113	0.017658494412899	-0.0037122566718608	-0.017072558403015	0.10755527019501	-0.082433193922043
0.1783495247364	-0.39814615249634	-0.16572690010071	-0.85317873954773	-0.46490722894669	0.01753468811512	-0.0037245186977088	-0.018023639917374	0.10805636644363	-0.082552224397659
0.23442155122757	-0.34021806716919	-0.066051691770554	-0.85401892662048	-0.45548269152641	0.01550330221653	-0.0037223056424409	-0.025349497795105	0.11231231689453	-0.084616437554359
0.28241592645645	-0.26354348659515	0.050924770534039	-0.85508549213409	-0.44617623090744	0.012379460036755	-0.0037296749651432	-0.03229147195816	0.11624360084534	-0.087720938026905
0.31669163703918	-0.17767660319805	0.16941599547863	-0.85573542118073	-0.43875044584274	0.0085256770253181	-0.0037333995569497	-0.037628829479218	0.11928075551987	-0.091565199196339
0.34320059418678	-0.018434351310134	0.36095091700554	-0.85587203502655	-0.43108010292053	0.0014099776744843	-0.0037471004761755	-0.042202025651932	0.12254428863525	-0.099292859435081
0.34567683935165	-0.0020992506761104	0.38138335943222	-0.85548973083496	-0.43045544624329	0.0013057217001915	-0.0037431281525642	-0.042450249195099	0.12305134534836	-0.09984564781189
0.34021133184433	-0.0064579690806568	0.36836189031601	-0.85563653707504	-0.4303885102272	0.0012932792305946	-0.0037505968939513	-0.041690289974213	0.1224091053009	-0.10000833123922
0.33969128131866	-0.0073660383932292	0.36705195903778	-0.85566508769989	-0.43027091026306	0.0012941509485245	-0.0037439330480993	-0.041699677705765	0.12239968776703	-0.10001399368048
0.32745182514191	-0.019651249051094	0.33745250105858	-0.85590595006943	-0.43134844303131	0.0012632980942726	-0.0037419558502734	-0.039900302886963	0.12122786045074	-0.10001759976149
0.31920066475868	-0.025300959125161	0.31988015770912	-0.85569834709167	-0.43147653341293	0.0012420490384102	-0.0037519144825637	-0.038245141506195	0.12039959430695	-0.10010244697332
0.31812560558319	-0.025892157107592	0.31801590323448	-0.85549056529999	-0.4312863945961	0.0012396201491356	-0.0037437633145601	-0.037941634654999	0.12032759189606	-0.10009272396564
0.30545803904533	-0.036547847092152	0.290217846632	-0.85558032989502	-0.43187323212624	0.0012113302946091	-0.0037504048086703	-0.036210954189301	0.11906355619431	-0.10010283440351
0.29697918891907	-0.042522598057985	0.27397122979164	-0.85572838783264	-0.43204289674759	0.0011942759156227	-0.0037424922920763	-0.034776002168655	0.11835384368896	-0.10016675293446
0.29608780145645	-0.042144816368818	0.27202260494232	-0.85563004016876	-0.43176603317261	0.0011888965964317	-0.0037398629356176	-0.034537345170975	0.11812216043472	-0.10018999129534
0.28892558813095	-0.046861261129379	0.25881993770599	-0.85576218366623	-0.43170592188835	0.0011755973100662	-0.0037527356762439	-0.03335240483284	0.11750841140747	-0.10024099051952
0.28136977553368	-0.051377557218075	0.24452525377274	-0.85564506053925	-0.43161830306053	0.0011592581868172	-0.0037188385613263	-0.032261967658997	0.1167466044426	-0.10026603192091
0.28051605820656	-0.0524947270751	0.24311332404613	-0.85555863380432	-0.43141856789589	0.0011601150035858	-0.0037479631137103	-0.032159447669983	0.11677849292755	-0.1002109348774
0.27360060811043	-0.057536154985428	0.23055052757263	-0.85554814338684	-0.4317774772644	0.0011489391326904	-0.0037423588801175	-0.031321585178375	0.11624813079834	-0.10017712414265
0.26524844765663	-0.061150345951319	0.21683372557163	-0.85557758808136	-0.43180069327354	0.0011321306228638	-0.0037421036977321	-0.029868930578232	0.11545169353485	-0.10028883814812
0.26431587338448	-0.061646588146687	0.21538808941841	-0.85551780462265	-0.43162888288498	0.0011311024427414	-0.0037087977398187	-0.029695779085159	0.11537915468216	-0.10028972476721
0.2496625483036	-0.070609234273434	0.19162604212761	-0.85575091838837	-0.43246001005173	0.0011081546545029	-0.0037143770605326	-0.027739018201828	0.11435967683792	-0.10017233341932
0.24082951247692	-0.075587570667267	0.17769087851048	-0.85559070110321	-0.43272912502289	0.0010951459407806	-0.0037268032319844	-0.026716440916061	0.11369651556015	-0.10005915164948
0.23947510123253	-0.075183592736721	0.17602162063122	-0.85541927814484	-0.43240210413933	0.001090832054615	-0.0037000228185207	-0.02629816532135	0.11350190639496	-0.10012748837471
0.23167258501053	-0.079353839159012	0.16480506956577	-0.85544627904892	-0.43251806497574	0.0010813623666763	-0.0037080242764205	-0.025270342826843	0.11299175024033	-0.10010434687138
0.23080211877823	-0.079447358846664	0.16355523467064	-0.85543954372406	-0.43254733085632	0.0010795071721077	-0.003696434898302	-0.025119125843048	0.11287939548492	-0.1001353263855
0.22273714840412	-0.082857482135296	0.15249174833298	-0.85536557435989	-0.43272584676743	0.0010698363184929	-0.0037186653353274	-0.02398806810379	0.11229091882706	-0.10014200210571
0.22175522148609	-0.083248406648636	0.15130098164082	-0.85514158010483	-0.43263846635818	0.0010676234960556	-0.0036898802500218	-0.023778825998306	0.1122430562973	-0.10012535005808
0.2134685665369	-0.086334303021431	0.14044605195522	-0.85521018505096	-0.43277442455292	0.0010562241077423	-0.0036911368370056	-0.022548586130142	0.11161893606186	-0.10016410052776
0.21258729696274	-0.086904995143414	0.13929328322411	-0.85499775409698	-0.43255689740181	0.0010557994246483	-0.0036835453938693	-0.022431939840317	0.11159437894821	-0.10012079775333
0.19674223661423	-0.092660434544086	0.11848362535238	-0.85521984100342	-0.43346813321114	0.0010359659790993	-0.003699466586113	-0.020688474178314	0.11029905080795	-0.10015846788883
0.19490276277065	-0.093011625111103	0.11619238555431	-0.85482507944107	-0.43342667818069	0.0010332465171814	-0.0036781940143555	-0.020381659269333	0.11015576124191	-0.1001498773694
0.19448879361153	-0.093217462301254	0.11602272093296	-0.85484355688095	-0.43349495530128	0.0010332241654396	-0.0036321096122265	-0.020229339599609	0.11016702651978	-0.10018499195576
0.18585427105427	-0.095480963587761	0.10589586943388	-0.85508149862289	-0.4336117208004	0.0010216236114502	-0.0036768228746951	-0.018965840339661	0.10947972536087	-0.10023812949657
0.18498514592648	-0.095574378967285	0.10480146855116	-0.85492932796478	-0.43314170837402	0.0010202452540398	-0.0036570257507265	-0.018849968910217	0.10937857627869	-0.10023562610149
0.16810664534569	-0.10087475925684	0.085395701229572	-0.8550973534584	-0.43390926718712	0.0010034069418907	-0.0036593000404537	-0.016996324062347	0.10817658901215	-0.10025578737259
0.16612106561661	-0.10122136026621	0.083311282098293	-0.85493540763855	-0.4338983297348	0.0010008215904236	-0.0036388081498444	-0.016671597957611	0.10803025960922	-0.10025540739298
0.15727037191391	-0.10315212607384	0.073669798672199	-0.8550808429718	-0.43398573994637	0.00099100917577744	-0.0036613836418837	-0.015647351741791	0.10731106996536	-0.10028653591871
0.15573410689831	-0.10279677808285	0.072571493685246	-0.85497438907623	-0.43291905522346	0.00098747760057449	-0.0036131204105914	-0.01511338353157	0.10715997219086	-0.10035275667906
0.13819892704487	-0.10832756757736	0.054645966738462	-0.85496562719345	-0.43322598934174	0.00097475200891495	-0.0036279230844229	-0.013427227735519	0.10613834857941	-0.10027427226305
0.1359890550375	-0.10811112821102	0.052609872072935	-0.85489320755005	-0.43257346749306	0.00097139179706573	-0.0035922222305089	-0.012978255748749	0.10591834783554	-0.10027150809765
0.12680540978909	-0.10992158204317	0.043742619454861	-0.85483223199844	-0.43259969353676	0.00091446936130524	-0.0035932040773332	-0.012052029371262	0.10524368286133	-0.10033451765776
0.10759994387627	-0.11627575010061	0.026164380833507	-0.85453081130981	-0.43273517489433	0.00090651214122772	-0.0035786307416856	-0.010268449783325	0.10456109046936	-0.09970111399889
0.10546055436134	-0.11818169057369	0.024305038154125	-0.85425239801407	-0.43213602900505	0.00090667605400085	-0.0037760015111417	-0.0099822580814362	0.10478049516678	-0.099370785057545
0.095083989202976	-0.12002185732126	0.016127729788423	-0.85417979955673	-0.43187502026558	0.00090062618255615	-0.0037323019932956	-0.0085780918598175	0.10421365499496	-0.099389530718327
0.084538988769054	-0.12231732159853	0.0074935839511454	-0.85422098636627	-0.43191912770271	0.00089649856090546	-0.0042383363470435	-0.0076221227645874	0.10365325212479	-0.099321261048317
0.063283838331699	-0.12548360228539	-0.0084456261247396	-0.85414803028107	-0.43242844939232	0.00088594108819962	-0.0037075702566653	-0.0053310990333557	0.10245251655579	-0.099315911531448
0.050859913229942	-0.12703466415405	-0.017393749207258	-0.85418796539307	-0.43257105350494	0.0009215921163559	-0.0036348197609186	-0.0040871798992157	0.101722240448	-0.099256753921509
0.049212642014027	-0.12621606886387	-0.018493466079235	-0.85405588150024	-0.43223965167999	0.0009220689535141	-0.004259601701051	-0.0037218928337097	0.10145884752274	-0.099324092268944
0.028400104492903	-0.12871177494526	-0.032349109649658	-0.85393542051315	-0.43272596597672	0.00090181827545166	-0.0037246465217322	-0.0017969310283661	0.10031092166901	-0.099333047866821
0.015006410889328	-0.12919130921364	-0.040502607822418	-0.85395342111588	-0.43268465995789	0.00090722739696503	-0.0036904097069055	-0.00023153424263	0.099425196647644	-0.09941678494215
0.013714697211981	-0.12913550436497	-0.041445322334766	-0.85388040542603	-0.43227815628052	0.00090242922306061	-0.0034553408622742	-0.00013250112533569	0.09931480884552	-0.099354952573776
0.0027069051284343	-0.12999820709229	-0.047939117997885	-0.85377860069275	-0.43229871988297	0.00090157240629196	-0.0034336347598583	0.00090864300727844	0.098710656166077	-0.099375687539577
-0.009532536379993	-0.13096062839031	-0.054850921034813	-0.85367238521576	-0.43229532241821	0.00087638199329376	-0.0033635713625699	0.0021117329597473	0.098064482212067	-0.099351912736893
-0.010891465470195	-0.1311769336462	-0.055566981434822	-0.85371518135071	-0.43200579285622	0.00088483095169067	-0.003594824578613	0.002279132604599	0.098005831241608	-0.099335841834545
-0.03341268748045	-0.13262760639191	-0.067457363009453	-0.85364174842834	-0.43259656429291	0.00088001042604446	-0.0030059993732721	0.0042994320392609	0.096826791763306	-0.099391125142574
-0.036009728908539	-0.13081058859825	-0.068592749536037	-0.85398000478745	-0.43310406804085	0.00088211894035339	-0.0033808306325227	0.0044684708118439	0.096194744110107	-0.10003889352083
-0.058842953294516	-0.13111580908298	-0.079936027526855	-0.85395103693008	-0.4347163438797	0.00084484368562698	-0.0031377908308059	0.006110668182373	0.094870686531067	-0.10020446777344
-0.062097694724798	-0.12983730435371	-0.081310480833054	-0.85368400812149	-0.43513703346252	0.00085359066724777	-0.0031534708105028	0.0068719387054443	0.094416797161102	-0.10027243196964
-0.085646703839302	-0.13018065690994	-0.091845266520977	-0.85386937856674	-0.43607950210571	0.00085233151912689	-0.003127281088382	0.0086558759212494	0.093130648136139	-0.10032510757446
-0.088564693927765	-0.12968665361404	-0.092990182340145	-0.8536804318428	-0.43619924783707	0.00085131078958511	-0.0031668548472226	0.0091152191162109	0.092862844467163	-0.10034123808146
-0.11255510896444	-0.13156519830227	-0.10254459828138	-0.85367774963379	-0.4372985959053	0.00084754079580307	-0.0031574827153236	0.010791450738907	0.091974377632141	-0.10029616951942
-0.12774582207203	-0.13144898414612	-0.10814872384071	-0.8534209728241	-0.43824738264084	0.00083813816308975	-0.0030937830451876	0.012155383825302	0.091170430183411	-0.10033685714006
-0.14210525155067	-0.13204137980938	-0.11310490965843	-0.85308229923248	-0.43883082270622	0.0008351132273674	-0.0032381403725594	0.013547658920288	0.090565145015717	-0.10015054792166
-0.14429448544979	-0.13172517716885	-0.11358514428139	-0.85303527116776	-0.43906426429749	0.00083281099796295	-0.003145654220134	0.014180302619934	0.09028571844101	-0.10022091120481
-0.15769477188587	-0.13144670426846	-0.11788951605558	-0.85295885801315	-0.43890002369881	0.00082936882972717	-0.0032082763500512	0.015661835670471	0.089513778686523	-0.1001121327281
-0.18426606059074	-0.13215363025665	-0.12595102190971	-0.85304564237595	-0.43954426050186	0.00082582980394363	-0.0032189954072237	0.01744881272316	0.088405966758728	-0.10016543418169
-0.20011845231056	-0.13198724389076	-0.13053187727928	-0.85284739732742	-0.43994379043579	0.00082321465015411	-0.0032731450628489	0.018633842468262	0.087684631347656	-0.1000894010067
-0.20250256359577	-0.13191577792168	-0.13100115954876	-0.85282421112061	-0.43974351882935	0.00082102417945862	-0.0032938569784164	0.019259095191956	0.087453842163086	-0.10007919371128
-0.22867473959923	-0.13230696320534	-0.13766171038151	-0.85278928279877	-0.44041085243225	0.00082091987133026	-0.0032776824664325	0.020984351634979	0.086414456367493	-0.1000684723258
-0.2320252507925	-0.13173958659172	-0.13848206400871	-0.85262233018875	-0.44030249118805	0.00081950426101685	-0.003348124679178	0.021515637636185	0.086096227169037	-0.10005044937134
-0.24577608704567	-0.13194493949413	-0.14160576462746	-0.85249084234238	-0.44037008285522	0.00081948190927505	-0.003383707953617	0.022622019052505	0.085514843463898	-0.099993444979191
-0.26062527298927	-0.13192577660084	-0.14478231966496	-0.85248553752899	-0.44072878360748	0.00082036852836609	-0.0033512625377625	0.023622095584869	0.084883213043213	-0.10005225241184
-0.27580058574677	-0.13207469880581	-0.14779670536518	-0.85251832008362	-0.44118028879166	0.00081996619701385	-0.0034233629703522	0.024721682071686	0.084272742271423	-0.10005654394627
-0.30461812019348	-0.13194225728512	-0.15302266180515	-0.85241264104843	-0.4421971142292	0.00082433968782425	-0.0034071586560458	0.026569306850433	0.083151578903198	-0.10008286684752
-0.32207453250885	-0.13163021206856	-0.15578232705593	-0.85232466459274	-0.44283938407898	0.00082297623157501	-0.0034348338376731	0.028075098991394	0.082294821739197	-0.1000991910696
-0.3246254324913	-0.13122698664665	-0.1561149507761	-0.85227471590042	-0.44283956289291	0.00081910192966461	-0.0034710490144789	0.028696060180664	0.08192777633667	-0.10007341951132
-0.33883661031723	-0.1310591250658	-0.15815542638302	-0.85221862792969	-0.44309827685356	0.00081930309534073	-0.0034770905040205	0.029704421758652	0.081298589706421	-0.10007186979055
-0.36876159906387	-0.13102366030216	-0.16185335814953	-0.85212695598602	-0.44363725185394	0.00081878155469894	-0.0034957074094564	0.031902641057968	0.080063343048096	-0.10008030384779
-0.37251430749893	-0.1306889206171	-0.16229085624218	-0.85208082199097	-0.44342041015625	0.00081682950258255	-0.003551681060344	0.032495319843292	0.079684138298035	-0.10004949569702
-0.3730234503746	-0.13047683238983	-0.16233430802822	-0.85207742452621	-0.44316986203194	0.00081680715084076	-0.0035334224812686	0.032593131065369	0.07956737279892	-0.10006785392761
-0.41475102305412	-0.13052506744862	-0.16629132628441	-0.8520028591156	-0.44444224238396	0.000823974609375	-0.0035134418867528	0.034814774990082	0.078261494636536	-0.10015484690666
-0.42033913731575	-0.13080807030201	-0.16667179763317	-0.8519760966301	-0.44448018074036	0.00081842392683029	-0.0036129101645201	0.035859853029251	0.077790200710297	-0.10006503760815
-0.43057733774185	-0.13009947538376	-0.16743239760399	-0.8516811132431	-0.44466090202332	0.00081826746463776	-0.0035716979764402	0.036543220281601	0.077216565608978	-0.10014162957668
-0.43214172124863	-0.13015960156918	-0.16749736666679	-0.85142821073532	-0.44430300593376	0.00081687420606613	-0.0036123220343143	0.036967188119888	0.076995968818665	-0.10006833821535
-0.43229871988297	-0.12973609566689	-0.16752536594868	-0.8509635925293	-0.44399252533913	0.00081653147935867	-0.0036106079351157	0.036958456039429	0.07688295841217	-0.10011956095695
-0.43243837356567	-0.12991379201412	-0.16748425364494	-0.85064631700516	-0.44370460510254	0.00081635266542435	-0.0036158687435091	0.037023633718491	0.076880216598511	-0.1001196205616
-0.43238273262978	-0.12981206178665	-0.16744984686375	-0.85048025846481	-0.44345539808273	0.00081648677587509	-0.0036153602413833	0.037010133266449	0.076840996742249	-0.1001842468977
-0.43276265263557	-0.12938958406448	-0.16765230894089	-0.8497097492218	-0.44243070483208	0.00081542134284973	-0.0038788481615484	0.037264108657837	0.076661109924316	-0.10000731796026
-0.4331071972847	-0.13029600679874	-0.16746051609516	-0.84951466321945	-0.44139370322227	0.00081582367420197	-0.0036649834364653	0.037530064582825	0.076682090759277	-0.099995605647564
-0.43295621871948	-0.13042376935482	-0.16742119193077	-0.84945106506348	-0.44055643677711	0.00081567466259003	-0.0036903328727931	0.03747633099556	0.076720178127289	-0.10001385957003
-0.43275719881058	-0.13047873973846	-0.16741599142551	-0.84941750764847	-0.43994787335396	0.00081565231084824	-0.0037307925522327	0.037336647510529	0.076808929443359	-0.10002307593822
-0.4325355887413	-0.13001275062561	-0.16742198169231	-0.84936100244522	-0.43952769041061	0.00081621110439301	-0.0037067469675094	0.037178307771683	0.076781153678894	-0.10013125091791
-0.4324834048748	-0.12993815541267	-0.16741807758808	-0.84935998916626	-0.43920692801476	0.0008162334561348	-0.0037210423033684	0.037106961011887	0.076801538467407	-0.10016232728958
-0.43283104896545	-0.12983195483685	-0.16751196980476	-0.84904313087463	-0.43826586008072	0.00081531703472137	-0.0038339532911777	0.037390142679214	0.076652228832245	-0.10004948079586
-0.4329908490181	-0.12993949651718	-0.16750046610832	-0.84874147176743	-0.43724355101585	0.00081547349691391	-0.0037426152266562	0.037503689527512	0.076602756977081	-0.10001885890961
-0.43268179893494	-0.12987643480301	-0.16747376322746	-0.84867936372757	-0.43670386075974	0.00081565976142883	-0.0037457577418536	0.037251025438309	0.076711237430573	-0.10007823258638
-0.43239551782608	-0.12976776063442	-0.16747987270355	-0.84865778684616	-0.43643015623093	0.0008164644241333	-0.0037450357340276	0.037030935287476	0.076811969280243	-0.10013348609209
-0.43254846334457	-0.12972758710384	-0.16750411689281	-0.84841752052307	-0.43589556217194	0.00081615895032883	-0.0037470664829016	0.03716966509819	0.076742649078369	-0.10010991990566
-0.43280404806137	-0.13004782795906	-0.16744709014893	-0.84835034608841	-0.43527853488922	0.000815249979496	-0.0037582986988127	0.037348091602325	0.076704978942871	-0.10009806603193
-0.43257015943527	-0.12982867658138	-0.16744211316109	-0.84838891029358	-0.43493530154228	0.00081614404916763	-0.003740421263501	0.037138998508453	0.076752126216888	-0.10016367584467
-0.43284326791763	-0.13011735677719	-0.16740567982197	-0.84838128089905	-0.43432521820068	0.0008154958486557	-0.0037432790268213	0.037348657846451	0.076711714267731	-0.100142814219
-0.43299379944801	-0.13017016649246	-0.16739064455032	-0.8484308719635	-0.43358182907104	0.00081575661897659	-0.0037396575789899	0.037456840276718	0.07665228843689	-0.10012959688902
-0.43299940228462	-0.12994478642941	-0.16738133132458	-0.84854423999786	-0.4329329431057	0.00081554055213928	-0.0037434198893607	0.037403404712677	0.076611161231995	-0.10020130127668
-0.43291616439819	-0.12974701821804	-0.16738875210285	-0.8486220240593	-0.43235284090042	0.00081556290388107	-0.0036855530925095	0.037334561347961	0.076600909233093	-0.1002339348197
-0.43263375759125	-0.12945361435413	-0.16741426289082	-0.8486767411232	-0.43201258778572	0.00081588327884674	-0.0037175349425524	0.037114441394806	0.076651990413666	-0.10028387606144
-0.43292605876923	-0.12959787249565	-0.16741162538528	-0.84864592552185	-0.43137648701668	0.00081570446491241	-0.0037078685127199	0.037321090698242	0.076578915119171	-0.10026249289513
-0.43274092674255	-0.12935107946396	-0.1674008667469	-0.84870558977127	-0.43098199367523	0.00081613659858704	-0.0036767763085663	0.037168562412262	0.076590776443481	-0.10031836479902
-0.43309143185616	-0.1295086145401	-0.16737323999405	-0.84876775741577	-0.43029046058655	0.00081595033407211	-0.0036240094341338	0.037417232990265	0.076488435268402	-0.10032165795565
-0.43313616514206	-0.12957395613194	-0.16735769808292	-0.84887355566025	-0.4295497238636	0.00081562995910645	-0.0036462054122239	0.037432461977005	0.076481461524963	-0.10031470656395
-0.43283143639565	-0.12917256355286	-0.1673738360405	-0.84899854660034	-0.42911472916603	0.00081583857536316	-0.0036440566182137	0.037192493677139	0.076512813568115	-0.10038743913174
-0.43257454037666	-0.12888979911804	-0.16741932928562	-0.84901583194733	-0.42886108160019	0.00081592798233032	-0.0036137036513537	0.036999583244324	0.076566159725189	-0.10041568428278
-0.43271088600159	-0.12893263995647	-0.16740627586842	-0.84901463985443	-0.42846745252609	0.00081612914800644	-0.0035658236593008	0.037096410989761	0.076526999473572	-0.10042642802
-0.4325749874115	-0.12881520390511	-0.16741681098938	-0.84903115034103	-0.42820745706558	0.0008169487118721	-0.003601698204875	0.036992132663727	0.076552510261536	-0.10044182837009
-0.43246722221375	-0.12867560982704	-0.16743879020214	-0.84901559352875	-0.42801022529602	0.00081665068864822	-0.0035854752641171	0.03690892457962	0.076572299003601	-0.10045246034861
-0.43242505192757	-0.12862615287304	-0.16744856536388	-0.84899365901947	-0.42780783772469	0.00081656873226166	-0.0035789471585304	0.036880880594254	0.076580405235291	-0.10046055912971
-0.43243363499641	-0.12878054380417	-0.16745200753212	-0.8489436507225	-0.4275815486908	0.00081675499677658	-0.0035768742673099	0.036898702383041	0.076611399650574	-0.10043327510357
-0.43242686986923	-0.12865987420082	-0.16744767129421	-0.84891581535339	-0.42736700177193	0.00081653147935867	-0.0035718493163586	0.036886841058731	0.076588153839111	-0.10045094043016
-0.43241113424301	-0.12862400710583	-0.16745649278164	-0.8488655090332	-0.42717313766479	0.00081656128168106	-0.0035738716833293	0.036875009536743	0.076588988304138	-0.10045038163662
-0.43241599202156	-0.12858794629574	-0.16745975613594	-0.84884035587311	-0.42699766159058	0.00081747025251389	-0.0035742812324315	0.036887496709824	0.076577305793762	-0.10044316202402
-0.43241712450981	-0.12855722010136	-0.1674563139677	-0.84882199764252	-0.42684775590897	0.00081678479909897	-0.0035728726070374	0.036886215209961	0.076568901538849	-0.10044827312231
-0.4324015378952	-0.12856763601303	-0.16745790839195	-0.84879314899445	-0.42669302225113	0.00081655383110046	-0.0035781089682132	0.03687772154808	0.076577425003052	-0.10044372081757
-0.43239936232567	-0.1285954117775	-0.16744744777679	-0.84877860546112	-0.42655110359192	0.00081664323806763	-0.0035695671103895	0.036876410245895	0.076583087444305	-0.10044883936644
-0.43239551782608	-0.12861712276936	-0.16744185984135	-0.84878689050674	-0.42641326785088	0.00081656873226166	-0.0035724923945963	0.036876708269119	0.076586663722992	-0.10045060515404
-0.43239080905914	-0.12858785688877	-0.16744603216648	-0.84879034757614	-0.4262732565403	0.00081657618284225	-0.0035729999653995	0.036873459815979	0.076581418514252	-0.10045308619738
-0.43245649337769	-0.12864352762699	-0.16745376586914	-0.84878009557724	-0.42611169815063	0.00081688165664673	-0.0035766127984971	0.036915689706802	0.076574265956879	-0.10043276846409
-0.43243283033371	-0.12851800024509	-0.16745775938034	-0.84881454706192	-0.42593413591385	0.00081734359264374	-0.0035720530431718	0.036893904209137	0.076553523540497	-0.10045352578163
-0.43188405036926	-0.13052280247211	-0.16760584712029	-0.84825378656387	-0.42573714256287	0.00081662088632584	-0.0043217311613262	0.036826223134995	0.077188789844513	-0.099816210567951
-0.43185815215111	-0.13128387928009	-0.16756328940392	-0.8479215502739	-0.42557188868523	0.00081686675548553	-0.004065933637321	0.036884814500809	0.077365875244141	-0.099712140858173
-0.4319344162941	-0.13180722296238	-0.16752772033215	-0.84772336483002	-0.42530086636543	0.00081652402877808	-0.0034328128676862	0.036993712186813	0.077430903911591	-0.099629685282707
-0.43174406886101	-0.13201856613159	-0.16751317679882	-0.84759312868118	-0.42528164386749	0.00081673264503479	-0.0048753665760159	0.036869406700134	0.077552080154419	-0.099636361002922
-0.43179991841316	-0.1325224339962	-0.16750429570675	-0.84751564264297	-0.42506986856461	0.00081656873226166	-0.0037300363183022	0.036966532468796	0.077625334262848	-0.099545888602734
-0.43200913071632	-0.13254223763943	-0.16749978065491	-0.84747707843781	-0.42481726408005	0.00081653892993927	-0.0038542952388525	0.037088632583618	0.077554225921631	-0.099559426307678
-0.43191438913345	-0.13238546252251	-0.16749362647533	-0.84744417667389	-0.42462262511253	0.00081656873226166	-0.003460691543296	0.037013828754425	0.077552974224091	-0.099578306078911
-0.43185380101204	-0.13228733837605	-0.16750276088715	-0.84739071130753	-0.42447409033775	0.00081700831651688	-0.0034027092624456	0.036961227655411	0.07755970954895	-0.099592417478561
-0.43183887004852	-0.13227325677872	-0.16751167178154	-0.8473225235939	-0.42432940006256	0.00081669539213181	-0.0033988903742284	0.036954134702682	0.077565491199493	-0.099587053060532
-0.43171456456184	-0.1322794854641	-0.1675558835268	-0.8471320271492	-0.42429012060165	0.00081665068864822	-0.0026585375890136	0.03689581155777	0.077617466449738	-0.099498130381107
-0.43147683143616	-0.13139499723911	-0.16747519373894	-0.84724795818329	-0.42456230521202	0.00081846117973328	-0.0039757597260177	0.036548465490341	0.077534735202789	-0.099852666258812
-0.43152210116386	-0.13108277320862	-0.16752149164677	-0.84717571735382	-0.42476880550385	0.00081931799650192	-0.0031648713629693	0.036567270755768	0.077465951442719	-0.099878467619419
-0.43161970376968	-0.13097016513348	-0.16753575205803	-0.84707963466644	-0.424859136343	0.00081870704889297	-0.0031643516849726	0.036632806062698	0.077406167984009	-0.099873214960098
-0.43165037035942	-0.13103590905666	-0.16753436625004	-0.84695982933044	-0.42491534352303	0.00081684440374374	-0.0031605022959411	0.036701172590256	0.077392041683197	-0.099831067025661
-0.43183612823486	-0.13112437725067	-0.16748914122581	-0.84684032201767	-0.42499595880508	0.00081720948219299	-0.0031625698320568	0.036806553602219	0.077340185642242	-0.099875450134277
-0.43183752894402	-0.1311307400465	-0.16751506924629	-0.84670394659042	-0.42498525977135	0.00081665813922882	-0.0031636555213481	0.036827147006989	0.077331781387329	-0.099829010665417
-0.43179628252983	-0.13111850619316	-0.16751769185066	-0.84653437137604	-0.42501083016396	0.00081674009561539	-0.0031623207032681	0.036786437034607	0.077349364757538	-0.099837340414524
-0.43180030584335	-0.13113491237164	-0.16751153767109	-0.84639656543732	-0.42503428459167	0.00081667304039001	-0.0031645991839468	0.036792606115341	0.077349424362183	-0.099845603108406
-0.43187892436981	-0.13122016191483	-0.16747842729092	-0.84630000591278	-0.42509126663208	0.00081691145896912	-0.00316729885526	0.036850154399872	0.077333569526672	-0.099857069551945
-0.43186295032501	-0.13123409450054	-0.1674884557724	-0.84622710943222	-0.42510828375816	0.0008167177438736	-0.0031636662315577	0.036839216947556	0.077343702316284	-0.099839933216572
-0.43186789751053	-0.13122051954269	-0.16749061644077	-0.84614044427872	-0.42514404654503	0.00081660598516464	-0.0031625465489924	0.036837309598923	0.077341020107269	-0.099846132099628
-0.43187218904495	-0.13128688931465	-0.16749985516071	-0.84603446722031	-0.42514592409134	0.00081750750541687	-0.0031628299038857	0.036835521459579	0.077359974384308	-0.099821768701077
-0.43186274170876	-0.13132660090923	-0.16749578714371	-0.8459107875824	-0.42515671253204	0.00081723928451538	-0.0031630378216505	0.036848366260529	0.077369272708893	-0.099806070327759
-0.43185645341873	-0.13129988312721	-0.16748441755772	-0.84584718942642	-0.4251980483532	0.00081665068864822	-0.0031625889241695	0.036835163831711	0.077363431453705	-0.099835984408855
-0.4322881102562	-0.13087981939316	-0.16741622984409	-0.8459141254425	-0.42502775788307	0.00081679970026016	-0.0031864908523858	0.037057816982269	0.077105581760406	-0.10001952201128
-0.43246901035309	-0.1309212744236	-0.16742271184921	-0.84587097167969	-0.42463397979736	0.00081603974103928	-0.0032908909488469	0.037202656269073	0.077028214931488	-0.099964447319508
-0.43238016963005	-0.13064588606358	-0.16741877794266	-0.84588706493378	-0.42435848712921	0.00081619620323181	-0.0032122177071869	0.037100255489349	0.077002108097076	-0.10002835094929
-0.4322527050972	-0.13041895627975	-0.16743734478951	-0.84590035676956	-0.42418390512466	0.00081651657819748	-0.0032451644074172	0.03698593378067	0.077010273933411	-0.10007015615702
-0.43257138133049	-0.13084647059441	-0.16744220256805	-0.84575682878494	-0.42368447780609	0.00081570446491241	-0.0034901504404843	0.037267595529556	0.076973795890808	-0.099956750869751
-0.43266290426254	-0.13093766570091	-0.16742990911007	-0.8456289768219	-0.42308098077774	0.00081565976142883	-0.0034380268771201	0.03733429312706	0.076950192451477	-0.099932193756104
-0.43242257833481	-0.13056342303753	-0.16742154955864	-0.84568083286285	-0.42275610566139	0.00081608444452286	-0.0034006177447736	0.037109017372131	0.076966285705566	-0.10003624856472
-0.43221399188042	-0.13025741279125	-0.16745340824127	-0.84569126367569	-0.42259475588799	0.00081643462181091	-0.0034291897900403	0.036936551332474	0.076993405818939	-0.10008729994297
-0.43216305971146	-0.13007709383965	-0.16745801270008	-0.84569418430328	-0.422468572855	0.00081658363342285	-0.0034362152218819	0.036883026361465	0.076984286308289	-0.10013294965029
-0.43267595767975	-0.13033756613731	-0.16751112043858	-0.84550321102142	-0.42208981513977	0.00081554055213928	-0.0036859139800072	0.037309110164642	0.076849102973938	-0.099992454051971
-0.43255072832108	-0.13036976754665	-0.16742962598801	-0.8454555273056	-0.42159026861191	0.00081590563058853	-0.0035301116295159	0.037186920642853	0.076882243156433	-0.10003691166639
-0.43266281485558	-0.13059911131859	-0.16746219992638	-0.84528529644012	-0.42097979784012	0.00081583112478256	-0.0036634779535234	0.037312895059586	0.076885640621185	-0.099955104291439
-0.43247279524803	-0.13032086193562	-0.16743309795856	-0.84528231620789	-0.42056548595428	0.00081630796194077	-0.0035772516857833	0.037125527858734	0.076898574829102	-0.10006462037563
-0.43226185441017	-0.13013841211796	-0.16745421290398	-0.84527665376663	-0.42035037279129	0.00081586092710495	-0.0036092684604228	0.036961317062378	0.076949059963226	-0.10010407119989
-0.43258821964264	-0.1304424405098	-0.16745875775814	-0.84507602453232	-0.41975528001785	0.00081571191549301	-0.0037879259325564	0.037240386009216	0.076889097690582	-0.1000232771039
-0.43252620100975	-0.13031366467476	-0.16742850840092	-0.84505295753479	-0.41928300261497	0.00081594288349152	-0.0036379187367857	0.037160605192184	0.076879322528839	-0.10006947815418
-0.43229115009308	-0.12997752428055	-0.1674545109272	-0.84504956007004	-0.41905599832535	0.00081691890954971	-0.003673329949379	0.036958456039429	0.0769082903862	-0.10013082623482
-0.43216794729233	-0.12980659306049	-0.16748620569706	-0.84498804807663	-0.41897886991501	0.00081675499677658	-0.0036892048083246	0.036860644817352	0.076933145523071	-0.10014951974154
-0.43213438987732	-0.12978436052799	-0.16747745871544	-0.84495002031326	-0.4189350605011	0.00081680715084076	-0.0036850024480373	0.03684002161026	0.076942026615143	-0.10016611218452
-0.43214511871338	-0.12973698973656	-0.1674837321043	-0.84490269422531	-0.4188828766346	0.0008171945810318	-0.0036725408863276	0.036839812994003	0.076931595802307	-0.10017082840204
