-0.554	-0.126	-0.170	0.000	0.043	0.070	-0.100
0.184	-0.093	0.104	8.100	-0.020	0.106	-0.100
0.190	-0.091	0.111	8.200	-0.021	0.107	-0.100
0.197	-0.089	0.119	8.300	-0.021	0.107	-0.100
0.203	-0.087	0.126	8.400	-0.022	0.108	-0.100
0.209	-0.085	0.134	8.500	-0.023	0.108	-0.100
0.215	-0.082	0.142	8.600	-0.024	0.109	-0.100
0.221	-0.080	0.150	8.700	-0.025	0.109	-0.100
0.227	-0.078	0.158	8.800	-0.025	0.110	-0.100
0.233	-0.075	0.167	8.900	-0.026	0.110	-0.100
0.238	-0.073	0.175	9.000	-0.027	0.111	-0.100
0.244	-0.070	0.183	9.100	-0.028	0.111	-0.100
0.250	-0.067	0.192	9.200	-0.028	0.111	-0.100
0.255	-0.064	0.201	9.300	-0.029	0.112	-0.100
0.261	-0.062	0.210	9.400	-0.030	0.112	-0.100
0.266	-0.059	0.219	9.500	-0.031	0.113	-0.100
0.272	-0.056	0.228	9.600	-0.032	0.113	-0.100
0.277	-0.052	0.237	9.700	-0.032	0.114	-0.100
0.282	-0.049	0.247	9.800	-0.033	0.114	-0.100
0.287	-0.046	0.256	9.900	-0.034	0.115	-0.100
0.293	-0.042	0.266	0.000	-0.035	0.115	-0.100
0.289	-0.096	0.210	0.100	-0.034	0.115	-0.097
0.280	-0.152	0.147	0.200	-0.033	0.114	-0.094
0.264	-0.208	0.078	0.300	-0.030	0.113	-0.091
0.241	-0.264	0.005	0.400	-0.027	0.111	-0.088
0.211	-0.316	-0.069	0.500	-0.023	0.108	-0.086
0.174	-0.363	-0.141	0.600	-0.019	0.106	-0.084
0.129	-0.404	-0.209	0.700	-0.013	0.103	-0.082
0.077	-0.436	-0.270	0.800	-0.008	0.099	-0.081
0.018	-0.459	-0.322	0.900	-0.002	0.096	-0.080
-0.047	-0.471	-0.363	1.000	0.004	0.092	-0.080
-0.117	-0.471	-0.391	1.100	0.010	0.089	-0.080
-0.189	-0.461	-0.407	1.200	0.016	0.086	-0.081
-0.262	-0.440	-0.409	1.300	0.022	0.082	-0.082
-0.331	-0.411	-0.399	1.400	0.027	0.079	-0.084
-0.395	-0.374	-0.378	1.500	0.032	0.077	-0.086
-0.450	-0.331	-0.348	1.600	0.036	0.074	-0.088
-0.494	-0.283	-0.310	1.700	0.039	0.072	-0.091
-0.527	-0.233	-0.266	1.800	0.041	0.071	-0.094
-0.547	-0.180	-0.219	1.900	0.043	0.070	-0.097
-0.543	-0.126	-0.170	0.100	0.043	0.070	-0.100
-0.532	-0.126	-0.170	0.200	0.042	0.071	-0.100
-0.521	-0.126	-0.170	0.300	0.041	0.071	-0.100
-0.510	-0.126	-0.170	0.400	0.040	0.072	-0.100
-0.499	-0.126	-0.170	0.500	0.039	0.072	-0.100
-0.488	-0.126	-0.170	0.600	0.039	0.073	-0.100
-0.477	-0.126	-0.170	0.700	0.038	0.073	-0.100
-0.467	-0.126	-0.169	0.800	0.037	0.074	-0.100
-0.456	-0.126	-0.169	0.900	0.036	0.074	-0.100
-0.445	-0.126	-0.168	1.000	0.036	0.074	-0.100
-0.434	-0.127	-0.168	1.100	0.035	0.075	-0.100
-0.423	-0.127	-0.167	1.200	0.034	0.075	-0.100
-0.412	-0.127	-0.166	1.300	0.033	0.076	-0.100
-0.401	-0.127	-0.165	1.400	0.032	0.076	-0.100
-0.391	-0.127	-0.164	1.500	0.032	0.077	-0.100
-0.380	-0.127	-0.163	1.600	0.031	0.077	-0.100
-0.369	-0.127	-0.162	1.700	0.030	0.078	-0.100
-0.359	-0.127	-0.161	1.800	0.029	0.078	-0.100
-0.348	-0.127	-0.159	1.900	0.028	0.079	-0.100
-0.337	-0.127	-0.158	2.000	0.028	0.079	-0.100
-0.327	-0.127	-0.156	2.100	0.027	0.079	-0.100
-0.316	-0.127	-0.155	2.200	0.026	0.080	-0.100
-0.306	-0.127	-0.153	2.300	0.025	0.080	-0.100
-0.295	-0.128	-0.151	2.400	0.025	0.081	-0.100
-0.285	-0.128	-0.149	2.500	0.024	0.081	-0.100
-0.275	-0.128	-0.148	2.600	0.023	0.082	-0.100
-0.265	-0.128	-0.145	2.700	0.022	0.082	-0.100
-0.254	-0.128	-0.143	2.800	0.021	0.083	-0.100
-0.244	-0.128	-0.141	2.900	0.021	0.083	-0.100
-0.234	-0.128	-0.139	3.000	0.020	0.083	-0.100
-0.224	-0.128	-0.136	3.100	0.019	0.084	-0.100
-0.214	-0.128	-0.134	3.200	0.018	0.084	-0.100
-0.204	-0.128	-0.131	3.300	0.018	0.085	-0.100
-0.194	-0.128	-0.129	3.400	0.017	0.085	-0.100
-0.185	-0.128	-0.126	3.500	0.016	0.086	-0.100
-0.175	-0.128	-0.123	3.600	0.015	0.086	-0.100
-0.165	-0.128	-0.120	3.700	0.014	0.087	-0.100
-0.156	-0.128	-0.117	3.800	0.014	0.087	-0.100
-0.146	-0.128	-0.114	3.900	0.013	0.088	-0.100
-0.137	-0.128	-0.111	4.000	0.012	0.088	-0.100
-0.128	-0.128	-0.108	4.100	0.011	0.088	-0.100
-0.118	-0.128	-0.104	4.200	0.011	0.089	-0.100
-0.109	-0.127	-0.101	4.300	0.010	0.089	-0.100
-0.100	-0.127	-0.097	4.400	0.009	0.090	-0.100
-0.091	-0.127	-0.094	4.500	0.008	0.090	-0.100
-0.082	-0.127	-0.090	4.600	0.007	0.091	-0.100
-0.073	-0.127	-0.086	4.700	0.007	0.091	-0.100
-0.064	-0.126	-0.082	4.800	0.006	0.092	-0.100
-0.055	-0.126	-0.078	4.900	0.005	0.092	-0.100
-0.047	-0.126	-0.074	5.000	0.004	0.092	-0.100
-0.038	-0.125	-0.070	5.100	0.004	0.093	-0.100
-0.030	-0.125	-0.065	5.200	0.003	0.093	-0.100
-0.021	-0.124	-0.061	5.300	0.002	0.094	-0.100
-0.013	-0.124	-0.056	5.400	0.001	0.094	-0.100
-0.005	-0.123	-0.052	5.500	0.000	0.095	-0.100
0.004	-0.123	-0.047	5.600	-0.000	0.095	-0.100
0.012	-0.122	-0.042	5.700	-0.001	0.096	-0.100
0.020	-0.122	-0.037	5.800	-0.002	0.096	-0.100
0.028	-0.121	-0.032	5.900	-0.003	0.097	-0.100
0.036	-0.120	-0.027	6.000	-0.003	0.097	-0.100
0.044	-0.119	-0.022	6.100	-0.004	0.097	-0.100
0.051	-0.119	-0.017	6.200	-0.005	0.098	-0.100
0.059	-0.118	-0.011	6.300	-0.006	0.098	-0.100
0.067	-0.117	-0.006	6.400	-0.007	0.099	-0.100
0.074	-0.116	-0.000	6.500	-0.007	0.099	-0.100
0.081	-0.115	0.006	6.600	-0.008	0.100	-0.100
0.089	-0.114	0.011	6.700	-0.009	0.100	-0.100
0.096	-0.113	0.017	6.800	-0.010	0.101	-0.100
0.103	-0.112	0.023	6.900	-0.010	0.101	-0.100
0.110	-0.110	0.029	7.000	-0.011	0.101	-0.100
0.118	-0.109	0.036	7.100	-0.012	0.102	-0.100
0.125	-0.108	0.042	7.200	-0.013	0.102	-0.100
0.131	-0.106	0.048	7.300	-0.014	0.103	-0.100
0.138	-0.105	0.055	7.400	-0.014	0.103	-0.100
0.145	-0.103	0.062	7.500	-0.015	0.104	-0.100
0.152	-0.102	0.068	7.600	-0.016	0.104	-0.100
0.158	-0.100	0.075	7.700	-0.017	0.105	-0.100
0.165	-0.098	0.082	7.800	-0.017	0.105	-0.100
0.171	-0.097	0.089	7.900	-0.018	0.106	-0.100
0.178	-0.095	0.097	8.000	-0.019	0.106	-0.100
0.184	-0.093	0.104	8.100	-0.020	0.106	-0.100
0.190	-0.091	0.111	8.200	-0.021	0.107	-0.100
0.197	-0.089	0.119	8.300	-0.021	0.107	-0.100
0.203	-0.087	0.126	8.400	-0.022	0.108	-0.100
0.209	-0.085	0.134	8.500	-0.023	0.108	-0.100
0.215	-0.082	0.142	8.600	-0.024	0.109	-0.100
0.221	-0.080	0.150	8.700	-0.025	0.109	-0.100
0.227	-0.078	0.158	8.800	-0.025	0.110	-0.100
0.233	-0.075	0.167	8.900	-0.026	0.110	-0.100
0.238	-0.073	0.175	9.000	-0.027	0.111	-0.100
0.244	-0.070	0.183	9.100	-0.028	0.111	-0.100
0.250	-0.067	0.192	9.200	-0.028	0.111	-0.100
0.255	-0.064	0.201	9.300	-0.029	0.112	-0.100
0.261	-0.062	0.210	9.400	-0.030	0.112	-0.100
0.266	-0.059	0.219	9.500	-0.031	0.113	-0.100
0.272	-0.056	0.228	9.600	-0.032	0.113	-0.100
0.277	-0.052	0.237	9.700	-0.032	0.114	-0.100
0.282	-0.049	0.247	9.800	-0.033	0.114	-0.100
0.287	-0.046	0.256	9.900	-0.034	0.115	-0.100
0.293	-0.042	0.266	0.000	-0.035	0.115	-0.100
0.289	-0.096	0.210	0.100	-0.034	0.115	-0.097
0.280	-0.152	0.147	0.200	-0.033	0.114	-0.094
0.264	-0.208	0.078	0.300	-0.030	0.113	-0.091
0.241	-0.264	0.005	0.400	-0.027	0.111	-0.088
0.211	-0.316	-0.069	0.500	-0.023	0.108	-0.086
0.174	-0.363	-0.141	0.600	-0.019	0.106	-0.084
0.129	-0.404	-0.209	0.700	-0.013	0.103	-0.082
0.077	-0.436	-0.270	0.800	-0.008	0.099	-0.081
0.018	-0.459	-0.322	0.900	-0.002	0.096	-0.080
-0.047	-0.471	-0.363	1.000	0.004	0.092	-0.080
-0.117	-0.471	-0.391	1.100	0.010	0.089	-0.080
-0.189	-0.461	-0.407	1.200	0.016	0.086	-0.081
-0.262	-0.440	-0.409	1.300	0.022	0.082	-0.082
-0.331	-0.411	-0.399	1.400	0.027	0.079	-0.084
-0.395	-0.374	-0.378	1.500	0.032	0.077	-0.086
-0.450	-0.331	-0.348	1.600	0.036	0.074	-0.088
-0.494	-0.283	-0.310	1.700	0.039	0.072	-0.091
-0.527	-0.233	-0.266	1.800	0.041	0.071	-0.094
-0.547	-0.180	-0.219	1.900	0.043	0.070	-0.097
-0.543	-0.126	-0.170	0.100	0.043	0.070	-0.100
-0.532	-0.126	-0.170	0.200	0.042	0.071	-0.100
-0.521	-0.126	-0.170	0.300	0.041	0.071	-0.100
-0.510	-0.126	-0.170	0.400	0.040	0.072	-0.100
-0.499	-0.126	-0.170	0.500	0.039	0.072	-0.100
-0.488	-0.126	-0.170	0.600	0.039	0.073	-0.100
-0.477	-0.126	-0.170	0.700	0.038	0.073	-0.100
-0.467	-0.126	-0.169	0.800	0.037	0.074	-0.100
-0.456	-0.126	-0.169	0.900	0.036	0.074	-0.100
-0.445	-0.126	-0.168	1.000	0.036	0.074	-0.100
-0.434	-0.127	-0.168	1.100	0.035	0.075	-0.100
-0.423	-0.127	-0.167	1.200	0.034	0.075	-0.100
-0.412	-0.127	-0.166	1.300	0.033	0.076	-0.100
-0.401	-0.127	-0.165	1.400	0.032	0.076	-0.100
-0.391	-0.127	-0.164	1.500	0.032	0.077	-0.100
-0.380	-0.127	-0.163	1.600	0.031	0.077	-0.100
-0.369	-0.127	-0.162	1.700	0.030	0.078	-0.100
-0.359	-0.127	-0.161	1.800	0.029	0.078	-0.100
-0.348	-0.127	-0.159	1.900	0.028	0.079	-0.100
-0.337	-0.127	-0.158	2.000	0.028	0.079	-0.100
-0.327	-0.127	-0.156	2.100	0.027	0.079	-0.100
-0.316	-0.127	-0.155	2.200	0.026	0.080	-0.100
-0.306	-0.127	-0.153	2.300	0.025	0.080	-0.100
-0.295	-0.128	-0.151	2.400	0.025	0.081	-0.100
-0.285	-0.128	-0.149	2.500	0.024	0.081	-0.100
-0.275	-0.128	-0.148	2.600	0.023	0.082	-0.100
-0.265	-0.128	-0.145	2.700	0.022	0.082	-0.100
-0.254	-0.128	-0.143	2.800	0.021	0.083	-0.100
-0.244	-0.128	-0.141	2.900	0.021	0.083	-0.100
-0.234	-0.128	-0.139	3.000	0.020	0.083	-0.100
-0.224	-0.128	-0.136	3.100	0.019	0.084	-0.100
-0.214	-0.128	-0.134	3.200	0.018	0.084	-0.100
-0.204	-0.128	-0.131	3.300	0.018	0.085	-0.100
-0.194	-0.128	-0.129	3.400	0.017	0.085	-0.100
-0.185	-0.128	-0.126	3.500	0.016	0.086	-0.100
-0.175	-0.128	-0.123	3.600	0.015	0.086	-0.100
-0.165	-0.128	-0.120	3.700	0.014	0.087	-0.100
-0.156	-0.128	-0.117	3.800	0.014	0.087	-0.100
-0.146	-0.128	-0.114	3.900	0.013	0.088	-0.100
-0.137	-0.128	-0.111	4.000	0.012	0.088	-0.100
-0.128	-0.128	-0.108	4.100	0.011	0.088	-0.100
-0.118	-0.128	-0.104	4.200	0.011	0.089	-0.100
-0.109	-0.127	-0.101	4.300	0.010	0.089	-0.100
-0.100	-0.127	-0.097	4.400	0.009	0.090	-0.100
-0.091	-0.127	-0.094	4.500	0.008	0.090	-0.100
-0.082	-0.127	-0.090	4.600	0.007	0.091	-0.100
-0.073	-0.127	-0.086	4.700	0.007	0.091	-0.100
-0.064	-0.126	-0.082	4.800	0.006	0.092	-0.100
-0.055	-0.126	-0.078	4.900	0.005	0.092	-0.100
-0.047	-0.126	-0.074	5.000	0.004	0.092	-0.100
-0.038	-0.125	-0.070	5.100	0.004	0.093	-0.100
-0.030	-0.125	-0.065	5.200	0.003	0.093	-0.100
-0.021	-0.124	-0.061	5.300	0.002	0.094	-0.100
-0.013	-0.124	-0.056	5.400	0.001	0.094	-0.100
-0.005	-0.123	-0.052	5.500	0.000	0.095	-0.100
0.004	-0.123	-0.047	5.600	-0.000	0.095	-0.100
0.012	-0.122	-0.042	5.700	-0.001	0.096	-0.100
0.020	-0.122	-0.037	5.800	-0.002	0.096	-0.100
0.028	-0.121	-0.032	5.900	-0.003	0.097	-0.100
0.036	-0.120	-0.027	6.000	-0.003	0.097	-0.100
0.044	-0.119	-0.022	6.100	-0.004	0.097	-0.100
0.051	-0.119	-0.017	6.200	-0.005	0.098	-0.100
0.059	-0.118	-0.011	6.300	-0.006	0.098	-0.100
0.067	-0.117	-0.006	6.400	-0.007	0.099	-0.100
0.074	-0.116	-0.000	6.500	-0.007	0.099	-0.100
0.081	-0.115	0.006	6.600	-0.008	0.100	-0.100
0.089	-0.114	0.011	6.700	-0.009	0.100	-0.100
0.096	-0.113	0.017	6.800	-0.010	0.101	-0.100
0.103	-0.112	0.023	6.900	-0.010	0.101	-0.100
0.110	-0.110	0.029	7.000	-0.011	0.101	-0.100
0.118	-0.109	0.036	7.100	-0.012	0.102	-0.100
0.125	-0.108	0.042	7.200	-0.013	0.102	-0.100
0.131	-0.106	0.048	7.300	-0.014	0.103	-0.100
0.138	-0.105	0.055	7.400	-0.014	0.103	-0.100
0.145	-0.103	0.062	7.500	-0.015	0.104	-0.100
0.152	-0.102	0.068	7.600	-0.016	0.104	-0.100
0.158	-0.100	0.075	7.700	-0.017	0.105	-0.100
0.165	-0.098	0.082	7.800	-0.017	0.105	-0.100
0.171	-0.097	0.089	7.900	-0.018	0.106	-0.100
0.178	-0.095	0.097	8.000	-0.019	0.106	-0.100
0.178	-0.095	0.097	8.000	-0.019	0.106	-0.100
0.189	-0.091	0.110	8.183	-0.020	0.107	-0.100
0.195	-0.090	0.116	8.267	-0.021	0.107	-0.100
0.200	-0.088	0.123	8.350	-0.022	0.108	-0.100
0.205	-0.086	0.129	8.433	-0.022	0.108	-0.100
0.210	-0.084	0.136	8.517	-0.023	0.108	-0.100
0.215	-0.082	0.142	8.600	-0.024	0.109	-0.100
0.220	-0.080	0.149	8.683	-0.024	0.109	-0.100
0.225	-0.078	0.156	8.767	-0.025	0.109	-0.100
0.230	-0.076	0.162	8.850	-0.026	0.110	-0.100
0.235	-0.074	0.169	8.933	-0.026	0.110	-0.100
0.239	-0.072	0.176	9.017	-0.027	0.111	-0.100
0.244	-0.070	0.183	9.100	-0.028	0.111	-0.100
0.249	-0.068	0.191	9.183	-0.028	0.111	-0.100
0.253	-0.065	0.198	9.267	-0.029	0.112	-0.100
0.258	-0.063	0.205	9.350	-0.030	0.112	-0.100
0.263	-0.061	0.213	9.433	-0.030	0.112	-0.100
0.267	-0.058	0.220	9.517	-0.031	0.113	-0.100
0.272	-0.056	0.228	9.600	-0.032	0.113	-0.100
0.276	-0.053	0.236	9.683	-0.032	0.114	-0.100
0.280	-0.050	0.244	9.767	-0.033	0.114	-0.100
0.285	-0.048	0.251	9.850	-0.033	0.114	-0.100
0.289	-0.045	0.259	9.933	-0.034	0.115	-0.100
0.289	-0.045	0.259	9.933	-0.034	0.115	-0.100
-0.545	-0.126	-0.170	0.083	0.043	0.070	-0.100
-0.536	-0.126	-0.170	0.167	0.042	0.071	-0.100
-0.527	-0.126	-0.170	0.250	0.041	0.071	-0.100
-0.518	-0.126	-0.170	0.333	0.041	0.071	-0.100
-0.508	-0.126	-0.170	0.417	0.040	0.072	-0.100
-0.499	-0.126	-0.170	0.500	0.039	0.072	-0.100
-0.490	-0.126	-0.170	0.583	0.039	0.073	-0.100
-0.481	-0.126	-0.170	0.667	0.038	0.073	-0.100
-0.472	-0.126	-0.170	0.750	0.037	0.073	-0.100
-0.463	-0.126	-0.169	0.833	0.037	0.074	-0.100
-0.454	-0.126	-0.169	0.917	0.036	0.074	-0.100
-0.445	-0.126	-0.168	1.000	0.036	0.074	-0.100
-0.445	-0.135	-0.177	0.017	0.036	0.074	-0.099
-0.445	-0.144	-0.185	0.033	0.036	0.074	-0.099
-0.445	-0.153	-0.193	0.050	0.036	0.074	-0.098
-0.445	-0.162	-0.201	0.067	0.036	0.074	-0.098
-0.445	-0.171	-0.209	0.083	0.036	0.074	-0.097
-0.445	-0.180	-0.217	0.100	0.036	0.074	-0.097
-0.446	-0.189	-0.225	0.117	0.036	0.074	-0.096
-0.446	-0.198	-0.233	0.133	0.036	0.074	-0.096
-0.446	-0.207	-0.241	0.150	0.036	0.074	-0.095
-0.447	-0.215	-0.249	0.167	0.036	0.074	-0.095
-0.447	-0.224	-0.257	0.183	0.036	0.074	-0.094
-0.447	-0.233	-0.264	0.200	0.036	0.074	-0.094
-0.448	-0.241	-0.272	0.217	0.036	0.074	-0.093
-0.448	-0.250	-0.279	0.233	0.036	0.074	-0.093
-0.448	-0.135	-0.177	0.017	0.036	0.074	-0.099
-0.448	-0.144	-0.185	0.033	0.036	0.074	-0.099
-0.449	-0.153	-0.193	0.050	0.036	0.074	-0.098
-0.449	-0.162	-0.201	0.067	0.036	0.074	-0.098
-0.449	-0.171	-0.209	0.083	0.036	0.074	-0.097
-0.449	-0.180	-0.218	0.100	0.036	0.074	-0.097
-0.449	-0.189	-0.226	0.117	0.036	0.074	-0.096
-0.450	-0.198	-0.233	0.133	0.036	0.074	-0.096
-0.450	-0.207	-0.241	0.150	0.036	0.074	-0.095
-0.450	-0.215	-0.249	0.167	0.036	0.074	-0.095
-0.451	-0.224	-0.257	0.183	0.036	0.074	-0.094
-0.451	-0.233	-0.264	0.200	0.036	0.074	-0.094
-0.451	-0.241	-0.272	0.217	0.036	0.074	-0.093
-0.452	-0.250	-0.279	0.233	0.036	0.074	-0.093
-0.452	-0.259	-0.287	0.250	0.036	0.074	-0.092
-0.453	-0.267	-0.294	0.267	0.036	0.074	-0.092
-0.453	-0.275	-0.301	0.283	0.036	0.074	-0.091
-0.454	-0.284	-0.308	0.300	0.036	0.074	-0.091
-0.455	-0.292	-0.315	0.317	0.036	0.074	-0.090
-0.455	-0.300	-0.322	0.333	0.036	0.074	-0.090
-0.456	-0.308	-0.329	0.350	0.036	0.074	-0.090
-0.457	-0.316	-0.335	0.367	0.036	0.074	-0.089
-0.458	-0.323	-0.342	0.383	0.036	0.074	-0.089
-0.458	-0.331	-0.348	0.400	0.036	0.074	-0.088
-0.459	-0.339	-0.354	0.417	0.037	0.074	-0.088
-0.460	-0.346	-0.360	0.433	0.037	0.074	-0.087
-0.461	-0.353	-0.366	0.450	0.037	0.074	-0.087
-0.462	-0.360	-0.372	0.467	0.037	0.074	-0.087
-0.463	-0.367	-0.378	0.483	0.037	0.074	-0.086
-0.464	-0.374	-0.383	0.500	0.037	0.074	-0.086
-0.465	-0.381	-0.388	0.517	0.037	0.074	-0.085
-0.466	-0.387	-0.393	0.533	0.037	0.074	-0.085
-0.467	-0.393	-0.398	0.550	0.037	0.074	-0.085
-0.468	-0.399	-0.403	0.567	0.037	0.074	-0.084
-0.469	-0.405	-0.408	0.583	0.037	0.073	-0.084
-0.470	-0.411	-0.413	0.600	0.037	0.073	-0.084
-0.471	-0.417	-0.417	0.617	0.037	0.073	-0.084
-0.472	-0.422	-0.421	0.633	0.037	0.073	-0.083
-0.474	-0.427	-0.425	0.650	0.038	0.073	-0.083
-0.475	-0.432	-0.429	0.667	0.038	0.073	-0.083
-0.476	-0.437	-0.433	0.683	0.038	0.073	-0.082
-0.477	-0.441	-0.436	0.700	0.038	0.073	-0.082
-0.478	-0.446	-0.439	0.717	0.038	0.073	-0.082
-0.480	-0.450	-0.443	0.733	0.038	0.073	-0.082
-0.481	-0.454	-0.446	0.750	0.038	0.073	-0.082
-0.482	-0.457	-0.448	0.767	0.038	0.073	-0.081
-0.483	-0.461	-0.451	0.783	0.038	0.073	-0.081
-0.485	-0.464	-0.453	0.800	0.038	0.073	-0.081
-0.486	-0.467	-0.456	0.817	0.038	0.073	-0.081
-0.487	-0.469	-0.458	0.833	0.039	0.073	-0.081
-0.489	-0.472	-0.459	0.850	0.039	0.073	-0.081
-0.490	-0.474	-0.461	0.867	0.039	0.073	-0.080
-0.491	-0.476	-0.463	0.883	0.039	0.073	-0.080
-0.493	-0.477	-0.464	0.900	0.039	0.073	-0.080
-0.494	-0.479	-0.465	0.917	0.039	0.072	-0.080
-0.496	-0.480	-0.466	0.933	0.039	0.072	-0.080
-0.497	-0.481	-0.467	0.950	0.039	0.072	-0.080
-0.498	-0.482	-0.467	0.967	0.039	0.072	-0.080
-0.500	-0.482	-0.467	0.983	0.039	0.072	-0.080
-0.501	-0.482	-0.467	1.000	0.040	0.072	-0.080
-0.502	-0.482	-0.467	1.017	0.040	0.072	-0.080
-0.504	-0.482	-0.467	1.033	0.040	0.072	-0.080
-0.505	-0.481	-0.467	1.050	0.040	0.072	-0.080
-0.507	-0.480	-0.466	1.067	0.040	0.072	-0.080
-0.508	-0.479	-0.465	1.083	0.040	0.072	-0.080
-0.509	-0.478	-0.464	1.100	0.040	0.072	-0.080
-0.511	-0.476	-0.463	1.117	0.040	0.072	-0.080
-0.512	-0.474	-0.462	1.133	0.040	0.072	-0.080
-0.513	-0.472	-0.460	1.150	0.040	0.072	-0.081
-0.515	-0.469	-0.458	1.167	0.041	0.072	-0.081
-0.516	-0.467	-0.456	1.183	0.041	0.072	-0.081
-0.517	-0.464	-0.454	1.200	0.041	0.072	-0.081
-0.519	-0.461	-0.452	1.217	0.041	0.071	-0.081
-0.520	-0.457	-0.449	1.233	0.041	0.071	-0.081
-0.521	-0.454	-0.446	1.250	0.041	0.071	-0.082
-0.523	-0.450	-0.443	1.267	0.041	0.071	-0.082
-0.524	-0.446	-0.440	1.283	0.041	0.071	-0.082
-0.525	-0.441	-0.437	1.300	0.041	0.071	-0.082
-0.526	-0.437	-0.434	1.317	0.041	0.071	-0.082
-0.528	-0.432	-0.430	1.333	0.041	0.071	-0.083
-0.529	-0.427	-0.426	1.350	0.042	0.071	-0.083
-0.530	-0.422	-0.422	1.367	0.042	0.071	-0.083
-0.531	-0.417	-0.418	1.383	0.042	0.071	-0.084
-0.532	-0.411	-0.414	1.400	0.042	0.071	-0.084
-0.533	-0.405	-0.409	1.417	0.042	0.071	-0.084
-0.534	-0.399	-0.404	1.433	0.042	0.071	-0.084
-0.535	-0.393	-0.400	1.450	0.042	0.071	-0.085
-0.536	-0.387	-0.395	1.467	0.042	0.071	-0.085
-0.538	-0.381	-0.390	1.483	0.042	0.071	-0.085
-0.538	-0.374	-0.384	1.500	0.042	0.071	-0.086
-0.539	-0.367	-0.379	1.517	0.042	0.071	-0.086
-0.540	-0.360	-0.373	1.533	0.042	0.071	-0.087
-0.541	-0.353	-0.367	1.550	0.042	0.071	-0.087
-0.542	-0.346	-0.362	1.567	0.042	0.070	-0.087
-0.543	-0.339	-0.356	1.583	0.043	0.070	-0.088
-0.544	-0.331	-0.349	1.600	0.043	0.070	-0.088
-0.545	-0.323	-0.343	1.617	0.043	0.070	-0.089
-0.545	-0.316	-0.337	1.633	0.043	0.070	-0.089
-0.546	-0.308	-0.330	1.650	0.043	0.070	-0.090
-0.547	-0.300	-0.323	1.667	0.043	0.070	-0.090
-0.548	-0.292	-0.317	1.683	0.043	0.070	-0.090
-0.548	-0.283	-0.310	1.700	0.043	0.070	-0.091
-0.549	-0.275	-0.303	1.717	0.043	0.070	-0.091
-0.549	-0.267	-0.296	1.733	0.043	0.070	-0.092
-0.550	-0.258	-0.288	1.750	0.043	0.070	-0.092
-0.550	-0.250	-0.281	1.767	0.043	0.070	-0.093
-0.551	-0.241	-0.274	1.783	0.043	0.070	-0.093
-0.551	-0.233	-0.266	1.800	0.043	0.070	-0.094
-0.552	-0.224	-0.258	1.817	0.043	0.070	-0.094
-0.552	-0.215	-0.251	1.833	0.043	0.070	-0.095
-0.553	-0.206	-0.243	1.850	0.043	0.070	-0.095
-0.553	-0.198	-0.235	1.867	0.043	0.070	-0.096
-0.553	-0.189	-0.227	1.883	0.043	0.070	-0.096
-0.553	-0.180	-0.219	1.900	0.043	0.070	-0.097
-0.554	-0.171	-0.211	1.917	0.043	0.070	-0.097
-0.554	-0.162	-0.203	1.933	0.043	0.070	-0.098
-0.554	-0.153	-0.195	1.950	0.043	0.070	-0.098
-0.554	-0.144	-0.187	1.967	0.043	0.070	-0.099
-0.554	-0.135	-0.178	1.983	0.043	0.070	-0.099
-0.554	-0.126	-0.170	2.000	0.043	0.070	-0.100
-nan	-nan	-nan	0.017	-nan	-nan	-0.099
-nan	-nan	-nan	0.033	-nan	-nan	-0.099
-nan	-nan	-nan	0.050	-nan	-nan	-0.098
-nan	-nan	-nan	0.067	-nan	-nan	-0.098
-nan	-nan	-nan	0.083	-nan	-nan	-0.097
-nan	-nan	-nan	0.100	-nan	-nan	-0.097
-nan	-nan	-nan	0.117	-nan	-nan	-0.096
-nan	-nan	-nan	0.133	-nan	-nan	-0.096
-nan	-nan	-nan	0.150	-nan	-nan	-0.095
-nan	-nan	-nan	0.167	-nan	-nan	-0.095
-nan	-nan	-nan	0.183	-nan	-nan	-0.094
-nan	-nan	-nan	0.200	-nan	-nan	-0.094
-nan	-nan	-nan	0.217	-nan	-nan	-0.093
-nan	-nan	-nan	0.233	-nan	-nan	-0.093
-nan	-nan	-nan	0.250	-nan	-nan	-0.092
