0.000	4	0.002	-1.290	0.202	-1.238	-0.005	-0.882	-0.198	-1.245	
0.300	6	0.001	-1.276	0.202	-1.237	0.198	-0.929	-0.005	-0.894	-0.204	-0.935	-0.198	-1.243	
0.300	6	0.000	-1.268	0.201	-1.234	0.198	-0.927	-0.005	-0.899	-0.204	-0.932	-0.199	-1.241	
0.300	6	0.000	-1.263	0.201	-1.233	0.198	-0.925	-0.005	-0.902	-0.205	-0.930	-0.200	-1.239	
0.300	6	-0.000	-1.260	0.201	-1.232	0.198	-0.924	-0.005	-0.903	-0.205	-0.929	-0.200	-1.238	
0.300	6	-0.001	-1.259	0.200	-1.232	0.197	-0.924	-0.005	-0.903	-0.206	-0.929	-0.201	-1.238	
0.750	6	-0.001	-1.258	0.200	-1.232	0.197	-0.924	-0.005	-0.904	-0.206	-0.929	-0.201	-1.238	
0.750	6	-0.001	-1.258	0.200	-1.232	0.197	-0.924	-0.005	-0.904	-0.206	-0.929	-0.201	-1.238	
0.750	6	-0.005	-1.262	0.198	-1.214	0.196	-0.930	-0.005	-0.905	-0.202	-0.929	-0.201	-1.237	
0.750	6	-0.005	-1.263	0.195	-1.227	0.194	-0.930	-0.005	-0.905	-0.201	-0.930	-0.200	-1.237	
0.750	6	-0.004	-1.264	0.192	-1.231	0.194	-0.931	-0.005	-0.903	-0.202	-0.931	-0.199	-1.236	
0.750	3	-0.004	-1.267	0.195	-0.931	-0.202	-0.932	
0.750	3	-0.004	-1.268	0.194	-0.932	-0.202	-0.933	
0.750	3	-0.004	-1.268	0.195	-0.932	-0.202	-0.934	
1.150	3	-0.004	-1.269	0.194	-0.932	-0.202	-0.934	
1.150	3	-0.004	-1.270	0.195	-0.933	-0.202	-0.934	
1.150	3	-0.003	-1.270	0.195	-0.933	-0.202	-0.935	
1.150	3	-0.003	-1.270	0.195	-0.933	-0.202	-0.935	
1.150	3	-0.003	-1.271	0.195	-0.933	-0.202	-0.934	
1.150	3	-0.003	-1.272	0.195	-0.933	-0.202	-0.934	
1.550	3	-0.003	-1.273	0.195	-0.933	-0.201	-0.934	
1.550	3	-0.003	-1.275	0.195	-0.934	-0.201	-0.935	
2.000	3	-0.003	-1.276	0.195	-0.933	-0.201	-0.935	
2.000	3	-0.002	-1.278	0.195	-0.933	-0.200	-0.934	
2.000	3	-0.002	-1.278	0.196	-0.933	-0.200	-0.935	
2.000	3	-0.002	-1.278	0.196	-0.932	-0.200	-0.934	
2.000	3	-0.002	-1.279	0.196	-0.933	-0.200	-0.934	
2.000	3	-0.001	-1.279	0.196	-0.932	-0.200	-0.934	
2.000	3	-0.001	-1.280	0.196	-0.932	-0.200	-0.933	
2.300	3	-0.001	-1.280	0.196	-0.932	-0.200	-0.933	
2.300	3	-0.001	-1.280	0.196	-0.932	-0.200	-0.933	
2.300	3	-0.001	-1.281	0.196	-0.931	-0.200	-0.932	
2.300	3	-0.001	-1.282	0.197	-0.931	-0.200	-0.932	
2.300	3	-0.000	-1.282	0.197	-0.930	-0.200	-0.932	
2.300	3	-0.001	-1.282	0.197	-0.931	-0.200	-0.932	
2.650	3	-0.001	-1.282	0.197	-0.930	-0.200	-0.931	
2.650	5	-0.001	-1.282	0.196	-1.090	0.197	-0.930	-0.200	-0.931	-0.196	-1.090	
2.650	5	-0.001	-1.282	0.196	-1.088	0.198	-0.929	-0.200	-0.931	-0.196	-1.088	
2.650	6	-0.001	-1.281	0.197	-1.086	0.198	-0.930	-0.002	-0.738	-0.200	-0.931	-0.196	-1.086	
2.650	6	-0.001	-1.280	0.197	-1.085	0.198	-0.930	-0.002	-0.738	-0.200	-0.930	-0.196	-1.086	
2.650	6	-0.001	-1.279	0.197	-1.085	0.197	-0.930	-0.002	-0.738	-0.199	-0.930	-0.197	-1.086	
2.650	5	-0.197	-1.087	0.197	-1.086	0.196	-0.929	-0.002	-0.738	-0.199	-0.930	
2.950	5	-0.197	-1.088	0.198	-1.087	0.196	-0.927	-0.003	-0.739	-0.199	-0.928	
2.950	3	-0.197	-1.089	0.198	-1.087	-0.003	-0.738	
2.950	3	-0.197	-1.088	0.198	-1.087	-0.003	-0.739	
2.950	3	-0.197	-1.089	0.198	-1.087	-0.003	-0.739	
2.950	3	-0.197	-1.088	0.198	-1.087	-0.003	-0.740	
2.950	3	-0.197	-1.088	0.198	-1.086	-0.003	-0.741	
3.350	3	-0.196	-1.088	0.198	-1.086	-0.003	-0.741	
3.350	3	-0.196	-1.087	0.198	-1.086	-0.003	-0.741	
3.350	3	-0.196	-1.088	0.197	-1.085	-0.003	-0.742	
3.350	3	-0.197	-1.088	0.197	-1.085	-0.002	-0.742	
3.350	3	-0.196	-1.089	0.197	-1.086	-0.002	-0.742	
3.350	3	-0.196	-1.089	0.197	-1.086	-0.002	-0.741	
3.350	3	-0.196	-1.090	0.198	-1.086	-0.002	-0.740	
3.350	3	-0.196	-1.090	0.198	-1.086	-0.002	-0.744	
3.350	3	-0.196	-1.089	0.197	-1.085	-0.001	-0.746	
3.750	3	-0.196	-1.089	0.197	-1.083	-0.000	-0.746	
3.750	3	-0.196	-1.088	0.198	-1.085	-0.001	-0.748	
3.750	3	-0.195	-1.086	0.198	-1.085	-0.002	-0.748	
3.750	3	-0.196	-1.088	0.199	-1.087	-0.002	-0.751	
3.750	3	-0.195	-1.088	0.198	-1.086	-0.001	-0.749	
3.750	3	-0.195	-1.086	0.198	-1.084	-0.001	-0.748	
3.750	3	-0.195	-1.086	0.198	-1.083	-0.000	-0.747	
4.100	3	-0.195	-1.087	0.198	-1.082	0.001	-0.746	
4.100	3	-0.195	-1.087	0.198	-1.082	0.001	-0.745	
4.100	4	0.001	-1.123	0.199	-1.085	0.001	-0.750	-0.195	-1.088	
4.100	6	0.002	-1.115	0.199	-1.084	0.198	-0.783	0.001	-0.750	-0.195	-0.785	-0.195	-1.087	
4.100	6	0.002	-1.112	0.197	-1.081	0.199	-0.779	0.001	-0.750	-0.195	-0.781	-0.193	-1.084	
4.100	6	0.002	-1.111	0.197	-1.082	0.199	-0.779	0.000	-0.751	-0.195	-0.780	-0.193	-1.084	
4.100	6	0.002	-1.113	0.196	-1.080	0.199	-0.779	0.001	-0.750	-0.195	-0.781	-0.193	-1.083	
4.450	5	0.001	-1.115	0.200	-0.779	0.001	-0.749	-0.195	-0.782	-0.194	-1.081	
4.450	3	0.001	-1.117	0.200	-0.780	-0.195	-0.783	
4.450	3	0.002	-1.117	0.200	-0.781	-0.196	-0.783	
4.800	3	0.002	-1.118	0.201	-0.780	-0.196	-0.781	
4.800	3	0.003	-1.119	0.201	-0.780	-0.195	-0.781	
5.150	3	0.003	-1.121	0.201	-0.780	-0.195	-0.780	
5.550	3	0.002	-1.122	0.202	-0.778	-0.194	-0.779	
5.550	3	0.002	-1.124	0.202	-0.777	-0.195	-0.777	
6.050	3	0.002	-1.126	0.202	-0.776	-0.195	-0.774	
6.050	5	0.200	-0.935	0.200	-0.775	0.003	-0.585	-0.195	-0.771	-0.194	-0.931	
6.050	3	0.200	-0.936	0.003	-0.585	-0.195	-0.932	
6.500	3	0.200	-0.935	0.003	-0.587	-0.194	-0.932	
6.500	3	0.199	-0.935	0.004	-0.590	-0.194	-0.933	
6.950	3	0.199	-0.935	0.004	-0.593	-0.194	-0.934	
6.950	3	0.200	-0.932	0.004	-0.593	-0.193	-0.931	
7.350	3	0.201	-0.931	0.004	-0.593	-0.193	-0.931	
7.350	3	0.201	-0.930	0.004	-0.594	-0.193	-0.930	
7.350	3	0.200	-0.930	0.004	-0.593	-0.193	-0.930	
7.350	3	0.201	-0.930	0.004	-0.594	-0.193	-0.929	
7.350	4	0.003	-0.962	0.200	-0.928	0.004	-0.594	-0.193	-0.928	
7.350	6	0.003	-0.959	0.200	-0.928	0.201	-0.628	0.004	-0.594	-0.191	-0.628	-0.193	-0.928	
7.800	6	0.003	-0.955	0.200	-0.927	0.202	-0.625	0.004	-0.594	-0.192	-0.624	-0.193	-0.928	
7.800	6	0.003	-0.954	0.199	-0.926	0.202	-0.623	0.004	-0.595	-0.192	-0.623	-0.192	-0.927	
7.800	6	0.003	-0.955	0.199	-0.926	0.202	-0.622	0.004	-0.595	-0.192	-0.622	-0.192	-0.926	
7.800	6	0.003	-0.957	0.199	-0.925	0.202	-0.622	0.004	-0.595	-0.192	-0.621	-0.192	-0.925	
7.800	6	0.003	-0.959	0.198	-0.922	0.201	-0.620	0.004	-0.594	-0.192	-0.619	-0.192	-0.923	
7.800	3	0.004	-0.960	0.202	-0.621	-0.192	-0.622	
7.800	3	0.004	-0.960	0.202	-0.622	-0.193	-0.623	
8.200	3	0.004	-0.959	0.203	-0.622	-0.194	-0.622	
8.200	3	0.003	-0.960	0.203	-0.621	-0.194	-0.623	
8.200	3	0.004	-0.960	0.203	-0.622	-0.193	-0.622	
8.200	3	0.004	-0.961	0.203	-0.621	-0.193	-0.621	
8.200	3	0.004	-0.962	0.203	-0.621	-0.193	-0.621	
8.200	3	0.003	-0.962	0.203	-0.620	-0.193	-0.621	
8.700	3	0.002	-0.963	0.204	-0.619	-0.193	-0.621	
8.700	3	0.001	-0.964	0.205	-0.617	-0.192	-0.621	
8.700	3	0.000	-0.966	0.205	-0.616	-0.191	-0.620	
8.700	3	0.000	-0.967	0.205	-0.618	-0.191	-0.619	
8.700	3	0.003	-0.965	0.205	-0.619	-0.191	-0.618	
8.700	3	0.004	-0.964	0.205	-0.619	-0.191	-0.617	
8.700	3	0.004	-0.964	0.205	-0.619	-0.191	-0.617	
8.700	3	0.004	-0.964	0.205	-0.618	-0.191	-0.616	
8.700	3	0.004	-0.964	0.205	-0.618	-0.190	-0.615	
9.100	3	0.004	-0.964	0.206	-0.618	-0.190	-0.615	
9.100	3	0.004	-0.964	0.206	-0.618	-0.190	-0.614	
9.100	3	0.004	-0.965	0.206	-0.618	-0.190	-0.614	
9.100	3	0.004	-0.965	0.206	-0.617	-0.190	-0.613	
9.100	3	0.004	-0.965	0.207	-0.616	-0.190	-0.612	
9.100	4	0.004	-0.965	0.204	-0.777	0.207	-0.616	-0.190	-0.612	
9.100	6	0.004	-0.966	0.204	-0.773	0.207	-0.616	0.009	-0.423	-0.190	-0.612	-0.188	-0.769	
9.500	6	0.004	-0.964	0.205	-0.772	0.207	-0.616	0.010	-0.422	-0.190	-0.612	-0.188	-0.767	
9.500	6	0.004	-0.963	0.205	-0.772	0.207	-0.616	0.010	-0.423	-0.190	-0.612	-0.189	-0.767	
9.500	5	0.205	-0.773	0.206	-0.616	0.010	-0.423	-0.189	-0.611	-0.189	-0.769	
9.500	3	0.206	-0.774	0.009	-0.424	-0.189	-0.769	
9.500	3	0.206	-0.774	0.009	-0.424	-0.189	-0.770	
9.500	3	0.206	-0.774	0.009	-0.424	-0.189	-0.770	
9.500	3	0.206	-0.774	0.009	-0.424	-0.189	-0.770	
9.900	3	0.206	-0.774	0.009	-0.424	-0.189	-0.770	
9.900	3	0.206	-0.776	0.009	-0.428	-0.188	-0.770	
9.900	3	0.206	-0.775	0.008	-0.428	-0.188	-0.768	
9.900	3	0.206	-0.774	0.009	-0.428	-0.188	-0.771	
9.900	3	0.206	-0.774	0.009	-0.429	-0.188	-0.771	
9.900	3	0.205	-0.773	0.009	-0.429	-0.188	-0.770	
9.900	3	0.205	-0.772	0.009	-0.430	-0.188	-0.770	
10.300	3	0.205	-0.772	0.009	-0.429	-0.188	-0.770	
10.300	3	0.205	-0.772	0.009	-0.428	-0.188	-0.770	
10.300	3	0.206	-0.773	0.008	-0.431	-0.188	-0.769	
10.300	3	0.205	-0.773	0.008	-0.432	-0.188	-0.770	
10.300	3	0.205	-0.772	0.008	-0.432	-0.188	-0.770	
10.300	3	0.205	-0.772	0.009	-0.432	-0.189	-0.770	
10.300	3	0.205	-0.771	0.009	-0.431	-0.189	-0.769	
10.300	3	0.205	-0.770	0.009	-0.431	-0.189	-0.769	
10.300	3	0.205	-0.771	0.009	-0.430	-0.189	-0.768	
10.700	3	0.206	-0.773	0.008	-0.428	-0.189	-0.771	
10.700	3	0.206	-0.773	0.009	-0.426	-0.188	-0.771	
10.700	3	0.205	-0.773	0.009	-0.431	-0.189	-0.772	
10.700	3	0.205	-0.771	0.009	-0.431	-0.189	-0.770	
10.700	4	0.007	-0.803	0.203	-0.767	0.009	-0.436	-0.189	-0.766	
10.700	6	0.007	-0.799	0.202	-0.769	0.205	-0.466	0.007	-0.438	-0.189	-0.466	-0.189	-0.768	
11.150	6	0.007	-0.800	0.201	-0.769	0.206	-0.465	0.008	-0.438	-0.188	-0.464	-0.189	-0.769	
11.150	5	0.006	-0.801	0.201	-0.767	0.206	-0.467	-0.188	-0.466	-0.189	-0.767	
11.150	3	0.006	-0.801	0.207	-0.467	-0.189	-0.465	
11.150	3	0.006	-0.802	0.207	-0.467	-0.189	-0.465	
11.150	3	0.006	-0.802	0.207	-0.467	-0.189	-0.465	
11.150	3	0.005	-0.803	0.207	-0.467	-0.189	-0.465	
11.150	3	0.005	-0.803	0.207	-0.468	-0.189	-0.466	
11.150	3	0.006	-0.803	0.207	-0.468	-0.190	-0.465	
11.550	3	0.006	-0.804	0.207	-0.467	-0.190	-0.464	
11.550	3	0.006	-0.805	0.206	-0.467	-0.190	-0.463	
11.550	3	0.006	-0.805	0.206	-0.467	-0.190	-0.464	
11.550	3	0.006	-0.805	0.207	-0.467	-0.190	-0.464	
11.550	3	0.005	-0.805	0.207	-0.467	-0.189	-0.464	
11.550	3	0.005	-0.806	0.207	-0.467	-0.190	-0.464	
11.550	3	0.005	-0.806	0.207	-0.467	-0.189	-0.463	
11.950	3	0.004	-0.807	0.207	-0.467	-0.189	-0.463	
11.950	3	0.005	-0.807	0.207	-0.466	-0.189	-0.463	
11.950	3	0.005	-0.807	0.207	-0.466	-0.189	-0.462	
11.950	3	0.004	-0.808	0.207	-0.466	-0.189	-0.462	
11.950	3	0.004	-0.808	0.207	-0.465	-0.189	-0.461	
11.950	3	0.004	-0.809	0.207	-0.466	-0.189	-0.461	
11.950	3	0.004	-0.809	0.207	-0.465	-0.189	-0.460	
11.950	3	0.003	-0.809	0.207	-0.465	-0.189	-0.460	
11.950	3	0.003	-0.809	0.207	-0.464	-0.189	-0.459	
12.350	3	0.003	-0.810	0.207	-0.464	-0.189	-0.459	
12.350	3	0.002	-0.810	0.207	-0.464	-0.189	-0.458	
12.350	3	0.003	-0.811	0.207	-0.464	-0.190	-0.457	
12.350	3	0.003	-0.811	0.207	-0.463	-0.189	-0.456	
12.350	4	0.003	-0.812	0.207	-0.463	-0.189	-0.454	-0.188	-0.620	
12.350	5	0.003	-0.812	0.203	-0.623	0.208	-0.463	-0.190	-0.455	-0.189	-0.615	
12.650	5	0.003	-0.812	0.203	-0.620	0.208	-0.463	-0.190	-0.455	-0.189	-0.612	
12.650	6	0.002	-0.810	0.204	-0.618	0.208	-0.463	0.011	-0.268	-0.189	-0.455	-0.189	-0.612	
12.650	6	0.003	-0.810	0.204	-0.618	0.208	-0.462	0.011	-0.268	-0.189	-0.455	-0.189	-0.612	
12.650	6	0.003	-0.808	0.204	-0.618	0.208	-0.462	0.012	-0.267	-0.188	-0.454	-0.190	-0.613	
12.650	5	0.205	-0.621	0.207	-0.462	0.011	-0.266	-0.188	-0.454	-0.189	-0.614	
12.650	4	0.206	-0.622	0.207	-0.460	0.011	-0.265	-0.189	-0.615	
13.100	4	0.206	-0.624	0.207	-0.459	0.011	-0.264	-0.189	-0.615	
13.100	3	0.206	-0.626	0.012	-0.262	-0.189	-0.619	
13.100	3	0.206	-0.627	0.013	-0.271	-0.189	-0.619	
13.100	3	0.206	-0.626	0.014	-0.271	-0.188	-0.617	
13.100	3	0.206	-0.624	0.014	-0.271	-0.188	-0.616	
13.100	3	0.206	-0.624	0.014	-0.271	-0.188	-0.615	
13.100	3	0.206	-0.624	0.014	-0.275	-0.188	-0.614	
13.100	3	0.206	-0.623	0.014	-0.275	-0.188	-0.615	
13.100	3	0.206	-0.623	0.014	-0.274	-0.188	-0.614	
13.550	3	0.206	-0.623	0.014	-0.273	-0.188	-0.613	
13.550	3	0.206	-0.623	0.014	-0.272	-0.187	-0.613	
13.550	3	0.206	-0.624	0.014	-0.276	-0.187	-0.611	
13.550	3	0.205	-0.621	0.015	-0.276	-0.188	-0.612	
13.550	3	0.205	-0.620	0.016	-0.277	-0.188	-0.611	
13.950	3	0.205	-0.619	0.016	-0.278	-0.188	-0.610	
13.950	3	0.205	-0.619	0.016	-0.277	-0.188	-0.611	
13.950	3	0.205	-0.619	0.016	-0.276	-0.188	-0.611	
13.950	3	0.205	-0.619	0.017	-0.275	-0.189	-0.611	
13.950	3	0.205	-0.619	0.017	-0.278	-0.189	-0.611	
13.950	4	0.008	-0.648	0.205	-0.618	0.017	-0.278	-0.188	-0.609	
13.950	4	0.008	-0.644	0.205	-0.617	0.017	-0.280	-0.188	-0.609	
14.350	6	0.008	-0.642	0.205	-0.617	0.215	-0.316	0.018	-0.281	-0.179	-0.305	-0.187	-0.609	
14.350	6	0.008	-0.642	0.204	-0.617	0.215	-0.314	0.018	-0.281	-0.179	-0.304	-0.186	-0.608	
14.350	6	0.008	-0.642	0.203	-0.617	0.215	-0.314	0.018	-0.281	-0.179	-0.304	-0.186	-0.608	
14.350	6	0.008	-0.643	0.203	-0.616	0.216	-0.314	0.018	-0.279	-0.179	-0.305	-0.186	-0.606	
14.350	3	0.008	-0.644	0.216	-0.315	-0.179	-0.306	
14.350	3	0.008	-0.645	0.217	-0.315	-0.179	-0.305	
14.350	3	0.009	-0.645	0.217	-0.315	-0.179	-0.305	
14.350	3	0.009	-0.646	0.217	-0.315	-0.179	-0.304	
14.800	3	0.006	-0.649	0.218	-0.314	-0.179	-0.305	
14.800	3	0.007	-0.649	0.217	-0.316	-0.179	-0.305	
14.800	3	0.007	-0.649	0.217	-0.315	-0.179	-0.304	
14.800	3	0.008	-0.649	0.217	-0.316	-0.179	-0.304	
14.800	3	0.008	-0.650	0.217	-0.316	-0.179	-0.305	
14.800	3	0.008	-0.650	0.217	-0.316	-0.179	-0.304	
15.250	3	0.008	-0.651	0.217	-0.314	-0.179	-0.301	
15.250	3	0.008	-0.652	0.217	-0.315	-0.179	-0.302	
15.250	3	0.008	-0.651	0.217	-0.315	-0.179	-0.302	
15.250	3	0.007	-0.651	0.217	-0.314	-0.179	-0.302	
15.250	3	0.007	-0.651	0.217	-0.313	-0.178	-0.301	
15.250	3	0.007	-0.652	0.217	-0.313	-0.178	-0.301	
15.800	3	0.008	-0.653	0.217	-0.313	-0.178	-0.300	
15.800	3	0.008	-0.654	0.217	-0.313	-0.178	-0.300	
15.800	3	0.008	-0.654	0.218	-0.312	-0.178	-0.299	
15.800	3	0.010	-0.657	0.218	-0.311	-0.178	-0.296	
16.350	5	0.009	-0.657	0.212	-0.467	0.219	-0.310	-0.179	-0.297	-0.180	-0.455	
16.350	3	0.213	-0.468	0.024	-0.113	-0.181	-0.456	
16.350	3	0.213	-0.467	0.024	-0.114	-0.181	-0.455	
16.750	3	0.213	-0.467	0.025	-0.115	-0.180	-0.456	
16.750	3	0.213	-0.466	0.025	-0.117	-0.180	-0.456	
16.750	3	0.213	-0.466	0.025	-0.117	-0.180	-0.455	
16.750	3	0.213	-0.466	0.025	-0.117	-0.180	-0.455	
16.750	3	0.214	-0.465	0.025	-0.118	-0.180	-0.455	
17.200	3	0.214	-0.464	0.026	-0.118	-0.180	-0.455	
17.200	3	0.214	-0.465	0.026	-0.119	-0.180	-0.455	
17.200	3	0.214	-0.465	0.026	-0.120	-0.179	-0.455	
17.200	3	0.214	-0.464	0.026	-0.118	-0.179	-0.454	
17.200	3	0.214	-0.464	0.026	-0.119	-0.179	-0.454	
17.200	3	0.214	-0.463	0.026	-0.119	-0.179	-0.454	
17.200	3	0.214	-0.463	0.026	-0.120	-0.179	-0.454	
17.650	3	0.214	-0.462	0.026	-0.120	-0.179	-0.453	
17.650	3	0.215	-0.462	0.027	-0.122	-0.179	-0.452	
17.650	3	0.215	-0.461	0.026	-0.121	-0.179	-0.452	
17.650	3	0.215	-0.461	0.026	-0.121	-0.179	-0.452	
17.650	3	0.215	-0.461	0.026	-0.120	-0.178	-0.451	
17.650	4	0.017	-0.488	0.215	-0.460	0.026	-0.121	-0.178	-0.451	
17.650	6	0.018	-0.481	0.214	-0.458	0.224	-0.156	0.027	-0.121	-0.169	-0.146	-0.177	-0.450	
18.150	6	0.018	-0.481	0.214	-0.458	0.225	-0.154	0.027	-0.121	-0.169	-0.145	-0.177	-0.449	
18.150	6	0.018	-0.482	0.213	-0.458	0.225	-0.154	0.027	-0.121	-0.170	-0.144	-0.176	-0.448	
18.150	6	0.018	-0.483	0.213	-0.456	0.225	-0.155	0.027	-0.121	-0.170	-0.145	-0.176	-0.447	
18.150	5	0.018	-0.484	0.213	-0.455	0.225	-0.154	0.027	-0.119	-0.170	-0.145	
18.150	3	0.018	-0.485	0.225	-0.155	-0.170	-0.146	
18.150	3	0.018	-0.485	0.225	-0.155	-0.171	-0.145	
18.150	3	0.018	-0.486	0.225	-0.155	-0.171	-0.145	
18.150	3	0.018	-0.487	0.225	-0.155	-0.171	-0.145	
18.150	3	0.018	-0.487	0.226	-0.155	-0.171	-0.146	
18.150	3	0.017	-0.488	0.226	-0.154	-0.171	-0.146	
18.650	3	0.017	-0.488	0.226	-0.155	-0.171	-0.145	
18.650	3	0.017	-0.489	0.225	-0.155	-0.171	-0.146	
18.650	3	0.018	-0.489	0.225	-0.155	-0.171	-0.146	
18.650	3	0.018	-0.489	0.225	-0.155	-0.171	-0.145	
18.650	3	0.018	-0.490	0.225	-0.155	-0.171	-0.144	
18.650	3	0.017	-0.491	0.225	-0.155	-0.171	-0.144	
18.650	3	0.017	-0.491	0.225	-0.155	-0.171	-0.145	
18.650	3	0.017	-0.491	0.225	-0.155	-0.171	-0.145	
18.650	3	0.017	-0.491	0.225	-0.155	-0.171	-0.144	
19.100	3	0.017	-0.492	0.225	-0.155	-0.171	-0.143	
19.100	3	0.017	-0.493	0.225	-0.154	-0.171	-0.142	
19.100	3	0.015	-0.497	0.225	-0.153	-0.170	-0.145	
19.100	3	0.012	-0.499	0.226	-0.152	-0.170	-0.144	
19.100	3	0.015	-0.498	0.226	-0.153	-0.171	-0.142	
19.100	3	0.016	-0.496	0.226	-0.153	-0.171	-0.141	
19.100	3	0.016	-0.496	0.226	-0.152	-0.171	-0.139	
19.100	3	0.016	-0.495	0.226	-0.152	-0.171	-0.138	
19.500	5	0.016	-0.496	0.219	-0.313	0.227	-0.152	-0.171	-0.138	-0.173	-0.299	
19.500	5	0.015	-0.496	0.220	-0.310	0.227	-0.151	-0.171	-0.138	-0.173	-0.296	
19.500	6	0.015	-0.495	0.220	-0.308	0.227	-0.152	0.034	0.047	-0.171	-0.138	-0.173	-0.295	
19.500	5	0.220	-0.307	0.227	-0.152	0.034	0.045	-0.170	-0.137	-0.173	-0.295	
19.500	3	0.221	-0.309	0.034	0.044	-0.174	-0.296	
19.750	3	0.221	-0.310	0.034	0.044	-0.173	-0.295	
19.750	3	0.221	-0.309	0.034	0.043	-0.173	-0.295	
19.750	3	0.221	-0.309	0.033	0.043	-0.173	-0.294	
19.750	3	0.221	-0.309	0.034	0.042	-0.173	-0.294	
19.750	3	0.222	-0.311	0.032	0.040	-0.172	-0.294	
19.750	3	0.223	-0.311	0.032	0.040	-0.172	-0.292	
20.050	3	0.222	-0.311	0.032	0.039	-0.172	-0.295	
20.050	3	0.222	-0.310	0.033	0.042	-0.171	-0.295	
20.050	3	0.222	-0.311	0.034	0.043	-0.172	-0.297	
20.500	3	0.222	-0.310	0.035	0.041	-0.172	-0.298	
20.500	3	0.222	-0.309	0.036	0.039	-0.171	-0.296	
20.500	3	0.222	-0.308	0.036	0.038	-0.171	-0.295	
20.500	3	0.222	-0.308	0.036	0.039	-0.172	-0.294	
20.500	3	0.222	-0.307	0.036	0.038	-0.172	-0.294	
20.500	3	0.222	-0.307	0.036	0.038	-0.171	-0.293	
20.950	3	0.222	-0.307	0.037	0.038	-0.171	-0.293	
20.950	3	0.222	-0.307	0.037	0.038	-0.171	-0.293	
20.950	3	0.222	-0.306	0.037	0.037	-0.172	-0.292	
20.950	3	0.222	-0.306	0.037	0.037	-0.172	-0.290	
21.300	4	0.024	-0.331	0.222	-0.305	0.038	0.037	-0.172	-0.289	
21.300	6	0.024	-0.323	0.220	-0.303	0.235	0.000	0.038	0.036	-0.158	0.018	-0.170	-0.288	
21.300	4	0.023	-0.326	0.219	-0.301	0.236	-0.001	-0.159	0.016	
21.300	3	0.023	-0.330	0.237	-0.000	-0.160	0.018	
21.750	3	0.023	-0.332	0.237	-0.000	-0.160	0.019	
21.750	3	0.022	-0.335	0.236	-0.002	-0.160	0.015	
21.750	3	0.022	-0.333	0.236	-0.001	-0.160	0.016	
22.200	3	0.022	-0.333	0.236	-0.002	-0.160	0.016	
22.200	3	0.021	-0.335	0.236	0.000	-0.159	0.019	
22.750	3	0.021	-0.338	0.237	0.000	-0.159	0.020	
22.750	3	0.021	-0.337	0.237	0.003	-0.159	0.022	
23.100	5	0.020	-0.337	0.228	-0.157	0.238	0.004	-0.159	0.025	-0.164	-0.136	
23.150	5	0.229	-0.154	0.236	0.006	0.048	0.205	-0.158	0.026	-0.165	-0.133	
23.150	3	0.230	-0.153	0.048	0.204	-0.164	-0.134	
