0.00025359136634506	-0.0034432495012879	0.46408158540726	-1.025227189064	-1.0491906404495	0.0034268870949745	-0.0057834540493786	0.0026843547821045	0.13759076595306	-0.096580691635609
-0.00026639440329745	-0.0042026080191135	0.51506042480469	-1.0255953073502	-1.0583225488663	0.005515094846487	-0.0045870486646891	0.0028727054595947	0.14239639043808	-0.094221673905849
-0.00032616395037621	-0.0042648869566619	0.52049726247787	-1.025390625	-1.0599142313004	0.0059080980718136	-0.0032838922925293	0.0028964281082153	0.14289885759354	-0.093924447894096
-0.00027683697408065	-0.0041937096975744	0.52108043432236	-1.0249931812286	-1.0598945617676	0.0058050602674484	-0.0033184490166605	0.0028785467147827	0.14293742179871	-0.09390714764595
-0.00027111411327496	-0.0041774436831474	0.52114301919937	-1.0247611999512	-1.059938788414	0.0057465396821499	-0.0033286525867879	0.0028771162033081	0.14294010400772	-0.093907408416271
-0.00027970282826573	-0.0041839424520731	0.52115005254745	-1.0245847702026	-1.0600953102112	0.0057529918849468	-0.0033282660879195	0.0028805732727051	0.14294219017029	-0.093905135989189
-0.00027962939930148	-0.0041865506209433	0.52115058898926	-1.0243958234787	-1.0602544546127	0.0057556368410587	-0.0033271436113864	0.0028804540634155	0.14294230937958	-0.093904174864292
-0.00027817455702461	-0.0041883522644639	0.52115070819855	-1.0242140293121	-1.0604113340378	0.0057612136006355	-0.003326813923195	0.0028799772262573	0.14294338226318	-0.093903318047523
0.017530344426632	0.0051750638522208	-0.24583555757999	-1.0240865945816	-0.98077702522278	0.0050839297473431	-0.0064901411533356	0.001595139503479	0.062929391860962	-0.10518863797188
0.0028618071228266	0.0047319591976702	-0.030564963817596	-1.0250569581985	-1.0138033628464	0.00083270668983459	-0.0031894941348583	0.0022474527359009	0.084923326969147	-0.10837649554014
0.00018113719124813	-0.0045243068598211	-0.0046145003288984	-1.0216923952103	-1.0145972967148	0.00082729011774063	-0.0057425671257079	0.0034171342849731	0.089759349822998	-0.10636501759291
0.0016059870831668	-0.0080614406615496	-0.0008463115664199	-1.0219221115112	-1.0156322717667	0.00083716213703156	-0.0033683981746435	0.002103328704834	0.090908527374268	-0.10615821927786
0.0010265862802044	-0.010487233288586	0.00066327309468761	-1.0218307971954	-1.0151869058609	0.00083126127719879	-0.0032014187891036	0.0024609565734863	0.091408789157867	-0.10621675103903
0.0012042246526107	-0.011040907353163	0.00094652571715415	-1.0218948125839	-1.0145713090897	0.00083906203508377	-0.0032635913230479	0.0023478269577026	0.09152227640152	-0.10620196908712
0.0010634387144819	-0.01173809543252	0.0011803287779912	-1.0217725038528	-1.0137643814087	0.00083795934915543	-0.0032409024424851	0.0024460554122925	0.09166431427002	-0.10614746063948
0.0011134525993839	-0.012250668369234	0.0014036564389244	-1.0219030380249	-1.0126837491989	0.00083242356777191	-0.0033096238039434	0.0023940801620483	0.091768562793732	-0.10613636672497
0.0013139646034688	-0.012166101485491	0.0013215657090768	-1.0221571922302	-1.011646270752	0.00083612650632858	-0.0033041867427528	0.0022754669189453	0.091762185096741	-0.10612358897924
0.0013097670162097	-0.011756072752178	0.0011718351161107	-1.0224877595901	-1.0107464790344	0.00083021819591522	-0.003337970469147	0.0022743940353394	0.091682851314545	-0.10615704953671
0.0013998046051711	-0.011271628551185	0.0010054076556116	-1.0227761268616	-1.010071516037	0.00083155930042267	-0.0033590521197766	0.0022037029266357	0.091584205627441	-0.1061936467886
0.0011953836074099	-0.011656646616757	0.0011486788280308	-1.0227048397064	-1.0096156597137	0.00083233416080475	-0.0033651064150035	0.0023577213287354	0.091659247875214	-0.10615211725235
0.00110120291356	-0.012745486572385	0.0016037197783589	-1.0226665735245	-1.0087875127792	0.00084273517131805	-0.0033905152231455	0.0024038553237915	0.091872215270996	-0.10611706972122
0.00097883341368288	-0.012251196429133	0.0013942315708846	-1.0225291252136	-1.0079296827316	0.0008426159620285	-0.0034145577810705	0.0024816989898682	0.091767549514771	-0.1061332821846
0.016697604209185	-0.0052370722405612	-0.32611349225044	-1.0230640172958	-0.97180598974228	0.00067458674311638	-0.0036152184475213	0.0019829273223877	0.055344820022583	-0.10204214602709
0.017485987395048	-0.0013051861897111	-0.37420305609703	-1.0239721536636	-0.96782940626144	0.0011170916259289	-0.0033481460995972	0.0020455121994019	0.050121426582336	-0.10008981078863
0.016296124085784	-0.010480492375791	-0.37359032034874	-1.0241692066193	-0.96721017360687	0.0011687353253365	-0.0033740035723895	0.001961350440979	0.050843417644501	-0.099970981478691
0.013821344822645	-0.033825024962425	-0.35822367668152	-1.0233814716339	-0.96812385320663	0.0011310651898384	-0.003490625647828	0.0020706653594971	0.054633617401123	-0.099911488592625
0.012443708255887	-0.046989973634481	-0.34750834107399	-1.0226273536682	-0.96932345628738	0.0010973438620567	-0.0035077526699752	0.002119779586792	0.057016909122467	-0.099933050572872
0.011241062544286	-0.065695472061634	-0.33020883798599	-1.0245186090469	-0.97085267305374	0.0010378174483776	-0.0036263864021748	0.0016720294952393	0.060849010944366	-0.10005850344896
0.0096551924943924	-0.076134890317917	-0.3178388774395	-1.0237464904785	-0.97054052352905	0.0010127276182175	-0.0035784118808806	0.002311110496521	0.063151121139526	-0.09999430924654
0.0083812633529305	-0.088132545351982	-0.2987602353096	-1.0239744186401	-0.97196304798126	0.00097591429948807	-0.0037125286180526	0.0021412372589111	0.066199779510498	-0.10028298199177
0.0075883218087256	-0.10091099143028	-0.27720704674721	-1.0246154069901	-0.97234970331192	0.00094004720449448	-0.0036650442052633	0.0018446445465088	0.069875597953796	-0.10024850815535
0.0061009568162262	-0.10891642421484	-0.26086324453354	-1.0246621370316	-0.97280287742615	0.00085940957069397	-0.0036007922608405	0.0022783279418945	0.072465062141418	-0.1002924144268
0.0051969983614981	-0.11967985332012	-0.22940228879452	-1.0245435237885	-0.97267991304398	0.00087074190378189	-0.0038023639936	0.002155065536499	0.07692962884903	-0.1003073900938
0.0045586889609694	-0.12406915426254	-0.21129675209522	-1.024418592453	-0.97291940450668	0.00086306780576706	-0.0037420205771923	0.0022042989730835	0.079463243484497	-0.09991230070591
0.0032052593305707	-0.12694285809994	-0.18545569479465	-1.0239354372025	-0.97416472434998	0.00084534287452698	-0.0037052952684462	0.0026499032974243	0.082508087158203	-0.099772170186043
0.0026225917972624	-0.13193999230862	-0.15538170933723	-1.0223062038422	-0.97566676139832	0.00082413852214813	-0.0037652305327356	0.0025521516799927	0.086333274841309	-0.099609412252903
0.0040493034757674	-0.13483817875385	-0.14235132932663	-1.0241092443466	-0.97492319345474	0.00081538408994675	-0.0037413511890918	0.0011258125305176	0.088265240192413	-0.099754840135574
0.0026926340069622	-0.13223096728325	-0.11409491300583	-1.0249704122543	-0.97603750228882	0.00082358717918396	-0.0037423460744321	0.0018059015274048	0.090939819812775	-0.099817410111427
0.0012862355215475	-0.13053560256958	-0.082640819251537	-1.0246583223343	-0.9786731004715	0.00085318833589554	-0.0037488266825676	0.0027519464492798	0.094329655170441	-0.099029876291752
0.0016337457345799	-0.13684225082397	-0.055974207818508	-1.0235790014267	-0.97896248102188	0.0008949413895607	-0.0037719283718616	0.002289891242981	0.098442256450653	-0.098088346421719
0.0023254079278558	-0.13665856420994	-0.030946774408221	-1.0231931209564	-0.97851830720901	0.00098073482513428	-0.0038090471643955	0.00153648853302	0.1013155579567	-0.097982943058014
0.0029526068829	-0.1350381821394	-0.017259700223804	-1.0238349437714	-0.97757428884506	0.0010232329368591	-0.0037324395962059	0.0009160041809082	0.10269582271576	-0.098109096288681
0.0017184604657814	-0.12618151307106	0.017018310725689	-1.0236002206802	-0.97827702760696	0.0010484755039215	-0.0037139314226806	0.0014628171920776	0.10525643825531	-0.098315916955471
0.0013786341296509	-0.11246950179338	0.055176891386509	-1.0277500152588	-0.97743171453476	0.00094053894281387	-0.0037844523321837	0.0013405084609985	0.10743463039398	-0.099377065896988
-0.0011825970141217	-0.10612978041172	0.071535222232342	-1.02805352211	-0.97698283195496	0.00095933675765991	-0.003725181799382	0.0027155876159668	0.10811775922775	-0.10006321966648
-0.002187273465097	-0.096885740756989	0.097233898937702	-1.0274569988251	-0.9778596162796	0.00099572539329529	-0.00416174903512	0.0031826496124268	0.10967820882797	-0.10022906959057
-0.0027730267029256	-0.085061803460121	0.15121531486511	-1.0271265506744	-0.97791242599487	0.0010291114449501	-0.00610226765275	0.0031989812850952	0.11432701349258	-0.10007617622614
-0.0029296590946615	-0.07850755751133	0.17253133654594	-1.0273643732071	-0.97688585519791	0.0010795183479786	-0.0034343996085227	0.0032237768173218	0.11587035655975	-0.10009407252073
-0.0028380420990288	-0.066462717950344	0.20142357051373	-1.0269325971603	-0.977867603302	0.0010962896049023	-0.0035947165451944	0.0031143426895142	0.11756986379623	-0.10024011135101
-0.0027496314141899	-0.055547129362822	0.23307201266289	-1.0272537469864	-0.97892427444458	0.0011258348822594	-0.0035375859588385	0.0029021501541138	0.11977934837341	-0.10027883201838
-0.0034572184085846	-0.14578802883625	0.141208127141	-1.0241876840591	-0.97371888160706	0.0049503967165947	-0.0034824057947844	0.003209114074707	0.11873143911362	-0.095535196363926
0.00075382395880297	-0.39306530356407	-0.31071230769157	-1.0247594118118	-0.94501847028732	0.014925174415112	-0.0035162928979844	0.0027166604995728	0.093141198158264	-0.08549690246582
0.0087063359096646	-0.33392390608788	-0.60581493377686	-1.0263131856918	-0.90797185897827	0.014860104769468	-0.00387780694291	0.002331018447876	0.056357741355896	-0.085121400654316
0.013850906863809	-0.19524265825748	-0.67880886793137	-1.027051448822	-0.88874095678329	0.015426617115736	-0.0033474776428193	0.0023094415664673	0.037261962890625	-0.084524109959602
0.018530458211899	-0.14320327341557	-0.55317455530167	-1.0259872674942	-0.89112740755081	0.0089410282671452	-0.0031604662071913	0.0019915103912354	0.044931650161743	-0.091030962765217
0.019071256741881	-0.068073235452175	-0.47436600923538	-1.0260722637177	-0.89002108573914	0.0042325481772423	-0.0035159722901881	0.0019525289535522	0.045750081539154	-0.095604449510574
0.018657885491848	0.0044044009409845	-0.39468163251877	-1.0256519317627	-0.89057159423828	0.0012527033686638	-0.0033830008469522	0.0018918514251709	0.046887218952179	-0.09960462898016
0.017176993191242	-0.00063552742358297	-0.38037040829659	-1.025313615799	-0.89191341400146	0.0012160539627075	-0.0033722806256264	0.0019094944000244	0.048950970172882	-0.099848456680775
0.015408319421113	-0.021340053528547	-0.36724862456322	-1.026486992836	-0.89341509342194	0.0011588931083679	-0.0032134340144694	0.001550555229187	0.052444040775299	-0.10002165287733
0.013943199068308	-0.034610226750374	-0.35755300521851	-1.0259685516357	-0.89429402351379	0.0011326409876347	-0.0035803965292871	0.0018891096115112	0.054713666439056	-0.099974185228348
0.011714122258127	-0.059983778744936	-0.33680814504623	-1.0262627601624	-0.89510065317154	0.0010512918233871	-0.0037840879522264	0.0017291307449341	0.059578001499176	-0.10004656761885
0.010707532986999	-0.067095622420311	-0.32913455367088	-1.0257503986359	-0.89420366287231	0.0010348036885262	-0.003581315279007	0.0021580457687378	0.061060070991516	-0.10004181414843
0.009755072183907	-0.074144594371319	-0.3184053003788	-1.0255299806595	-0.89569455385208	0.0010251551866531	-0.003358255373314	0.0022069215774536	0.062738120555878	-0.10006126761436
0.0087031358852983	-0.089697778224945	-0.29845583438873	-1.0264576673508	-0.89689087867737	0.0009647011756897	-0.0038817450404167	0.0018079280853271	0.066551983356476	-0.10020630061626
0.0078492881730199	-0.096229955554008	-0.28931453824043	-1.0263258218765	-0.89602202177048	0.00094527006149292	-0.0036222445778549	0.0021116733551025	0.068189382553101	-0.10027731955051
0.0072732944972813	-0.10081911832094	-0.27651086449623	-1.0267349481583	-0.89690035581589	0.00094176083803177	-0.0036526608746499	0.0020439624786377	0.069891571998596	-0.10027560591698
0.0065829469822347	-0.10811215639114	-0.26104921102524	-1.0271202325821	-0.89737200737	0.00087412446737289	-0.0037228744477034	0.0020064115524292	0.072308003902435	-0.10029647499323
0.0057902312837541	-0.11207000911236	-0.24572701752186	-1.0275933742523	-0.89825963973999	0.0009029284119606	-0.0036832373589277	0.0021258592605591	0.074235141277313	-0.10036826878786
0.0050435550510883	-0.1157339438796	-0.22969777882099	-1.0277011394501	-0.89990389347076	0.00088843703269958	-0.003726614639163	0.0023044347763062	0.076287746429443	-0.10028504580259
0.0050751646049321	-0.12224724888802	-0.2114737033844	-1.0287990570068	-0.90094238519669	0.0008680522441864	-0.0037294826470315	0.0017834901809692	0.07910019159317	-0.10020250082016
0.0039447383023798	-0.12519027292728	-0.19338023662567	-1.0290110111237	-0.90171521902084	0.00085202604532242	-0.0037189535796642	0.0022101402282715	0.081330120563507	-0.10020234435797
0.0032190072815865	-0.12931947410107	-0.16582626104355	-1.0277378559113	-0.90405750274658	0.00083189457654953	-0.0037701497785747	0.0023579597473145	0.084838151931763	-0.099792420864105
0.0035897193010896	-0.13363599777222	-0.14377738535404	-1.0293439626694	-0.90378034114838	0.0008210688829422	-0.0037336994428188	0.0015374422073364	0.087894797325134	-0.099800273776054
0.0030795407947153	-0.13264729082584	-0.13300858438015	-1.0305546522141	-0.90429222583771	0.00081883370876312	-0.0037474452983588	0.0017858743667603	0.088938117027283	-0.099807873368263
0.0018601826159284	-0.13452339172363	-0.11223658174276	-1.0300585031509	-0.9043031334877	0.00083177536725998	-0.0037657648790628	0.0024096965789795	0.091465055942535	-0.099552735686302
0.0010607275180519	-0.13262650370598	-0.090106792747974	-1.029439330101	-0.90383350849152	0.00084411352872849	-0.0037491705734283	0.002581000328064	0.093472063541412	-0.099920995533466
0.00082260527415201	-0.1285315901041	-0.068263933062553	-1.029559135437	-0.90429693460464	0.00086003541946411	-0.0037470255047083	0.0025137662887573	0.095237076282501	-0.10014854371548
0.00021057263074908	-0.12762948870659	-0.055501785129309	-1.0292075872421	-0.90442550182343	0.00084424018859863	-0.0037533945869654	0.0027886629104614	0.096559822559357	-0.10003526508808
8.1630547356326e-05	-0.12284049391747	-0.022043203935027	-1.0289914608002	-0.90535014867783	0.00085988640785217	-0.0037594593595713	0.0025900602340698	0.099641501903534	-0.10006463527679
-0.00037641020026058	-0.11929693073034	0.0041444273665547	-1.0294414758682	-0.90510833263397	0.00090092420578003	-0.0037331928033382	0.0026229619979858	0.10214638710022	-0.10009573400021
-0.00087010592687875	-0.11584281921387	0.017934763804078	-1.0291936397552	-0.90544593334198	0.00092430412769318	-0.0037226118147373	0.0028977394104004	0.10320734977722	-0.10007559508085
-0.00088506768224761	-0.11521726101637	0.031652212142944	-1.0294154882431	-0.9049676656723	0.00093115121126175	-0.0037292283959687	0.0027991533279419	0.10476690530777	-0.09989058971405
-0.0010088395792991	-0.11180255562067	0.044696588069201	-1.0295393466949	-0.904461145401	0.00095771253108978	-0.0037141940556467	0.0027468204498291	0.10577070713043	-0.099981643259525
-0.0012789268512279	-0.10949974507093	0.05822354182601	-1.0295795202255	-0.9038513302803	0.00097067654132843	-0.0037211156450212	0.0028399229049683	0.10702937841415	-0.099880702793598
-0.0012008008779958	-0.1058297380805	0.071554653346539	-1.0297538042068	-0.90384685993195	0.00098161399364471	-0.0036988593637943	0.0026987791061401	0.10806888341904	-0.099891982972622
-0.0015680934302509	-0.10044294595718	0.084910169243813	-1.0298857688904	-0.90455031394958	0.00099051743745804	-0.0037175943143666	0.0028194189071655	0.1087634563446	-0.10024616122246
-0.0019594840705395	-0.098136104643345	0.099558025598526	-1.029767870903	-0.9044646024704	0.0010128617286682	-0.0042249565012753	0.0029674768447876	0.11011648178101	-0.10020858049393
-0.0020687021315098	-0.093285746872425	0.11330150067806	-1.0297796726227	-0.90457677841187	0.0010195150971413	-0.0033417462836951	0.0029791593551636	0.11102986335754	-0.10025426000357
-0.0023022494278848	-0.090350538492203	0.12814879417419	-1.0296984910965	-0.90462327003479	0.0010408461093903	-0.0048745670355856	0.0030300617218018	0.11235332489014	-0.10018185526133
-0.0025348849594593	-0.086148820817471	0.14279246330261	-1.0295567512512	-0.90446299314499	0.0010527521371841	-0.0034566440153867	0.0031031370162964	0.11346876621246	-0.10017135739326
-0.0024310508742929	-0.082299970090389	0.15790294110775	-1.0297189950943	-0.90443515777588	0.0010724067687988	-0.0044958288781345	0.0029515027999878	0.114710688591	-0.10014317184687
-0.0029262115713209	-0.077609285712242	0.17297548055649	-1.0294451713562	-0.90415418148041	0.0010846145451069	-0.0036398817319423	0.0032007694244385	0.11579960584641	-0.10013469308615
-0.002620539162308	-0.072451196610928	0.1881705224514	-1.0297095775604	-0.90421026945114	0.0010989420115948	-0.0032696120906621	0.0029528141021729	0.11687529087067	-0.1001543328166
-0.0030061528086662	-0.067119270563126	0.20364092290401	-1.0296006202698	-0.90426599979401	0.0011120326817036	-0.0035037323832512	0.0031322240829468	0.11792802810669	-0.10017188638449
-0.0031131387222558	-0.062804333865643	0.2199213206768	-1.0296010971069	-0.90401297807693	0.0011348351836205	-0.0029527756851166	0.0031051635742188	0.11922836303711	-0.10012248903513
-0.0033826762810349	-0.057338323444128	0.23599922657013	-1.0294017791748	-0.90373504161835	0.0011494942009449	-0.0032694283872843	0.0032123327255249	0.12034201622009	-0.10010085254908
-0.0033277631737292	-0.056444562971592	0.23759000003338	-1.029311299324	-0.90341639518738	0.0011481642723083	-0.0033713174052536	0.0031801462173462	0.12040340900421	-0.10011617839336
-0.0032739760354161	-0.056062519550323	0.23760825395584	-1.0292840003967	-0.90328627824783	0.0011460036039352	-0.003202537773177	0.0031570196151733	0.1203601360321	-0.10012326389551
-0.0032847786787897	-0.055912606418133	0.23757922649384	-1.0292514562607	-0.90316390991211	0.001145601272583	-0.0031735200900584	0.0031658411026001	0.12033379077911	-0.10013970732689
-0.0032971545588225	-0.055846493691206	0.23754805326462	-1.0291913747787	-0.90304696559906	0.0011448785662651	-0.0031948233954608	0.0031781196594238	0.12031984329224	-0.10014098882675
-0.0033008188474923	-0.055757202208042	0.23752863705158	-1.0291205644608	-0.90294271707535	0.001144714653492	-0.0031702660489827	0.0031797885894775	0.12030118703842	-0.10015657544136
-0.0033089153002948	-0.05576141923666	0.23752018809319	-1.0290404558182	-0.90285170078278	0.0011443197727203	-0.0031883020419627	0.0031871795654297	0.12030172348022	-0.10015044361353
-0.0033147314097732	-0.055758826434612	0.23751533031464	-1.0289528369904	-0.90276306867599	0.0011443868279457	-0.0031752423383296	0.003191351890564	0.12030076980591	-0.10014791041613
-0.0033174529671669	-0.055766649544239	0.23752245306969	-1.0288653373718	-0.9026757478714	0.0011445730924606	-0.0031824901234359	0.0031920671463013	0.12030172348022	-0.10014927387238
-0.0033137656282634	-0.055760078132153	0.23751623928547	-1.0287836790085	-0.90258699655533	0.0011444874107838	-0.0031865513883531	0.0031896829605103	0.1203008890152	-0.10014794021845
-0.003311034059152	-0.055775187909603	0.23751775920391	-1.0286967754364	-0.90250307321548	0.0011444240808487	-0.0031766537576914	0.0031892061233521	0.12030392885208	-0.10014373064041
-0.0033190455287695	-0.055731270462275	0.23750434815884	-1.028605222702	-0.90242052078247	0.0011443831026554	-0.0031812719535083	0.0031892061233521	0.12029540538788	-0.10015102475882
-0.003307807026431	-0.055731929838657	0.23749853670597	-1.0285241603851	-0.90235632658005	0.0011442936956882	-0.0031758770346642	0.0031822919845581	0.12029641866684	-0.10014791786671
-0.0032830790150911	-0.055574178695679	0.23745384812355	-1.0284291505814	-0.90224403142929	0.001113198697567	-0.0031611125450581	0.003179669380188	0.12026405334473	-0.10017241537571
-0.003254665993154	-0.055712334811687	0.23748885095119	-1.0282825231552	-0.90220510959625	0.0011436343193054	-0.0032053594477475	0.0031728744506836	0.12029361724854	-0.10014844685793
-0.0032492212485522	-0.055707547813654	0.23749928176403	-1.0281574726105	-0.90215444564819	0.0011444315314293	-0.003174850018695	0.0031684637069702	0.12029320001602	-0.1001565232873
-0.0032361086923629	-0.055707473307848	0.23748774826527	-1.0280309915543	-0.90210384130478	0.0011440366506577	-0.0031823446042836	0.0031620264053345	0.12029445171356	-0.10015027225018
-0.0032261090818793	-0.055701974779367	0.23748458921909	-1.027912735939	-0.90205782651901	0.0011439248919487	-0.003178408369422	0.0031570196151733	0.12029421329498	-0.10015062987804
-0.0032247845083475	-0.055682126432657	0.23748327791691	-1.0278043746948	-0.90200912952423	0.0011440850794315	-0.0031843918841332	0.0031543970108032	0.12029045820236	-0.10015624761581
-0.0032289202790707	-0.055669166147709	0.23748311400414	-1.0276920795441	-0.9019627571106	0.0011443942785263	-0.0031560957431793	0.0031564235687256	0.12028789520264	-0.10015968978405
-0.0032042553648353	-0.055664725601673	0.2374781370163	-1.0276063680649	-0.90193212032318	0.001143790781498	-0.003207728266716	0.0031447410583496	0.12028759717941	-0.10015849024057
-0.0031925241928548	-0.05564508587122	0.23745967447758	-1.0275198221207	-0.90192049741745	0.0011433660984039	-0.00317662069574	0.0031379461288452	0.12028557062149	-0.10015553236008
-0.0031946878880262	-0.055604819208384	0.23745958507061	-1.0274350643158	-0.90187537670135	0.0011439211666584	-0.0031631197780371	0.0031341314315796	0.12027752399445	-0.10016781836748
