0	0	0	-0.82812410593033	-0.65892016887665	0.00062232464551926	0.0014916956424713	0.089442491531372	-0.10827761888504
-0.38133671879768	-0.22736944258213	-0.22855207324028	-0.81852906942368	-0.68933522701263	0.013466946780682	0.034297049045563	0.08108115196228	-0.094907596707344
-0.42196643352509	-0.25035059452057	-0.25308901071548	-0.81940686702728	-0.69599467515945	0.0060660019516945	0.037138521671295	0.078800916671753	-0.093865491449833
-0.42622372508049	-0.25329387187958	-0.25572296977043	-0.8193878531456	-0.69642442464828	0.0067111030220985	0.03745624423027	0.078642606735229	-0.093635953962803
-0.42654234170914	-0.25368639826775	-0.25600573420525	-0.81912416219711	-0.69565737247467	0.0072578191757202	0.037454962730408	0.078668594360352	-0.093603402376175
-0.42657658457756	-0.25373387336731	-0.2560361623764	-0.81899756193161	-0.69520890712738	0.0075441896915436	0.03745436668396	0.078676223754883	-0.09359884262085
-0.42659506201744	-0.25373682379723	-0.25603944063187	-0.81895703077316	-0.69506710767746	0.0077226459980011	0.037457287311554	0.078676700592041	-0.093596622347832
-0.4266103208065	-0.2537397146225	-0.25603973865509	-0.81893622875214	-0.69507539272308	0.007840521633625	0.03746023774147	0.078676462173462	-0.093593917787075
0.24269530177116	-0.0246427860111	0.30974459648132	-0.81495332717896	-0.6473993062973	0.0039580874145031	-0.025740057229996	0.12259697914124	-0.10006483644247
-0.011870479211211	-0.12450066953897	-0.030976803973317	-0.82864654064178	-0.67646610736847	0.0038550794124603	0.0015850961208344	0.10009133815765	-0.10003329068422
-0.04960373789072	-0.13138221204281	-0.071892715990543	-0.83144915103912	-0.67963737249374	0.0038825944066048	0.0059787929058075	0.09584629535675	-0.10006201267242
-0.061412744224072	-0.13069398701191	-0.0802898183465	-0.83165735006332	-0.67979019880295	0.0038909092545509	0.0071725249290466	0.094625949859619	-0.099988013505936
-0.070537656545639	-0.13065853714943	-0.084808155894279	-0.83168685436249	-0.67955100536346	0.0038948729634285	0.0080198049545288	0.094047546386719	-0.099933482706547
-0.071256935596466	-0.1309270709753	-0.085259266197681	-0.83175009489059	-0.6793549656868	0.0038952305912971	0.0079514682292938	0.094052672386169	-0.099901132285595
-0.087044335901737	-0.13185599446297	-0.092087514698505	-0.83179485797882	-0.67987859249115	0.0039004907011986	0.0092467963695526	0.093354105949402	-0.099865227937698
-0.089159429073334	-0.13121515512466	-0.092900760471821	-0.83177870512009	-0.67961704730988	0.003901481628418	0.0096471011638641	0.09308922290802	-0.099924527108669
-0.097087420523167	-0.13188856840134	-0.09623072296381	-0.83165115118027	-0.67968028783798	0.0039040297269821	0.010200440883636	0.092790603637695	-0.099847920238972
-0.10610707849264	-0.13220167160034	-0.099781192839146	-0.83156418800354	-0.67983722686768	0.0039067789912224	0.010983794927597	0.092369914054871	-0.09983367472887
-0.1235433742404	-0.13262045383453	-0.10627272725105	-0.83160066604614	-0.68031054735184	0.003912091255188	0.012506395578384	0.091520667076111	-0.099851809442043
-0.12567359209061	-0.13249675929546	-0.10703627020121	-0.83142644166946	-0.68013221025467	0.003912478685379	0.012822896242142	0.091372728347778	-0.099809877574444
-0.13433121144772	-0.1327491402626	-0.11000518500805	-0.83152592182159	-0.68015843629837	0.0039146393537521	0.013643652200699	0.090949177742004	-0.099819079041481
-0.14325654506683	-0.13291412591934	-0.11318482458591	-0.83157026767731	-0.68053829669952	0.003917820751667	0.014187216758728	0.090548038482666	-0.099825292825699
-0.15275263786316	-0.13275022804737	-0.11639697849751	-0.83140110969543	-0.68067044019699	0.0039203017950058	0.015020579099655	0.090051412582397	-0.099813938140869
-0.17067925632	-0.13293375074863	-0.12199786305428	-0.83145463466644	-0.68125182390213	0.0039250329136848	0.016422599554062	0.089208006858826	-0.099852710962296
-0.18134637176991	-0.13305930793285	-0.12519140541553	-0.83133959770203	-0.68145740032196	0.0039273127913475	0.017362505197525	0.088716149330139	-0.099794022738934
-0.19146047532558	-0.13270278275013	-0.12802125513554	-0.83123701810837	-0.68151342868805	0.0039294958114624	0.018318355083466	0.088136076927185	-0.09983004629612
-0.20117136836052	-0.13266567885876	-0.13069242238998	-0.83119440078735	-0.68167752027512	0.0039317607879639	0.019050985574722	0.087668776512146	-0.099847987294197
-0.21106839179993	-0.13270895183086	-0.13328756392002	-0.83113199472427	-0.68176490068436	0.0039336904883385	0.01988473534584	0.087208032608032	-0.099835999310017
-0.22070719301701	-0.13237491250038	-0.13575764000416	-0.83106660842896	-0.68221414089203	0.0039365515112877	0.020475476980209	0.08672308921814	-0.099956072866917
-0.23094539344311	-0.13273154199123	-0.13816025853157	-0.83107227087021	-0.68237686157227	0.003937765955925	0.021441251039505	0.086301207542419	-0.099885791540146
-0.23236128687859	-0.13243792951107	-0.1384756565094	-0.83091622591019	-0.68213933706284	0.003937803208828	0.021717220544815	0.086133241653442	-0.099883854389191
-0.25011491775513	-0.13245315849781	-0.14250352978706	-0.83092337846756	-0.68258714675903	0.003941223025322	0.022933065891266	0.085377335548401	-0.099921435117722
-0.25240686535835	-0.13198569417	-0.14301642775536	-0.83073836565018	-0.68237793445587	0.0039415434002876	0.023273885250092	0.085139989852905	-0.099940255284309
-0.27053898572922	-0.13194553554058	-0.14676780998707	-0.83065718412399	-0.68280822038651	0.0039446502923965	0.024535357952118	0.084367513656616	-0.099965028464794
-0.27281114459038	-0.13165304064751	-0.14720353484154	-0.83055329322815	-0.68281233310699	0.0039446130394936	0.024856835603714	0.084163904190063	-0.099991872906685
-0.2913219332695	-0.13160534203053	-0.15066900849342	-0.8304226398468	-0.68315595388412	0.0039472952485085	0.026241987943649	0.083356380462646	-0.099984012544155
-0.30268728733063	-0.13163109123707	-0.15260957181454	-0.83037996292114	-0.68313026428223	0.003948412835598	0.027168184518814	0.082837462425232	-0.099965378642082
-0.30430015921593	-0.13117198646069	-0.1528734266758	-0.83023810386658	-0.68306243419647	0.0039481520652771	0.027469635009766	0.082620859146118	-0.1000127196312
-0.33216732740402	-0.13102124631405	-0.15719339251518	-0.83009576797485	-0.68372386693954	0.0039515420794487	0.029432356357574	0.081444263458252	-0.10003437846899
-0.33537766337395	-0.13104464113712	-0.15763089060783	-0.8300154209137	-0.68352955579758	0.0039518177509308	0.02977192401886	0.081251740455627	-0.10001706331968
-0.33612215518951	-0.13094736635685	-0.15772806107998	-0.82986116409302	-0.6832594871521	0.0039506554603577	0.0300612449646	0.081121921539307	-0.099990449845791
-0.39240008592606	-0.1302236020565	-0.16430042684078	-0.8295476436615	-0.68449258804321	0.0039574056863785	0.033786326646805	0.078805923461914	-0.10008368641138
-0.40848630666733	-0.13009907305241	-0.16578936576843	-0.82941728830338	-0.68434274196625	0.0039578825235367	0.035144716501236	0.077975273132324	-0.10007199645042
-0.4101282954216	-0.13015586137772	-0.16593371331692	-0.8292573094368	-0.6844288110733	0.00395817309618	0.035219937562943	0.077927112579346	-0.10006238520145
-0.42953819036484	-0.13040472567081	-0.16732907295227	-0.82919156551361	-0.68486315011978	0.0039589777588844	0.036619007587433	0.077184557914734	-0.10004820674658
-0.40880686044693	-0.22105041146278	-0.25123608112335	-0.83040618896484	-0.68295276165009	0.0080381706357002	0.035033613443375	0.077103972434998	-0.095341823995113
-0.40677115321159	-0.23075811564922	-0.26024541258812	-0.83029764890671	-0.68146860599518	0.0083360821008682	0.034885615110397	0.077021718025208	-0.094844564795494
-0.29129323363304	-0.35768952965736	-0.34973222017288	-0.83044868707657	-0.66978079080582	0.015582725405693	0.026279121637344	0.082361221313477	-0.0876554697752
-0.27887630462646	-0.371223539114	-0.35934060811996	-0.83098036050797	-0.66719961166382	0.01631610840559	0.025277137756348	0.082796096801758	-0.086921535432339
-0.2776535153389	-0.37265729904175	-0.36037230491638	-0.83123177289963	-0.66634035110474	0.016455210745335	0.025200545787811	0.082821607589722	-0.08684229105711
-0.27767390012741	-0.37281274795532	-0.3604830801487	-0.83109569549561	-0.66458010673523	0.016356661915779	0.02522611618042	0.082814455032349	-0.086835697293282
0.109290137887	-0.4106270968914	-0.21543665230274	-0.8313239812851	-0.62319505214691	0.020606398582458	-0.0099247097969055	0.10505938529968	-0.082670442759991
