0	0	0	-1.4469652175903	0.24065418541431	0.0025756806135178	0.0026398301124573	0.089190483093262	-0.10832431912422
0.27964583039284	-0.16289725899696	-0.15653365850449	-1.4566884040833	0.21953552961349	0.010109916329384	-0.022228896617889	0.086464405059814	-0.098739974200726
0.37715226411819	-0.21871981024742	-0.21111515164375	-1.4581456184387	0.20795385539532	0.0093729197978973	-0.030136823654175	0.083406090736389	-0.095538139343262
0.4111502468586	-0.23720669746399	-0.23014479875565	-1.4586360454559	0.19848324358463	0.008433036506176	-0.033022522926331	0.081930875778198	-0.094511315226555
0.42300483584404	-0.24369241297245	-0.23678001761436	-1.4586939811707	0.19476874172688	0.0081399381160736	-0.033931314945221	0.081432223320007	-0.094132907688618
0.42713770270348	-0.24600255489349	-0.23909333348274	-1.4586435556412	0.19379818439484	0.0079273581504822	-0.034206032752991	0.081290125846863	-0.093998976051807
0.4285791516304	-0.24680215120316	-0.23989997804165	-1.458585858345	0.19360755383968	0.007747657597065	-0.034294366836548	0.081246852874756	-0.093955293297768
0.42908170819283	-0.24707898497581	-0.24018143117428	-1.4585446119308	0.19353801012039	0.0076320916414261	-0.034326195716858	0.081231951713562	-0.093940444290638
0.42925742268562	-0.24716559052467	-0.24027964472771	-1.4585161209106	0.19345299899578	0.0075619667768478	-0.034338176250458	0.081224799156189	-0.093936204910278
0.42931872606277	-0.2472013682127	-0.24031381309032	-1.4584947824478	0.19335272908211	0.0075254887342453	-0.034343719482422	0.081222772598267	-0.093934290111065
0.14969363808632	-0.083292879164219	-0.083791062235832	-1.4522454738617	0.22548255324364	0.0060668811202049	-0.010819315910339	0.088393688201904	-0.10344714671373
0.052194822579622	-0.035621494054794	-0.029482921585441	-1.4483835697174	0.235943749547	0.0039307996630669	-0.0020778179168701	0.089828133583069	-0.1058169528842
0.28277260065079	-0.16203650832176	-0.18049044907093	-1.4495445489883	0.21192383766174	0.0065950602293015	-0.021770238876343	0.083768725395203	-0.098829515278339
0.36317014694214	-0.20414271950722	-0.23314192891121	-1.4470318555832	0.20234663784504	0.0075179561972618	-0.027883231639862	0.080130338668823	-0.096399918198586
0.37019011378288	-0.25231522321701	-0.2777678668499	-1.446146607399	0.20238167047501	0.0095541626214981	-0.028251886367798	0.079726815223694	-0.093630582094193
0.30971309542656	-0.32787790894508	-0.33165007829666	-1.4456377029419	0.2093330770731	0.01324712485075	-0.023637592792511	0.082351326942444	-0.089362733066082
0.28862607479095	-0.35418057441711	-0.35043770074844	-1.4450775384903	0.21291945874691	0.014121524989605	-0.021935880184174	0.083136677742004	-0.087901599705219
0.24194639921188	-0.3867295384407	-0.36663922667503	-1.44478058815	0.21779638528824	0.015502162277699	-0.018301963806152	0.08510947227478	-0.086071833968163
0.13970500230789	-0.4280406832695	-0.36756783723831	-1.444416642189	0.22833295166492	0.017825089395046	-0.00999915599823	0.08990490436554	-0.083608537912369
0.10405536741018	-0.44238531589508	-0.36789122223854	-1.4437308311462	0.23317705094814	0.018496707081795	-0.006869912147522	0.09135627746582	-0.082729145884514
0.0073733502067626	-0.44917857646942	-0.32849171757698	-1.4434082508087	0.24407358467579	0.01928748562932	0.0019176006317139	0.096394777297974	-0.081834323704243
-0.064418099820614	-0.44107559323311	-0.28262931108475	-1.4426791667938	0.25346204638481	0.019303023815155	0.0091307163238525	0.10025036334991	-0.081665076315403
-0.12373223900795	-0.42058837413788	-0.22750623524189	-1.4420926570892	0.26177248358727	0.018768094480038	0.015575110912323	0.1036924123764	-0.082081034779549
-0.17449855804443	-0.38942158222198	-0.16347897052765	-1.4416825771332	0.26925575733185	0.017662543803453	0.021546363830566	0.10690498352051	-0.083007417619228
-0.19219939410686	-0.37845477461815	-0.14115433394909	-1.4413024187088	0.27250710129738	0.017273847013712	0.023703038692474	0.10791540145874	-0.083317011594772
-0.19837161898613	-0.37460362911224	-0.13337031006813	-1.4411541223526	0.27395823597908	0.017041392624378	0.024455845355988	0.10825347900391	-0.083424508571625
-0.20052368938923	-0.37322646379471	-0.13065621256828	-1.4411565065384	0.27461877465248	0.016880996525288	0.024712204933167	0.10836696624756	-0.083465084433556
-0.28812438249588	-0.19703236222267	0.1225498765707	-1.4408448934555	0.29066842794418	0.0095413513481617	0.037165760993958	0.11629819869995	-0.091062486171722
-0.32418650388718	-0.097391285002232	0.25486043095589	-1.4392980337143	0.29848662018776	0.0045549422502518	0.042801380157471	0.11881673336029	-0.095712333917618
-0.32955607771873	-0.045927412807941	0.31605744361877	-1.4404321908951	0.29993849992752	0.0039775632321835	0.043251872062683	0.11968004703522	-0.097893312573433
-0.32523941993713	-0.039584282785654	0.32416561245918	-1.4413152933121	0.30075806379318	0.0039880387485027	0.043046593666077	0.12002635002136	-0.098271764814854
-0.3237339258194	-0.039499755948782	0.32729315757751	-1.4418416023254	0.30157908797264	0.0039950720965862	0.042924702167511	0.12042450904846	-0.098204202950001
-0.31367015838623	-0.050690855830908	0.30855280160904	-1.442307472229	0.3014290034771	0.0040057450532913	0.041823267936707	0.12007784843445	-0.097963623702526
-0.30030584335327	-0.061317589133978	0.28243651986122	-1.4425384998322	0.30134156346321	0.0040066093206406	0.039778649806976	0.11910080909729	-0.097943365573883
-0.29564595222473	-0.065970972180367	0.27339655160904	-1.4428632259369	0.30116510391235	0.0040058083832264	0.03911554813385	0.11884260177612	-0.097836248576641
-0.29402115941048	-0.065818414092064	0.2699331343174	-1.4432498216629	0.30133014917374	0.0040009617805481	0.038628756999969	0.11856925487518	-0.097923085093498
-0.29345440864563	-0.06632138043642	0.26877039670944	-1.4434698820114	0.30176693201065	0.004002220928669	0.038409173488617	0.11854326725006	-0.097892493009567
-0.27254971861839	-0.083414122462273	0.23228922486305	-1.4434741735458	0.30056545138359	0.0040026865899563	0.036087274551392	0.11725175380707	-0.097673699259758
-0.26526081562042	-0.085694961249828	0.21909514069557	-1.4435086250305	0.30102795362473	0.0039987191557884	0.034606218338013	0.11645972728729	-0.097857899963856
-0.2627192735672	-0.086603097617626	0.2144880592823	-1.4435157775879	0.30133879184723	0.0039975605905056	0.034172296524048	0.11616671085358	-0.097898483276367
-0.26183262467384	-0.087217032909393	0.21280235052109	-1.4436799287796	0.30173832178116	0.0039954707026482	0.034072995185852	0.11606466770172	-0.097866103053093
-0.23171490430832	-0.091391690075397	0.16800893843174	-1.4431277513504	0.29920494556427	0.0039869546890259	0.030028760433197	0.11295032501221	-0.09916403144598
-0.21730060875416	-0.09137337654829	0.14706303179264	-1.4428852796555	0.29825875163078	0.0039774551987648	0.027651309967041	0.11126041412354	-0.099747478961945
-0.21227458119392	-0.090539507567883	0.1396106928587	-1.44280397892	0.29795181751251	0.0039733424782753	0.026713848114014	0.11055219173431	-0.099967546761036
-0.19444036483765	-0.095664970576763	0.11719649285078	-1.4425020217896	0.29727536439896	0.0039630606770515	0.024415552616119	0.10917627811432	-0.10007755458355
-0.18822181224823	-0.096137069165707	0.10915029793978	-1.4426203966141	0.29747521877289	0.0039588287472725	0.023498952388763	0.10852956771851	-0.10019657760859
-0.17774763703346	-0.098892107605934	0.096918135881424	-1.4426198005676	0.29743972420692	0.0039528757333755	0.022162914276123	0.10776853561401	-0.10025280714035
-0.17409536242485	-0.099035888910294	0.092569604516029	-1.4426455497742	0.29798635840416	0.0039502345025539	0.021424829959869	0.10743057727814	-0.10031360387802
-0.16002331674099	-0.10346443206072	0.077582001686096	-1.4425330162048	0.29758819937706	0.0039434134960175	0.019985616207123	0.10657978057861	-0.10031797736883
-0.1551164239645	-0.10393928736448	0.072207503020763	-1.4423664808273	0.29801997542381	0.003939300775528	0.019050180912018	0.10617434978485	-0.10034945607185
-0.15340574085712	-0.10234009474516	0.069996200501919	-1.4426766633987	0.29890722036362	0.0039344280958176	0.018991231918335	0.10575461387634	-0.10045295953751
-0.1528088748455	-0.10184436291456	0.069240264594555	-1.4430072307587	0.30004116892815	0.0039339065551758	0.018803119659424	0.10565447807312	-0.10051840543747
-0.11640989780426	-0.10734444111586	0.035937044769526	-1.4425027370453	0.29857507348061	0.0039159208536148	0.014829516410828	0.10334873199463	-0.10087040811777
-0.094188712537289	-0.10965991765261	0.016793979331851	-1.4424870014191	0.29810273647308	0.0039018616080284	0.012360036373138	0.10184156894684	-0.101053789258
-0.086440198123455	-0.10917379707098	0.0099641913548112	-1.4423813819885	0.29807189106941	0.0038959756493568	0.011360168457031	0.10114169120789	-0.1011663749814
-0.08373848348856	-0.10721288621426	0.0074289962649345	-1.4423084259033	0.29813796281815	0.0038932152092457	0.010966718196869	0.10068893432617	-0.10133751481771
-0.082796223461628	-0.10579930990934	0.006385347340256	-1.4421827793121	0.29872179031372	0.0038906633853912	0.010821282863617	0.100421667099	-0.10142238438129
-0.082468025386333	-0.10557872056961	0.0060668652877212	-1.4421653747559	0.29921385645866	0.0038905628025532	0.010728597640991	0.10037541389465	-0.10143564641476
-0.037005677819252	-0.10630894452333	-0.025884753093123	-1.4419685602188	0.29551869630814	0.0038582682609558	0.0055619478225708	0.097382783889771	-0.10161913186312
-0.015863919630647	-0.11019045859575	-0.039358258247375	-1.4420528411865	0.29562669992447	0.0038744695484638	0.0039545297622681	0.096437215805054	-0.10157303512096
-0.0084921726956964	-0.111746519804	-0.044255774468184	-1.4422489404678	0.29633671045303	0.0038772001862526	0.0031822919845581	0.096086144447327	-0.10153704881668
0.0048108384944499	-0.11316287517548	-0.051919098943472	-1.4423785209656	0.29644691944122	0.0038825236260891	0.0021060705184937	0.09546172618866	-0.1015520170331
0.020383635535836	-0.11459884792566	-0.060389939695597	-1.4424660205841	0.29630690813065	0.0038886889815331	0.00078952312469482	0.094732046127319	-0.101542070508
0.025813223794103	-0.11466852575541	-0.063383705914021	-1.4426729679108	0.29651266336441	0.0038909092545509	0.00010776519775391	0.094406366348267	-0.10155518352985
0.027706582099199	-0.11950115859509	-0.064365968108177	-1.4428882598877	0.2968228161335	0.0038915500044823	-1.2993812561035e-05	0.094773054122925	-0.10109312832355
0.028366833925247	-0.12378329783678	-0.064686186611652	-1.4432324171066	0.297139108181	0.0038912892341614	1.2755393981934e-05	0.095173120498657	-0.10076410323381
0.056814659386873	-0.12839271128178	-0.078094661235809	-1.4433505535126	0.29612964391708	0.0038995668292046	-0.0017794966697693	0.094263434410095	-0.10062616318464
0.078368946909904	-0.13013584911823	-0.087722226977348	-1.4434406757355	0.29558491706848	0.0039066523313522	-0.004056990146637	0.093323111534119	-0.1006131619215
0.097715385258198	-0.1304292678833	-0.095900937914848	-1.4436243772507	0.29552593827248	0.0039126127958298	-0.0061821341514587	0.09229838848114	-0.10058344900608
0.11648482829332	-0.1313358694315	-0.10321650654078	-1.4437437057495	0.29561242461205	0.0039176717400551	-0.0079324841499329	0.091442942619324	-0.10050421953201
0.12911200523376	-0.13211977481842	-0.10789981484413	-1.4438136816025	0.29564499855042	0.0039205402135849	-0.0090163946151733	0.090909481048584	-0.10045599937439
0.13351510465145	-0.13208718597889	-0.10956747084856	-1.4439631700516	0.29597130417824	0.0039218291640282	-0.0095477104187012	0.090652823448181	-0.1004511937499
0.13505035638809	-0.13221684098244	-0.11014044284821	-1.4441120624542	0.29646626114845	0.0039222240447998	-0.0097876191139221	0.090565800666809	-0.10042306035757
0.16668991744518	-0.13342337310314	-0.12004568427801	-1.4439889192581	0.29587045311928	0.0039283260703087	-0.01202255487442	0.089391231536865	-0.10043809562922
0.19691321253777	-0.13321191072464	-0.12892393767834	-1.4441639184952	0.29544553160667	0.0039341747760773	-0.014446973800659	0.088029980659485	-0.10044400393963
0.20745138823986	-0.13375088572502	-0.13198611140251	-1.4442844390869	0.29565826058388	0.0039361268281937	-0.015586137771606	0.087528467178345	-0.10038124769926
0.23068614304066	-0.13938057422638	-0.13771595060825	-1.4445326328278	0.29510581493378	0.0039366632699966	-0.01717746257782	0.087190389633179	-0.099930070340633
0.24538570642471	-0.14135728776455	-0.14108291268349	-1.4446176290512	0.29509356617928	0.0039377510547638	-0.018705010414124	0.086689591407776	-0.099832095205784
0.26381781697273	-0.14128242433071	-0.14508005976677	-1.4447668790817	0.2952573299408	0.0039404109120369	-0.020269572734833	0.08586323261261	-0.099808022379875
0.27024433016777	-0.14203111827374	-0.14645454287529	-1.4448329210281	0.29595187306404	0.0039408355951309	-0.021014451980591	0.085580229759216	-0.099706158041954
0.27248528599739	-0.14347265660763	-0.14693763852119	-1.4449232816696	0.2962284386158	0.0039407834410667	-0.021027147769928	0.0856773853302	-0.099572442471981
0.27326685190201	-0.14379912614822	-0.14698253571987	-1.4447704553604	0.29695504903793	0.0039406940340996	-0.021448850631714	0.085592031478882	-0.099596709012985
0.3142623603344	-0.14368507266045	-0.15392987430096	-1.4448693990707	0.29639711976051	0.0039448663592339	-0.024121344089508	0.084118485450745	-0.099590681493282
0.34930780529976	-0.1437873840332	-0.15905606746674	-1.4450744390488	0.29602059721947	0.0039477199316025	-0.026847541332245	0.082717061042786	-0.0995764285326
0.36152765154839	-0.14477841556072	-0.16078753769398	-1.4451872110367	0.2961154282093	0.0039482116699219	-0.027987539768219	0.082227468490601	-0.09948655962944
0.36578810214996	-0.14365164935589	-0.16147013008595	-1.4452279806137	0.29649525880814	0.0039490982890129	-0.028437316417694	0.081848621368408	-0.099538162350655
0.40230360627174	-0.14369703829288	-0.16499003767967	-1.445441365242	0.2957963347435	0.0039510354399681	-0.030875712633133	0.080591320991516	-0.099541261792183
0.41774696111679	-0.17139264941216	-0.19776457548141	-1.4449454545975	0.29523286223412	0.0039552748203278	-0.0320183634758	0.079383015632629	-0.098366633057594
0.42313206195831	-0.17529258131981	-0.20913630723953	-1.4443397521973	0.2945990562439	0.0039594322443008	-0.03223729133606	0.078397274017334	-0.098286896944046
0.32817226648331	-0.3010191321373	-0.3077204823494	-1.4434734582901	0.30461701750755	0.011261284351349	-0.025226235389709	0.082087159156799	-0.090901575982571
0.21336679160595	-0.38647028803825	-0.35363262891769	-1.4423062801361	0.31775891780853	0.015732601284981	-0.016126275062561	0.086979269981384	-0.086028747260571
0.12973889708519	-0.42788982391357	-0.36303254961967	-1.441218495369	0.32779470086098	0.017685450613499	-0.0091090500354767	0.090492486953735	-0.083587989211082
0.10057993978262	-0.44222179055214	-0.36630973219872	-1.4406744241714	0.33192026615143	0.018277287483215	-0.0065644979476929	0.091541171073914	-0.082730919122696
0.090412877500057	-0.44722443819046	-0.36745244264603	-1.4405026435852	0.33455085754395	0.018555320799351	-0.0056920647621155	0.091876983642578	-0.08242492377758
-0.099831454455853	-0.39899334311485	-0.21227437257767	-1.4409890174866	0.35721018910408	0.01741012558341	0.013008087873459	0.10391068458557	-0.083383813500404
-0.2133301794529	-0.31918662786484	-0.057785086333752	-1.4391911029816	0.37438553571701	0.014623463153839	0.026817679405212	0.11105406284332	-0.085941269993782
-0.27012684941292	-0.25459617376328	0.048278130590916	-1.4374564886093	0.38480144739151	0.012120194733143	0.034515023231506	0.1145247220993	-0.088326193392277
-0.28993088006973	-0.23207852244377	0.085259646177292	-1.4368032217026	0.38886868953705	0.011245403438807	0.037280708551407	0.11554598808289	-0.089129664003849
-0.29683634638786	-0.22407518327236	0.098154112696648	-1.4370465278625	0.39056006073952	0.010799825191498	0.038213461637497	0.11587154865265	-0.089421279728413
-0.32001948356628	-0.083779998123646	0.26257193088531	-1.4381291866302	0.39557594060898	0.0040033236145973	0.042101830244064	0.11850965023041	-0.096735343337059
-0.32810243964195	-0.047852210700512	0.31995737552643	-1.4396544694901	0.39803984761238	0.0040026716887951	0.042784780263901	0.12054741382599	-0.097759023308754
-0.32158708572388	-0.046994317322969	0.31938016414642	-1.440110206604	0.39901500940323	0.0040072277188301	0.04224881529808	0.12061750888824	-0.097871229052544
-0.31931534409523	-0.047570399940014	0.31922084093094	-1.4405056238174	0.4000658094883	0.0040080845355988	0.04190394282341	0.12076997756958	-0.09780153632164
-0.30559524893761	-0.059741921722889	0.29278466105461	-1.4405428171158	0.39984649419785	0.0040080733597279	0.040711283683777	0.11974334716797	-0.097725391387939
-0.30081164836884	-0.062982589006424	0.28339797258377	-1.440899848938	0.400310754776	0.0040075816214085	0.039672493934631	0.11940610408783	-0.097755715250969
-0.29914343357086	-0.065270684659481	0.28016883134842	-1.4413294792175	0.4007140994072	0.0040068477392197	0.039479196071625	0.11935198307037	-0.097632072865963
-0.29856169223785	-0.064604952931404	0.27894139289856	-1.4417918920517	0.40123805403709	0.0040066912770271	0.039198815822601	0.11922872066498	-0.097744926810265
-0.27787655591965	-0.081618331372738	0.2418497055769	-1.4413616657257	0.4004819393158	0.0040037073194981	0.036950945854187	0.11784422397614	-0.09754429012537
-0.27066439390182	-0.086166046559811	0.22864085435867	-1.4414395093918	0.40048286318779	0.0040020272135735	0.035552114248276	0.11728429794312	-0.097537957131863
-0.25739368796349	-0.091978773474693	0.2065666615963	-1.4416941404343	0.40019080042839	0.0039973743259907	0.033864051103592	0.11604952812195	-0.097778841853142
-0.2491021156311	-0.094320774078369	0.19301524758339	-1.4420864582062	0.40043470263481	0.0039947107434273	0.032013714313507	0.11528277397156	-0.097944527864456
-0.24621099233627	-0.085138835012913	0.188003718853	-1.4417366981506	0.39999833703041	0.0039905980229378	0.0314901471138	0.11397790908813	-0.099075488746166
-0.2452028542757	-0.079455316066742	0.18610279262066	-1.4414185285568	0.39963248372078	0.0039878413081169	0.031234622001648	0.11326062679291	-0.099657990038395
-0.22200360894203	-0.086720272898674	0.15333652496338	-1.441223025322	0.3985413312912	0.0039767399430275	0.028468400239944	0.11125159263611	-0.099976815283298
-0.21391478180885	-0.087940536439419	0.14170734584332	-1.4415277242661	0.39833524823189	0.003972340375185	0.026994198560715	0.1104519367218	-0.10015216469765
-0.19501231610775	-0.09447368234396	0.11790691316128	-1.4413493871689	0.39786839485168	0.0039623007178307	0.02464297413826	0.10910022258759	-0.10019040852785
-0.18011516332626	-0.098234504461288	0.10003320127726	-1.4415026903152	0.39764285087585	0.0039543062448502	0.022568672895432	0.10798847675323	-0.10029715299606
-0.17492136359215	-0.099615797400475	0.093760691583157	-1.4413952827454	0.39762821793556	0.003951121121645	0.021691083908081	0.10759162902832	-0.10027209669352
-0.17311003804207	-0.099066406488419	0.091437660157681	-1.4415919780731	0.39798164367676	0.0039492659270763	0.021258592605591	0.10733664035797	-0.1003342717886
-0.17247812449932	-0.09748987108469	0.090497143566608	-1.4419093132019	0.39866432547569	0.0039467252790928	0.020743012428284	0.10712969303131	-0.10045028477907
-0.15069600939751	-0.10470107197762	0.068128362298012	-1.4416222572327	0.39820867776871	0.0039368532598019	0.018850892782211	0.10588252544403	-0.10041163116693
-0.14310082793236	-0.1069367825985	0.060224957764149	-1.4415854215622	0.39806565642357	0.0039327181875706	0.017938286066055	0.10541832447052	-0.10039223730564
-0.14045286178589	-0.10751137882471	0.05741835013032	-1.4416146278381	0.39810186624527	0.0039309784770012	0.017530709505081	0.10522747039795	-0.10038432478905
-0.10736101865768	-0.10613249987364	0.027554636821151	-1.4409068822861	0.39742746949196	0.0046763867139816	0.013499468564987	0.10241591930389	-0.10101112723351
-0.095822870731354	-0.10799397528172	0.01740749925375	-1.4396226406097	0.39908701181412	0.0040560960769653	0.012460708618164	0.10166156291962	-0.10104847699404
-0.077283091843128	-0.10910792648792	0.0025545831304044	-1.4392095804214	0.39924961328506	0.0038886703550816	0.010440617799759	0.10040962696075	-0.10122466087341
-0.060891859233379	-0.11046727001667	-0.0095494342967868	-1.4390609264374	0.39908161759377	0.0038793832063675	0.0086972415447235	0.099429368972778	-0.10134924948215
-0.050138719379902	-0.11090689152479	-0.017256675288081	-1.4388517141342	0.39900436997414	0.0038726814091206	0.0075378119945526	0.098729610443115	-0.10140506178141
-0.046389482915401	-0.11082147806883	-0.019969075918198	-1.4387426376343	0.39905029535294	0.0038704015314579	0.0070713460445404	0.098453164100647	-0.10143531858921
-0.029665838927031	-0.11223322898149	-0.030652813613415	-1.4385313987732	0.39890593290329	0.0038642846047878	0.0054749548435211	0.097546100616455	-0.10147146880627
-0.018595185130835	-0.11274632811546	-0.037875033915043	-1.4384270906448	0.39893960952759	0.0038704723119736	0.0043463408946991	0.096877455711365	-0.10148756206036
-0.0094446325674653	-0.11340323835611	-0.043513473123312	-1.4383002519608	0.39883658289909	0.0038746371865273	0.0035442411899567	0.096374869346619	-0.10149635374546
-0.0062540778890252	-0.11356364935637	-0.04555381834507	-1.4382848739624	0.39912694692612	0.0038767494261265	0.0030689239501953	0.096165299415588	-0.10147176682949
0.016525704413652	-0.11534874886274	-0.058085512369871	-1.4379782676697	0.39884248375893	0.003886915743351	0.00096657872200012	0.095054864883423	-0.10148032009602
0.024468809366226	-0.11543454229832	-0.062448065727949	-1.4378101825714	0.39898332953453	0.0038899853825569	0.00016894936561584	0.09458065032959	-0.10150524228811
0.044018156826496	-0.12047613412142	-0.072166010737419	-1.4377408027649	0.39879193902016	0.0038968473672867	-0.0016098022460938	0.094015598297119	-0.10110504180193
0.06227207928896	-0.12505930662155	-0.080883979797363	-1.4378489255905	0.39891967177391	0.0039030462503433	-0.003059059381485	0.093503355979919	-0.1007914096117
0.074429832398891	-0.12753716111183	-0.086458049714565	-1.4380348920822	0.39907157421112	0.0039065778255463	-0.0041138827800751	0.093115448951721	-0.10064936429262
0.090402156114578	-0.12958279252052	-0.093157455325127	-1.438140630722	0.39890053868294	0.0039106607437134	-0.0054677128791809	0.092539072036743	-0.10056582093239
0.09597123414278	-0.12999349832535	-0.095537140965462	-1.4382421970367	0.3992774784565	0.0039125606417656	-0.0061816275119781	0.092256307601929	-0.10053312033415
0.097913339734077	-0.13050481677055	-0.096333101391792	-1.4382615089417	0.39976364374161	0.0039129182696342	-0.0064517855644226	0.092191338539124	-0.10048399120569
0.098590835928917	-0.13085234165192	-0.096609696745872	-1.4383188486099	0.4001512825489	0.003912977874279	-0.0064676105976105	0.092196464538574	-0.10045573115349
0.1414003521204	-0.13250385224819	-0.11155603080988	-1.4381704330444	0.39911863207817	0.003922738134861	-0.0097746253013611	0.090510010719299	-0.10050770640373
0.16259336471558	-0.13314740359783	-0.11879283934832	-1.43814432621	0.3992600440979	0.0039276629686356	-0.011873871088028	0.089504361152649	-0.10043755918741
0.18264868855476	-0.13357083499432	-0.12501484155655	-1.4381866455078	0.39910152554512	0.0039314478635788	-0.013393729925156	0.088650584220886	-0.10039673745632
0.1960384696722	-0.13389454782009	-0.12884064018726	-1.4381166696548	0.39917770028114	0.0039339512586594	-0.014696478843689	0.088050246238708	-0.10039971768856
0.20070677995682	-0.13365486264229	-0.13016273081303	-1.4380017518997	0.39960771799088	0.0039350092411041	-0.015298843383789	0.087756752967834	-0.10039991140366
0.22177425026894	-0.13860629498959	-0.1355889737606	-1.4382001161575	0.39951059222221	0.0039358660578728	-0.016650557518005	0.087424993515015	-0.099966004490852
0.24227797985077	-0.14152562618256	-0.14034998416901	-1.4382880926132	0.39930960536003	0.0039376616477966	-0.018299847841263	0.086882472038269	-0.099795818328857
0.24942733347416	-0.14329239726067	-0.1420156955719	-1.4383218288422	0.39934730529785	0.0039380863308907	-0.019111037254333	0.086686849594116	-0.09966329485178
0.27867385745049	-0.14384573698044	-0.14789764583111	-1.4384734630585	0.39884904026985	0.0039412304759026	-0.021305650472641	0.085578203201294	-0.099613219499588
0.29564434289932	-0.1447771936655	-0.15109449625015	-1.4386256933212	0.39887961745262	0.003942683339119	-0.022803127765656	0.084914684295654	-0.099524617195129
0.32206562161446	-0.14470167458057	-0.15533727407455	-1.4387292861938	0.39833888411522	0.0039451494812965	-0.024731278419495	0.083901047706604	-0.099546872079372
0.33816909790039	-0.14474627375603	-0.15770407021046	-1.4387274980545	0.39840289950371	0.0039464682340622	-0.026326596736908	0.08312451839447	-0.099533550441265
0.34378364682198	-0.14503075182438	-0.15857377648354	-1.4388105869293	0.39894387125969	0.0039467141032219	-0.026916235685349	0.082837462425232	-0.099458821117878
0.37355399131775	-0.1455110758543	-0.16187082231045	-1.4386074542999	0.39851173758507	0.0039483532309532	-0.028966128826141	0.081860661506653	-0.099485412240028
0.38393425941467	-0.14473332464695	-0.16322182118893	-1.4386882781982	0.39880546927452	0.0039495378732681	-0.029958695173264	0.081223249435425	-0.099483102560043
0.40863081812859	-0.14443118870258	-0.1656377017498	-1.4390088319778	0.39868113398552	0.0039510503411293	-0.031549721956253	0.080313086509705	-0.099458649754524
0.41995304822922	-0.16747047007084	-0.19916132092476	-1.4379322528839	0.3982352912426	0.0039582476019859	-0.03221070766449	0.078704953193665	-0.098521269857883
0.42390096187592	-0.17168964445591	-0.20989789068699	-1.437492609024	0.39762809872627	0.003961406648159	-0.032151341438293	0.077943682670593	-0.098444126546383
0.42527803778648	-0.17296089231968	-0.2137289494276	-1.4373630285263	0.39737847447395	0.0039627030491829	-0.032257825136185	0.077547192573547	-0.098329685628414
0.42575830221176	-0.17431522905827	-0.21518547832966	-1.4373472929001	0.39750471711159	0.0039628818631172	-0.032412648200989	0.077417612075806	-0.098164238035679
0.24739255011082	-0.34212550520897	-0.32136708498001	-1.4374783039093	0.41311720013618	0.012708142399788	-0.019073754549026	0.086021542549133	-0.088517218828201
0.098498404026031	-0.41731721162796	-0.33635774254799	-1.436478972435	0.42944246530533	0.017219007015228	-0.0065021812915802	0.092728734016418	-0.084000408649445
-0.032645616680384	-0.43016231060028	-0.28537210822105	-1.4354708194733	0.44598945975304	0.018773421645164	0.0059184432029724	0.099322915077209	-0.082478038966656
-0.11265449225903	-0.41691535711288	-0.2284617125988	-1.4345668554306	0.45723018050194	0.018712490797043	0.014419049024582	0.10346806049347	-0.082375571131706
-0.19637832045555	-0.3589094877243	-0.11486349999905	-1.4342457056046	0.46971461176872	0.016486514359713	0.024390071630478	0.10893154144287	-0.084213860332966
-0.22557084262371	-0.33843982219696	-0.075254432857037	-1.4336508512497	0.47476631402969	0.015670269727707	0.028112798929214	0.11051750183105	-0.0848188996315
-0.235749989748	-0.33125498890877	-0.061443604528904	-1.4336004257202	0.47663426399231	0.015366956591606	0.029400199651718	0.11103212833405	-0.085025325417519
-0.30040740966797	-0.18223857879639	0.14668326079845	-1.433534860611	0.48842519521713	0.0085967518389225	0.03895029425621	0.11689102649689	-0.091600365936756
-0.3273204267025	-0.06017842143774	0.29319259524345	-1.4325867891312	0.49473589658737	0.0039905309677124	0.042918294668198	0.11892306804657	-0.097617119550705
-0.33369266986847	-0.027893299236894	0.33701995015144	-1.4325444698334	0.49724689126015	0.0039888508617878	0.044267266988754	0.11974155902863	-0.098974533379078
-0.32979252934456	-0.026324374601245	0.33858007192612	-1.4326751232147	0.49823698401451	0.0039991773664951	0.044146180152893	0.11989200115204	-0.099173650145531
-0.3284325003624	-0.026701103895903	0.33927166461945	-1.4328128099442	0.49898147583008	0.0040032118558884	0.044101715087891	0.12006616592407	-0.099159762263298
-0.31852278113365	-0.04378717020154	0.31932511925697	-1.4332686662674	0.49894288182259	0.0040037073194981	0.043167412281036	0.12010538578033	-0.098231047391891
-0.30860409140587	-0.053032618016005	0.29899814724922	-1.4334403276443	0.49910777807236	0.0040055215358734	0.041368871927261	0.11952185630798	-0.098142363131046
-0.29518160223961	-0.064391054213047	0.27278795838356	-1.4336912631989	0.49856603145599	0.0040039047598839	0.03934121131897	0.11859178543091	-0.098046362400055
-0.2905016541481	-0.067018203437328	0.26334744691849	-1.4336003065109	0.49949407577515	0.004001010209322	0.038290292024612	0.11812543869019	-0.098055362701416
-0.28886964917183	-0.069387368857861	0.26017263531685	-1.4336725473404	0.50013196468353	0.0040017664432526	0.038160353899002	0.11807215213776	-0.097930170595646
-0.28830060362816	-0.071768529713154	0.25930437445641	-1.433748960495	0.49996939301491	0.0040036626160145	0.038191437721252	0.11824953556061	-0.097782865166664
-0.28810223937035	-0.071872971951962	0.25886842608452	-1.4335914850235	0.500821352005	0.0040035881102085	0.037941455841064	0.11825704574585	-0.097755618393421
-0.25610455870628	-0.093128621578217	0.20622433722019	-1.433650970459	0.49865251779556	0.003998652100563	0.034196496009827	0.11608862876892	-0.097684934735298
-0.24120216071606	-0.08922066539526	0.18175680935383	-1.4336712360382	0.4972075521946	0.0039916411042213	0.0313880443573	0.11385953426361	-0.098972365260124
-0.2283910959959	-0.087925456464291	0.16226746141911	-1.4334878921509	0.49641382694244	0.0039831735193729	0.029093712568283	0.11217617988586	-0.099620826542377
-0.21614222228527	-0.090225070714951	0.14510014653206	-1.4331682920456	0.49577090144157	0.0039763674139977	0.027231693267822	0.11099684238434	-0.099866852164268
-0.21187098324299	-0.089944772422314	0.13890872895718	-1.4330377578735	0.49575424194336	0.0039727613329887	0.026525408029556	0.11043512821198	-0.10000866651535
-0.1901690363884	-0.09640683978796	0.11221621185541	-1.4326317310333	0.4951485991478	0.0039603486657143	0.023727208375931	0.10884892940521	-0.10012750327587
-0.1826016753912	-0.096974968910217	0.10257561504841	-1.4328178167343	0.49562269449234	0.0039552636444569	0.022714108228683	0.10805940628052	-0.10026732087135
-0.1715674251318	-0.1007181853056	0.09009412676096	-1.4325978755951	0.49543911218643	0.0039498768746853	0.021374642848969	0.10738110542297	-0.10026417672634
-0.15914192795753	-0.10442371666431	0.076727576553822	-1.4324545860291	0.49494177103043	0.0039431676268578	0.020049005746841	0.10659527778625	-0.10027422010899
-0.14159424602985	-0.10715449601412	0.058884367346764	-1.4321784973145	0.49495559930801	0.0039310939610004	0.017712146043777	0.10532176494598	-0.10038243979216
-0.13097654283047	-0.10828402638435	0.048328764736652	-1.4323582649231	0.49537813663483	0.0039243139326572	0.016478717327118	0.10448527336121	-0.10046516358852
-0.11813197284937	-0.11058511584997	0.036550052464008	-1.4322645664215	0.49562281370163	0.0039167962968349	0.014871776103973	0.10368430614471	-0.10051214694977
-0.10431883484125	-0.11279304325581	0.024563748389482	-1.4319950342178	0.49593326449394	0.0039083398878574	0.013193249702454	0.10282921791077	-0.10054034739733
-0.094762124121189	-0.10835595428944	0.016294067725539	-1.4314194917679	0.49630361795425	0.0039001367986202	0.012045204639435	0.10161828994751	-0.10110127925873
-0.081801250576973	-0.10902523249388	0.00602953042835	-1.4310790300369	0.49618262052536	0.0038921274244785	0.010726511478424	0.10074234008789	-0.1012109965086
-0.077282048761845	-0.10830771923065	0.0023443424142897	-1.4307556152344	0.49631655216217	0.0038887411355972	0.010115921497345	0.10031974315643	-0.10130064189434
-0.065879821777344	-0.10918018966913	-0.0061888191848993	-1.4304012060165	0.49626356363297	0.0038817971944809	0.0091277360916138	0.09959888458252	-0.10136976838112
-0.056916363537312	-0.11014690250158	-0.012625724077225	-1.4302798509598	0.496128231287	0.003876905888319	0.0082840919494629	0.099094152450562	-0.10140357911587
-0.043664339929819	-0.1113146841526	-0.021881172433496	-1.4301319122314	0.49556827545166	0.0038698203861713	0.0071150660514832	0.098333597183228	-0.10144364088774
-0.028715677559376	-0.11120011657476	-0.031618148088455	-1.4298657178879	0.49524438381195	0.0038642175495625	0.0055185556411743	0.097355365753174	-0.10156349092722
-0.018263870850205	-0.1114793419838	-0.03793690353632	-1.4299200773239	0.49567428231239	0.0038717277348042	0.0040571093559265	0.096696138381958	-0.10153613239527
-0.0039880350232124	-0.11360392719507	-0.046698521822691	-1.4298725128174	0.49590313434601	0.0038783624768257	0.0027615427970886	0.096031665802002	-0.10144644975662
0.00098956027068198	-0.11429835855961	-0.049730934202671	-1.4297761917114	0.49610215425491	0.0038802474737167	0.0022361874580383	0.095793008804321	-0.10143379122019
0.019051453098655	-0.116096355021	-0.05948393419385	-1.4294378757477	0.49617451429367	0.003887876868248	0.00055783987045288	0.094959855079651	-0.10141767561436
0.025349151343107	-0.11720549315214	-0.062025524675846	-1.4295822381973	0.4972340464592	0.0038876757025719	0.00036007165908813	0.094825387001038	-0.10152789950371
0.050018932670355	-0.12106184661388	-0.074931085109711	-1.4293447732925	0.49641618132591	0.0038990080356598	-0.0018762350082397	0.093802094459534	-0.10110278427601
0.070157095789909	-0.1260883808136	-0.084275379776955	-1.4295333623886	0.49650377035141	0.0039049535989761	-0.0038002729415894	0.093227982521057	-0.10077895969152
0.077178664505482	-0.12840333580971	-0.087577499449253	-1.4297810792923	0.4968296289444	0.0039068609476089	-0.0045977234840393	0.093046307563782	-0.10059792548418
0.10328884422779	-0.13068562746048	-0.098045065999031	-1.4299223423004	0.4965056180954	0.0039137080311775	-0.0065352916717529	0.092065095901489	-0.10054489970207
0.11239220947027	-0.13126747310162	-0.10179255157709	-1.4301238059998	0.49694207310677	0.0039165690541267	-0.0078563690185547	0.091570854187012	-0.10048072785139
0.13999131321907	-0.13317243754864	-0.11140821874142	-1.4299983978271	0.49656921625137	0.0039222687482834	-0.0097758173942566	0.090575814247131	-0.10041915625334
0.16210232675076	-0.13397155702114	-0.11872044205666	-1.4300479888916	0.49602782726288	0.0039266347885132	-0.011429488658905	0.089685320854187	-0.10040697455406
0.18247771263123	-0.13376282155514	-0.12484607845545	-1.4298977851868	0.49608677625656	0.0039311647415161	-0.013662815093994	0.088651061058044	-0.10045372694731
0.20241767168045	-0.13328447937965	-0.1305388957262	-1.429941534996	0.49635675549507	0.0039354637265205	-0.015275597572327	0.087686061859131	-0.10041408240795
0.22237102687359	-0.13378097116947	-0.13569936156273	-1.4299957752228	0.4965096116066	0.0039385855197906	-0.016831755638123	0.086885571479797	-0.1003720164299
0.23588852584362	-0.13872648775578	-0.13909804821014	-1.430365562439	0.49664461612701	0.003938153386116	-0.017787158489227	0.086819291114807	-0.099937237799168
0.25383493304253	-0.14196483790874	-0.14292165637016	-1.4304195642471	0.49652400612831	0.0039392113685608	-0.019376933574677	0.086401104927063	-0.099768474698067
0.2667641043663	-0.14405055344105	-0.14550450444221	-1.4302921295166	0.4965814948082	0.0039398372173309	-0.020615756511688	0.086033701896667	-0.099625632166862
0.28471925854683	-0.14386470615864	-0.14906588196754	-1.4303941726685	0.49665626883507	0.0039419084787369	-0.022024989128113	0.085246324539185	-0.099602438509464
0.29775261878967	-0.14445029199123	-0.15148301422596	-1.4305270910263	0.49700075387955	0.0039430931210518	-0.02311909198761	0.084733366966248	-0.099524423480034
0.31593641638756	-0.14469726383686	-0.15450072288513	-1.4306343793869	0.49675965309143	0.0039446949958801	-0.024294257164001	0.084108710289001	-0.099517598748207
0.33603182435036	-0.14461188018322	-0.15754224359989	-1.4307869672775	0.49629971385002	0.003946416079998	-0.025714576244354	0.083342552185059	-0.099529318511486
0.34303870797157	-0.1450343132019	-0.1585426479578	-1.430900812149	0.49634900689125	0.0039467886090279	-0.026512920856476	0.083006381988525	-0.099497109651566
0.37329408526421	-0.14550444483757	-0.16199995577335	-1.4307737350464	0.49534365534782	0.0039483606815338	-0.028477966785431	0.082052826881409	-0.099506594240665
0.39085105061531	-0.14528411626816	-0.1639559417963	-1.4307652711868	0.4946274459362	0.0039495304226875	-0.029864847660065	0.081298470497131	-0.09951151907444
0.41810178756714	-0.14372400939465	-0.16597865521908	-1.4303388595581	0.49518766999245	0.0039511993527412	-0.032747089862823	0.079735994338989	-0.099670901894569
0.42760321497917	-0.14487339556217	-0.16676785051823	-1.4301518201828	0.49689283967018	0.0039511173963547	-0.033885598182678	0.079213619232178	-0.099416360259056
0.39265710115433	-0.23171277344227	-0.25462472438812	-1.4283958673477	0.5005174279213	0.0076599940657616	-0.030217289924622	0.079622507095337	-0.094760939478874
0.38047227263451	-0.26198974251747	-0.28525900840759	-1.4279916286469	0.50155735015869	0.0088572949171066	-0.029036343097687	0.07957124710083	-0.093089647591114
0.37622311711311	-0.27243971824646	-0.2959406375885	-1.4279302358627	0.50218558311462	0.0089177563786507	-0.028634190559387	0.079518795013428	-0.092506371438503
0.18652340769768	-0.38830658793449	-0.34291663765907	-1.428063750267	0.52123630046844	0.015653967857361	-0.014131426811218	0.088665843009949	-0.085850395262241
0.036127988249063	-0.43053698539734	-0.31978321075439	-1.4266171455383	0.5390836596489	0.018209233880043	-0.00076645612716675	0.09585165977478	-0.082957282662392
-0.088674955070019	-0.41713201999664	-0.2404603511095	-1.4255979061127	0.55489909648895	0.018416989594698	0.011813104152679	0.10254502296448	-0.082604706287384
-0.16227512061596	-0.38831353187561	-0.16799482703209	-1.4245223999023	0.56520295143127	0.017547186464071	0.020181477069855	0.10660934448242	-0.08320689201355
-0.23510268330574	-0.31528380513191	-0.042347207665443	-1.4243011474609	0.57679712772369	0.014515437185764	0.029482424259186	0.11167049407959	-0.085826627910137
-0.29089599847794	-0.21531623601913	0.10487054288387	-1.4235541820526	0.58778440952301	0.010541528463364	0.037514626979828	0.11601150035858	-0.089990094304085
-0.31034982204437	-0.18019998073578	0.15620218217373	-1.4227129220963	0.59214735031128	0.0089036114513874	0.04042512178421	0.11721312999725	-0.091452524065971
-0.3307871222496	-0.064003698527813	0.29698151350021	-1.4237877130508	0.59642171859741	0.004002396017313	0.043423175811768	0.11961376667023	-0.097177967429161
-0.33791297674179	-0.035269755870104	0.34654024243355	-1.4252361059189	0.59854662418365	0.0040012709796429	0.044399499893188	0.12146294116974	-0.097879484295845
-0.33126398921013	-0.038670808076859	0.34265807271004	-1.4258636236191	0.59946566820145	0.0040061995387077	0.044077515602112	0.12158191204071	-0.097741514444351
-0.32268959283829	-0.047160506248474	0.32759544253349	-1.4260685443878	0.59983509778976	0.004009198397398	0.043122887611389	0.12126851081848	-0.097560599446297
-0.31330659985542	-0.055419716984034	0.30885580182076	-1.4260954856873	0.6000040769577	0.0040091313421726	0.041773438453674	0.1206306219101	-0.097515121102333
-0.30350005626678	-0.06301798671484	0.289136916399	-1.426374912262	0.60028159618378	0.0040079541504383	0.040465533733368	0.11978220939636	-0.097538709640503
-0.30008047819138	-0.066465735435486	0.28235012292862	-1.4265152215958	0.60028046369553	0.0040075071156025	0.039980292320251	0.11960589885712	-0.097501836717129
-0.29888820648193	-0.066820248961449	0.27978280186653	-1.4270387887955	0.60107028484344	0.0040070191025734	0.039422512054443	0.11948370933533	-0.097485758364201
-0.29847195744514	-0.067564643919468	0.27897617220879	-1.427326798439	0.60161924362183	0.0040077306330204	0.039317309856415	0.11949753761292	-0.097435779869556
-0.27429974079132	-0.085950642824173	0.23615053296089	-1.4272122383118	0.59949159622192	0.0040044113993645	0.036692023277283	0.11779737472534	-0.097349666059017
-0.26587131619453	-0.089535415172577	0.22076767683029	-1.4271997213364	0.59966379404068	0.0040017142891884	0.035009622573853	0.11697268486023	-0.097499445080757
-0.26293203234673	-0.084599256515503	0.21484203636646	-1.4273331165314	0.60075789690018	0.0039961449801922	0.033989250659943	0.11605358123779	-0.098115503787994
-0.26190736889839	-0.084007240831852	0.21286077797413	-1.427280664444	0.60239368677139	0.0039964877068996	0.033487260341644	0.11587429046631	-0.098179347813129
-0.26154956221581	-0.085432611405849	0.21220888197422	-1.4273772239685	0.60371851921082	0.0039956420660019	0.033727824687958	0.11588430404663	-0.098033271729946
-0.2237481623888	-0.10695966333151	0.15819734334946	-1.4272220134735	0.60167968273163	0.0039855986833572	0.029690444469452	0.11355602741241	-0.097873009741306
-0.20252710580826	-0.10343591868877	0.12883532047272	-1.4270433187485	0.59962916374207	0.0039735585451126	0.026336550712585	0.11091303825378	-0.099236525595188
-0.19512751698494	-0.099329046905041	0.11834692955017	-1.4268500804901	0.5988147854805	0.0039664953947067	0.024737536907196	0.10966098308563	-0.099819682538509
-0.18015564978123	-0.10163985937834	0.10039441287518	-1.4265629053116	0.5977378487587	0.0039572343230247	0.022763609886169	0.10836803913116	-0.10003586113453
-0.16644833981991	-0.10357887297869	0.084851637482643	-1.4263043403625	0.59743750095367	0.0039486959576607	0.020631849765778	0.1072690486908	-0.10019688308239
-0.16166903078556	-0.10344433784485	0.079313717782497	-1.4261531829834	0.59756153821945	0.0039446577429771	0.019903719425201	0.1067568063736	-0.1002733707428
-0.14247536659241	-0.10775768756866	0.059803336858749	-1.4259977340698	0.59682953357697	0.0039312019944191	0.018283843994141	0.1054025888443	-0.10028747469187
-0.12673623859882	-0.10882165282965	0.044454362243414	-1.4265025854111	0.59698915481567	0.0039214491844177	0.016264259815216	0.10418581962585	-0.10053534805775
-0.11201103031635	-0.10858956724405	0.031166784465313	-1.4265706539154	0.5967590212822	0.0039136037230492	0.014247238636017	0.10302817821503	-0.1008744686842
-0.10687589645386	-0.1063529253006	0.026446398347616	-1.4262624979019	0.59671193361282	0.0039081461727619	0.013571202754974	0.10235118865967	-0.10110086202621
-0.095653735101223	-0.10606598109007	0.016978481784463	-1.4260108470917	0.59664344787598	0.0039004571735859	0.012199878692627	0.10146105289459	-0.1012759655714
-0.082112222909927	-0.10744228959084	0.0062949992716312	-1.4258620738983	0.59640896320343	0.0038928687572479	0.010882973670959	0.10061359405518	-0.10135977715254
-0.077390484511852	-0.10671392083168	0.0023795983288437	-1.4258009195328	0.59646761417389	0.0038887523114681	0.010239899158478	0.10015976428986	-0.10143826156855
-0.060929361730814	-0.1086093261838	-0.0098931007087231	-1.4256414175034	0.5957196354866	0.0038788691163063	0.0089215040206909	0.099194169044495	-0.10146574676037
-0.045062985271215	-0.10986593365669	-0.020949643105268	-1.4256510734558	0.59541338682175	0.00386893004179	0.0070608854293823	0.098262906074524	-0.10151147097349
-0.039531011134386	-0.11009739339352	-0.024756627157331	-1.4257705211639	0.59554201364517	0.0038653053343296	0.0063304305076599	0.097899675369263	-0.10152298957109
-0.022034578025341	-0.11189572513103	-0.035756595432758	-1.4256072044373	0.59529775381088	0.0038679242134094	0.004877507686615	0.097007155418396	-0.10154603421688
-0.0053024957887828	-0.11257553100586	-0.046049937605858	-1.4256590604782	0.59513777494431	0.0038774274289608	0.0030173063278198	0.096019864082336	-0.10155013948679
0.00053080241195858	-0.11322791129351	-0.049206450581551	-1.4257078170776	0.59594285488129	0.0038807019591331	0.0023934841156006	0.095723509788513	-0.10154617577791
0.013399021700025	-0.11429376900196	-0.056518360972404	-1.4256863594055	0.59578984975815	0.0038853958249092	0.0013745427131653	0.095102667808533	-0.10154061764479
0.02892136014998	-0.1154493689537	-0.064834885299206	-1.4256167411804	0.59531611204147	0.0038915202021599	3.7968158721924e-05	0.094357371330261	-0.10152743756771
0.03992735594511	-0.11785460263491	-0.070502772927284	-1.4256398677826	0.59490525722504	0.0038957223296165	-0.00088667869567871	0.093995332717896	-0.10137870162725
0.055102434009314	-0.12063817679882	-0.077646069228649	-1.4256372451782	0.59421730041504	0.0039005279541016	-0.0020679831504822	0.093502402305603	-0.10124445706606
0.071929529309273	-0.12464074790478	-0.08539080619812	-1.4258756637573	0.594546854496	0.0039059817790985	-0.003957211971283	0.092943668365479	-0.10087901353836
0.083639360964298	-0.12737262248993	-0.090529762208462	-1.4261734485626	0.59536933898926	0.0039095506072044	-0.0052433609962463	0.09256911277771	-0.10065100342035
0.099553093314171	-0.12964813411236	-0.0969308167696	-1.4263205528259	0.59564626216888	0.0039137154817581	-0.0065062642097473	0.092041730880737	-0.10054096579552
0.10510201007128	-0.13046883046627	-0.099238499999046	-1.4265669584274	0.59605580568314	0.0039149448275566	-0.0069765448570251	0.091835618019104	-0.10048066824675
0.13127295672894	-0.13227981328964	-0.10867781937122	-1.4267101287842	0.59534639120102	0.0039205476641655	-0.0087446570396423	0.090894937515259	-0.10044837743044
0.15279622375965	-0.13264882564545	-0.11590784043074	-1.426787853241	0.59540051221848	0.0039257705211639	-0.011006414890289	0.089880228042603	-0.10047812014818
0.16030064225197	-0.13263984024525	-0.11846263706684	-1.4268790483475	0.59588468074799	0.0039277002215385	-0.011838018894196	0.089464664459229	-0.10042959451675
0.1629174053669	-0.13245585560799	-0.11938217282295	-1.426974773407	0.5964492559433	0.0039284750819206	-0.012122273445129	0.089292526245117	-0.10042007267475
0.1638296097517	-0.1326157450676	-0.11970315873623	-1.4270758628845	0.59696227312088	0.0039285644888878	-0.012172639369965	0.089265108108521	-0.10040024667978
0.16414764523506	-0.13283593952656	-0.11978855729103	-1.4271410703659	0.59737253189087	0.0039285346865654	-0.012170612812042	0.08928370475769	-0.10039369761944
0.16425816714764	-0.1373847424984	-0.12006197869778	-1.4277250766754	0.59777408838272	0.0039260759949684	-0.011880874633789	0.089742541313171	-0.099948868155479
0.16429702937603	-0.1391613483429	-0.11992572247982	-1.4279720783234	0.59882962703705	0.0039249509572983	-0.012444019317627	0.089842915534973	-0.099875375628471
0.16431093215942	-0.14099703729153	-0.1199349835515	-1.4282908439636	0.59997719526291	0.0039243549108505	-0.01248574256897	0.089998483657837	-0.09966579079628
0.16431544721127	-0.14203174412251	-0.11990943551064	-1.4285895824432	0.60129880905151	0.0039239302277565	-0.012630760669708	0.090077519416809	-0.099589407444
0.26257520914078	-0.14577037096024	-0.14211203157902	-1.4283194541931	0.59832364320755	0.0039361491799355	-0.019059598445892	0.087081909179688	-0.09960076212883
0.2968362569809	-0.14625653624535	-0.15005964040756	-1.4282287359238	0.59688711166382	0.0039409771561623	-0.022127747535706	0.085481524467468	-0.099583625793457
0.30878236889839	-0.14597451686859	-0.15288789570332	-1.4282376766205	0.59640520811081	0.0039431005716324	-0.023436844348907	0.08473002910614	-0.099552027881145
0.35436251759529	-0.14440149068832	-0.15934358537197	-1.4282833337784	0.59515398740768	0.0039475038647652	-0.027048051357269	0.082733750343323	-0.099636949598789
0.37025538086891	-0.14486943185329	-0.1616089195013	-1.4283529520035	0.59524101018906	0.0039484947919846	-0.02869176864624	0.081912636756897	-0.099519059062004
0.37579679489136	-0.1450629234314	-0.16237176954746	-1.4283868074417	0.59530663490295	0.0039489045739174	-0.02914971113205	0.081670641899109	-0.099477022886276
0.40850454568863	-0.17369984090328	-0.19725385308266	-1.427992939949	0.59471637010574	0.003954142332077	-0.031473636627197	0.079830169677734	-0.097999513149261
0.4199096262455	-0.17390125989914	-0.20930676162243	-1.4271508455276	0.59434354305267	0.0039602592587471	-0.03179806470871	0.078373312950134	-0.098275415599346
0.42388591170311	-0.173509567976	-0.2135484367609	-1.4270129203796	0.59417635202408	0.0039624124765396	-0.032135367393494	0.077677130699158	-0.098304033279419
0.32843512296677	-0.30026498436928	-0.30925840139389	-1.427174448967	0.60302460193634	0.010823778808117	-0.025155127048492	0.081864476203918	-0.090937472879887
0.29515329003334	-0.34446895122528	-0.34263047575951	-1.4267897605896	0.60708373785019	0.012967422604561	-0.022460699081421	0.082996249198914	-0.088448852300644
0.28354853391647	-0.35974723100662	-0.35426622629166	-1.4266793727875	0.60861891508102	0.013457164168358	-0.021546006202698	0.083317637443542	-0.087600886821747
0.031877804547548	-0.41009384393692	-0.29161575436592	-1.4282914400101	0.63506639003754	0.017154544591904	-0.0005950927734375	0.097186923027039	-0.083956874907017
-0.055874824523926	-0.42743340134621	-0.26977056264877	-1.4259411096573	0.6476486325264	0.018277984112501	0.008360743522644	0.10060322284698	-0.08241231739521
-0.17658075690269	-0.36257392168045	-0.12926691770554	-1.425207734108	0.66414749622345	0.016097836196423	0.022027492523193	0.10822451114655	-0.084299616515636
-0.21866816282272	-0.33956131339073	-0.080276399850845	-1.4239864349365	0.67062699794769	0.015310388058424	0.027277052402496	0.11029386520386	-0.084874019026756
-0.23334254324436	-0.33151704072952	-0.063194625079632	-1.4235410690308	0.6737015247345	0.015176318585873	0.029088020324707	0.1109504699707	-0.085058622062206
-0.30508595705032	-0.14502066373825	0.19009560346603	-1.4233015775681	0.68874090909958	0.0071758292615414	0.039782762527466	0.11766362190247	-0.093535125255585
-0.33010065555573	-0.079094968736172	0.27835017442703	-1.422421336174	0.69486546516418	0.0040036663413048	0.043305516242981	0.11927592754364	-0.096610575914383
-0.3388229906559	-0.058201134204865	0.3087862432003	-1.4231355190277	0.6959987282753	0.0040035545825958	0.044144928455353	0.11996757984161	-0.097327910363674
-0.34186467528343	-0.051510561257601	0.31946989893913	-1.4241211414337	0.69690692424774	0.0040040500462055	0.044947922229767	0.12013506889343	-0.097548849880695
-0.3429249227047	-0.050008464604616	0.32332372665405	-1.4246777296066	0.69762921333313	0.004006665199995	0.045187890529633	0.12032449245453	-0.097573004662991
-0.3432948589325	-0.060661755502224	0.32528707385063	-1.425384759903	0.69830471277237	0.0040049478411674	0.045661330223083	0.12145638465881	-0.096353948116302
-0.31063544750214	-0.066120982170105	0.28866249322891	-1.4254664182663	0.69733512401581	0.0040082186460495	0.041414618492126	0.11976897716522	-0.097354903817177
-0.29924768209457	-0.065560966730118	0.27530336380005	-1.4258315563202	0.6979478597641	0.0040046647191048	0.039016783237457	0.11897730827332	-0.097777605056763
-0.29527676105499	-0.06741826236248	0.27079394459724	-1.4261175394058	0.6983984708786	0.0040055327117443	0.038481175899506	0.11883854866028	-0.097722843289375
-0.26959991455078	-0.08444108068943	0.22717460989952	-1.4260218143463	0.69721180200577	0.0040015354752541	0.035586655139923	0.11697959899902	-0.097796440124512
-0.25702235102654	-0.090581052005291	0.20587919652462	-1.4262634515762	0.69803667068481	0.0039974264800549	0.032941341400146	0.11600744724274	-0.097856760025024
-0.25263714790344	-0.086274273693562	0.19827741384506	-1.4260983467102	0.69797253608704	0.0039949975907803	0.032380878925323	0.11492431163788	-0.098578795790672
-0.25110793113708	-0.079506270587444	0.19542859494686	-1.4256110191345	0.69726067781448	0.0039917938411236	0.032217681407928	0.11401319503784	-0.099367670714855
-0.2318452745676	-0.084442906081676	0.16690634191036	-1.4252973794937	0.69607824087143	0.0039823614060879	0.029775977134705	0.11214518547058	-0.099783316254616
-0.21734604239464	-0.089081346988678	0.14662034809589	-1.4250575304031	0.695292532444	0.0039754100143909	0.027770817279816	0.11094534397125	-0.099937163293362
-0.20433646440506	-0.093649633228779	0.12947510182858	-1.4248274564743	0.69443547725677	0.0039690509438515	0.026092767715454	0.1099705696106	-0.099992908537388
-0.19575871527195	-0.09536238014698	0.11838407814503	-1.4247200489044	0.6941003203392	0.0039628148078918	0.024892687797546	0.10918998718262	-0.10007563978434
-0.19276720285416	-0.095114320516586	0.11442251503468	-1.4250193834305	0.69425934553146	0.0039611235260963	0.024252951145172	0.10885679721832	-0.10018239170313
-0.17511232197285	-0.099955983459949	0.094267994165421	-1.4245594739914	0.6941910982132	0.0039523467421532	0.021441221237183	0.10772740840912	-0.10025815665722
-0.16037783026695	-0.102818146348	0.078059814870358	-1.4244655370712	0.6942463517189	0.0039428547024727	0.019909620285034	0.10655868053436	-0.10033713281155
-0.15524013340473	-0.10348872840405	0.07235923409462	-1.4244101047516	0.69473588466644	0.0039393380284309	0.019055366516113	0.10614478588104	-0.10038512200117
-0.14468558132648	-0.10570855438709	0.061634745448828	-1.4242835044861	0.69500857591629	0.0039328560233116	0.017853021621704	0.10542225837708	-0.1004201322794
-0.13655342161655	-0.107117369771	0.0536137111485	-1.424215555191	0.69543647766113	0.0039281137287617	0.01679527759552	0.10486960411072	-0.1004676297307
-0.13371789455414	-0.10762366652489	0.050818078219891	-1.4240970611572	0.69597375392914	0.0039264149963856	0.016414225101471	0.10466992855072	-0.10046577453613
-0.13272900879383	-0.10811667144299	0.049865633249283	-1.424019575119	0.69650250673294	0.0039256662130356	0.016317665576935	0.10463809967041	-0.100451849401
-0.099878430366516	-0.11534851789474	0.021703397855163	-1.4237002134323	0.69516831636429	0.0039057433605194	0.013613641262054	0.10281848907471	-0.10044895857573
-0.078697197139263	-0.11226638406515	0.0040452214889228	-1.4239019155502	0.69493752717972	0.0038900226354599	0.010676443576813	0.10089445114136	-0.10097743570805
-0.071311645209789	-0.11041463911533	-0.0021169644314796	-1.4241043329239	0.6952908039093	0.0038841739296913	0.0097255110740662	0.10010981559753	-0.10118768364191
-0.068736463785172	-0.10930016636848	-0.0042388336732984	-1.4242123365402	0.69556564092636	0.0038824677467346	0.0094025731086731	0.099791407585144	-0.10130117833614
-0.037457562983036	-0.11142191290855	-0.025599298998713	-1.4241333007812	0.69485121965408	0.0038637407124043	0.0064197182655334	0.097960948944092	-0.10142943263054
-0.021311715245247	-0.11214488744736	-0.036214768886566	-1.4242438077927	0.69482284784317	0.0038695596158504	0.004690945148468	0.096975803375244	-0.10149400681257
-0.015681875869632	-0.11235029250383	-0.040043525397778	-1.4244495630264	0.69536489248276	0.0038729012012482	0.0038899183273315	0.096584796905518	-0.10146477818489
-0.013718935661018	-0.11259514838457	-0.041299607604742	-1.4246196746826	0.69583356380463	0.0038736835122108	0.0037088394165039	0.096482753753662	-0.10145869851112
-0.013034648261964	-0.11264766007662	-0.041702132672071	-1.4247055053711	0.69620662927628	0.003873985260725	0.0036430358886719	0.096449851989746	-0.10146670043468
-0.012796307913959	-0.1156697794795	-0.041691239923239	-1.4250118732452	0.69689279794693	0.0042598880827427	0.0038765072822571	0.096758842468262	-0.10122788697481
0.054097153246403	-0.12242057919502	-0.075149938464165	-1.4246881008148	0.69429564476013	0.003898486495018	-0.0022742748260498	0.093920230865479	-0.10101457685232
0.077421188354492	-0.1258707344532	-0.086982704699039	-1.4249736070633	0.69475555419922	0.0039072036743164	-0.0048847198486328	0.092816948890686	-0.10074131935835
0.085553772747517	-0.12703083455563	-0.091141492128372	-1.4251580238342	0.69555997848511	0.0039102435112	-0.0059126615524292	0.092379331588745	-0.10062852501869
0.088389493525028	-0.12797316908836	-0.092564821243286	-1.4253593683243	0.69618451595306	0.0039109662175179	-0.006084144115448	0.092307209968567	-0.10055743902922
0.13784338533878	-0.13311779499054	-0.11000440269709	-1.4253530502319	0.69509708881378	0.0039212480187416	-0.0091477036476135	0.090831995010376	-0.1004481986165
0.16766431927681	-0.13377706706524	-0.12005390971899	-1.4254044294357	0.69468456506729	0.0039279982447624	-0.012083828449249	0.089434027671814	-0.10046181082726
0.17806242406368	-0.13357977569103	-0.12364953011274	-1.425367474556	0.69490814208984	0.0039308369159698	-0.013376295566559	0.088780641555786	-0.10039842873812
0.18168786168098	-0.13328291475773	-0.12489243596792	-1.4252688884735	0.69510507583618	0.0039317458868027	-0.013725459575653	0.088546395301819	-0.10039165616035
0.20862241089344	-0.13490881025791	-0.13196910917759	-1.4251440763474	0.6944146156311	0.0039354860782623	-0.015302538871765	0.087746024131775	-0.10036636143923
0.23109345138073	-0.13948990404606	-0.13783268630505	-1.4260971546173	0.69373780488968	0.0039365738630295	-0.016894578933716	0.08726954460144	-0.099951028823853
0.24552714824677	-0.14289338886738	-0.1413032412529	-1.4269132614136	0.6933029294014	0.003937341272831	-0.01818835735321	0.086964011192322	-0.099689394235611
0.27057352662086	-0.14485394954681	-0.14644105732441	-1.4276057481766	0.69249558448792	0.0039395987987518	-0.020097315311432	0.086194753646851	-0.099599346518517
0.28604710102081	-0.14359687268734	-0.14928235113621	-1.4272096157074	0.69283831119537	0.0039419755339622	-0.022483825683594	0.085081100463867	-0.099719762802124
0.30502021312714	-0.14303484559059	-0.15256606042385	-1.4267891645432	0.69341194629669	0.0039441809058189	-0.024250268936157	0.084113597869873	-0.099635936319828
0.3184706568718	-0.14318035542965	-0.15483722090721	-1.4266612529755	0.69404363632202	0.0039454400539398	-0.025265038013458	0.083556056022644	-0.099557109177113
0.33002462983131	-0.14394681155682	-0.15660010278225	-1.4265750646591	0.69445979595184	0.0039461255073547	-0.0259929895401	0.083227276802063	-0.09950977563858
0.33405286073685	-0.14444261789322	-0.15725116431713	-1.4266413450241	0.69477337598801	0.0039463043212891	-0.026184856891632	0.083153605461121	-0.099480956792831
0.33545768260956	-0.14464242756367	-0.15752458572388	-1.4268654584885	0.69498664140701	0.0039463639259338	-0.026184260845184	0.083150148391724	-0.099472418427467
0.36366358399391	-0.1452711969614	-0.16095966100693	-1.4270709753036	0.69421726465225	0.0039480403065681	-0.027696371078491	0.082408905029297	-0.099503681063652
0.40156269073486	-0.14616872370243	-0.16464197635651	-1.4271416664124	0.69286328554153	0.0039494857192039	-0.030185759067535	0.081261157989502	-0.099509499967098
0.40458911657333	-0.20093078911304	-0.22734870016575	-1.4256793260574	0.6942897439003	0.0051851272583008	-0.031195998191833	0.079300045967102	-0.096641860902309
0.40564465522766	-0.21857066452503	-0.24947994947433	-1.424481511116	0.69639825820923	0.006660170853138	-0.030947327613831	0.078617095947266	-0.095572516322136
0.40601292252541	-0.22429591417313	-0.25719660520554	-1.4236551523209	0.69857710599899	0.0067431479692459	-0.030868828296661	0.078331708908081	-0.095242157578468
0.19691054522991	-0.37148299813271	-0.32940736413002	-1.4240268468857	0.71933227777481	0.014964029192924	-0.015048146247864	0.088546276092529	-0.086790159344673
0.12400108575821	-0.42276766896248	-0.35458597540855	-1.4222277402878	0.72907030582428	0.017362110316753	-0.0086231827735901	0.091035008430481	-0.083831936120987
-0.023753046989441	-0.43194901943207	-0.2917278110981	-1.4217232465744	0.74615257978439	0.01847792044282	0.0049800276756287	0.098840951919556	-0.082462184131145
-0.13963851332664	-0.39351776242256	-0.18587039411068	-1.4207919836044	0.76222079992294	0.017348799854517	0.017537295818329	0.10560786724091	-0.083223029971123
-0.18004506826401	-0.37982249259949	-0.14896085858345	-1.4199504852295	0.76908040046692	0.01682735607028	0.022298872470856	0.10750794410706	-0.083412922918797
