0	0	0	-1.0268441438675	-0.54550802707672	0.00062220543622971	8.3446502685547e-06	0.089005291461945	-0.10827776789665
-0.0044076438061893	0.044682070612907	0.53761887550354	-1.0267513990402	-0.49185144901276	0.013048816472292	0.00074911117553711	0.14032834768295	-0.097857780754566
-0.004036202095449	0.046349447220564	0.58068090677261	-1.0268795490265	-0.49042919278145	0.0035462267696857	0.0010441541671753	0.14481469988823	-0.094064697623253
-0.0044561508111656	0.045017048716545	0.55872058868408	-1.0263540744781	-0.49206763505936	0.003602035343647	0.001529335975647	0.14322316646576	-0.095002964138985
-0.0041793482378125	0.043977808207273	0.53653728961945	-1.0260699987411	-0.49319934844971	0.0035658925771713	0.0013349056243896	0.14112764596939	-0.096257902681828
-0.0040571526624262	0.04331536591053	0.52340227365494	-1.0259563922882	-0.49391031265259	0.0035446360707283	0.0012121200561523	0.13986819982529	-0.096938878297806
-0.0040432554669678	0.042904056608677	0.51556318998337	-1.0259118080139	-0.49447983503342	0.0035318657755852	0.0011698007583618	0.13911208510399	-0.097346298396587
-0.0040132161229849	0.042649369686842	0.51079207658768	-1.0259149074554	-0.49493452906609	0.0035235323011875	0.0011216402053833	0.13864129781723	-0.09760495275259
-0.0061003877781332	0.16816852986813	0.74507921934128	-1.0248465538025	-0.51041638851166	0.0036209151148796	0.00088167190551758	0.14769792556763	-0.099734961986542
-0.0086224349215627	0.16131177544594	0.72827577590942	-1.0368291139603	-0.51330691576004	0.0036757029592991	0.002555251121521	0.14650690555573	-0.1006116271019
-0.0063968086615205	0.14603044092655	0.69714832305908	-1.0422832965851	-0.51557368040085	0.0036535151302814	0.0012525320053101	0.14490181207657	-0.10096026211977
-0.0054966551251709	0.14299879968166	0.6929367184639	-1.0430860519409	-0.51487475633621	0.003648716956377	0.00078117847442627	0.1447719335556	-0.10084873437881
-0.0055328104645014	0.12073072046041	0.64872533082962	-1.043066740036	-0.51556390523911	0.0036175139248371	0.00078630447387695	0.14291015267372	-0.10079512000084
-0.0056332494132221	0.11920300126076	0.64655643701553	-1.0431134700775	-0.51555520296097	0.0036181248724461	0.00083434581756592	0.14286598563194	-0.10073974728584
-0.0055491295643151	0.099736891686916	0.60590696334839	-1.043305516243	-0.51667326688766	0.0035809092223644	0.00087153911590576	0.14100754261017	-0.10074328631163
-0.0057222219184041	0.099210716784	0.60435831546783	-1.0431135892868	-0.51592743396759	0.0035773180425167	0.00091946125030518	0.14086124300957	-0.10080009698868
-0.0055352780036628	0.09057429432869	0.5866374373436	-1.0430383682251	-0.51610708236694	0.0035639032721519	0.00084960460662842	0.14008402824402	-0.10074998438358
-0.0053131314925849	0.072892539203167	0.54853111505508	-1.0430635213852	-0.51736170053482	0.0035289563238621	0.00082087516784668	0.13823166489601	-0.10076285153627
-0.0051352004520595	0.064308352768421	0.52896070480347	-1.0434064865112	-0.51739764213562	0.0035064369440079	0.00075459480285645	0.13716676831245	-0.10082802921534
-0.0047968993894756	0.056663010269403	0.51200407743454	-1.0433315038681	-0.51755839586258	0.0034870803356171	0.0004960298538208	0.1362811923027	-0.10081005841494
-0.0051296129822731	0.049244079738855	0.49538663029671	-1.0435198545456	-0.51787739992142	0.0034711509943008	0.000732421875	0.13541972637177	-0.10081044584513
-0.0049458094872534	0.049822174012661	0.49620771408081	-1.0437393188477	-0.51768356561661	0.0034706890583038	0.0005718469619751	0.13540163636208	-0.10086662322283
-0.0048617697320879	0.035232562571764	0.46286895871162	-1.0434113740921	-0.51848393678665	0.0034336782991886	0.0005488395690918	0.1335982978344	-0.10087821632624
-0.0052293972112238	0.035211730748415	0.46287709474564	-1.0435599088669	-0.51781249046326	0.0034356191754341	0.00081658363342285	0.13360306620598	-0.10092033445835
-0.00460553355515	0.021461393684149	0.43059226870537	-1.0437767505646	-0.51883864402771	0.0034157745540142	0.00054121017456055	0.13180506229401	-0.10089816898108
-0.00444291299209	0.014518577605486	0.41486126184464	-1.0436559915543	-0.51853740215302	0.0034337937831879	0.00047433376312256	0.1309500336647	-0.10091696679592
-0.0047284550964832	0.015054108574986	0.41473844647408	-1.0436495542526	-0.51807731389999	0.0034350082278252	0.00055599212646484	0.1308516561985	-0.10094106942415
-0.0046546361409128	0.0090479208156466	0.40018731355667	-1.0437237024307	-0.51821357011795	0.0034520216286182	0.00058162212371826	0.13002896308899	-0.10090839117765
-0.0041411174461246	0.0027244177181274	0.38654065132141	-1.0435695648193	-0.51825761795044	0.0034690946340561	0.0003732442855835	0.12945103645325	-0.10054581612349
-0.0043172459118068	-0.009617886506021	0.35559323430061	-1.0435357093811	-0.51924985647202	0.0035070106387138	0.00055229663848877	0.127650141716	-0.10046941041946
-0.0039951698854566	-0.015578466467559	0.33950245380402	-1.0433490276337	-0.51953047513962	0.0035240650177002	0.0004040002822876	0.12663903832436	-0.10046261548996
-0.0042854542843997	-0.020921660587192	0.32504791021347	-1.043269276619	-0.51965713500977	0.0035409405827522	0.00062358379364014	0.1257144510746	-0.10047332942486
-0.0039528985507786	-0.026132868602872	0.31111037731171	-1.0430538654327	-0.51975804567337	0.0035571344196796	0.00046098232269287	0.1248237490654	-0.10046871006489
-0.0040770866908133	-0.031233524903655	0.29710480570793	-1.0429307222366	-0.51975584030151	0.0035726092755795	0.00059616565704346	0.12390258908272	-0.10048527270555
-0.0039898958057165	-0.0308369807899	0.29792279005051	-1.0428309440613	-0.51924681663513	0.0035718716681004	0.00051224231719971	0.12392836809158	-0.10049346089363
-0.0038935961201787	-0.040857333689928	0.2709459066391	-1.0426037311554	-0.51976412534714	0.003601148724556	0.00066173076629639	0.12222695350647	-0.10045510530472
-0.0038151331245899	-0.045929592102766	0.25660979747772	-1.0427199602127	-0.51990443468094	0.0036168955266476	0.00075244903564453	0.12129318714142	-0.10044801980257
-0.0034306105226278	-0.050467938184738	0.24299325048923	-1.0424499511719	-0.52006715536118	0.0036320313811302	0.00052225589752197	0.12032583355904	-0.10043649375439
-0.0035093273036182	-0.059458516538143	0.21597597002983	-1.0422555208206	-0.52046674489975	0.0036599710583687	0.00065600872039795	0.11842003464699	-0.10044702887535
-0.0034271418116987	-0.059295676648617	0.21618236601353	-1.0423887968063	-0.520114839077	0.0036588683724403	0.00062847137451172	0.11840146780014	-0.10047374665737
-0.0028850783128291	-0.071596071124077	0.17956811189651	-1.0420258045197	-0.52168822288513	0.0036986991763115	0.00048792362213135	0.11590185761452	-0.10035325586796
-0.0032146091107279	-0.083279475569725	0.13763365149498	-1.0414699316025	-0.52201104164124	0.0037369839847088	0.00074100494384766	0.11253941059113	-0.10052322596312
-0.0029087769798934	-0.086654528975487	0.12697507441044	-1.0415563583374	-0.52134054899216	0.0037489123642445	0.00078201293945312	0.11179411411285	-0.10049605369568
-0.0024575360585004	-0.085973165929317	0.13016444444656	-1.0414930582047	-0.52085691690445	0.0037478283047676	0.00054728984832764	0.11208763718605	-0.10046757012606
-0.0022259934339672	-0.092080749571323	0.10855945199728	-1.0415939092636	-0.521524310112	0.0037697590887547	0.00058662891387939	0.11046865582466	-0.10042577981949
-0.002005155198276	-0.091894328594208	0.11065851151943	-1.0419307947159	-0.52051222324371	0.0037656202912331	0.0005950927734375	0.110899746418	-0.099927946925163
-0.0013068525586277	-0.10056886076927	0.076764009892941	-1.0414190292358	-0.52115112543106	0.0037973336875439	0.00028455257415771	0.10830846428871	-0.09974966943264
-0.0015236056642607	-0.10601034015417	0.051681630313396	-1.0410053730011	-0.52154678106308	0.0038209892809391	0.0004194974899292	0.10616010427475	-0.099778778851032
-0.0016921260394156	-0.10824806988239	0.040970183908939	-1.0413173437119	-0.52134907245636	0.0038306713104248	0.00071597099304199	0.10526520013809	-0.099813058972359
-0.0016501848585904	-0.10783971101046	0.041965428739786	-1.041736125946	-0.52082973718643	0.0038300529122353	0.00074279308319092	0.10530802607536	-0.099877454340458
-0.00073185213841498	-0.11615042388439	0.00051020871615037	-1.0415778160095	-0.52234488725662	0.0038655810058117	0.00043272972106934	0.10179653763771	-0.099757663905621
-0.0013370071537793	-0.11620452255011	-0.0026843047235161	-1.0409256219864	-0.52265334129333	0.0038685537874699	0.0005946159362793	0.10132971405983	-0.099824815988541
