-0.297	-0.045	0.259	0.000	0.035	0.114	-0.100
0.127	-0.128	-0.105	4.120	-0.011	0.089	-0.100
0.115	-0.127	-0.101	4.240	-0.010	0.089	-0.100
0.104	-0.127	-0.097	4.360	-0.009	0.090	-0.100
0.093	-0.127	-0.093	4.480	-0.008	0.090	-0.100
0.083	-0.127	-0.088	4.600	-0.008	0.091	-0.100
0.072	-0.126	-0.084	4.720	-0.007	0.091	-0.100
0.061	-0.126	-0.079	4.840	-0.006	0.092	-0.100
0.051	-0.126	-0.075	4.960	-0.005	0.092	-0.100
0.040	-0.125	-0.070	5.080	-0.004	0.093	-0.100
0.030	-0.125	-0.065	5.200	-0.003	0.093	-0.100
0.020	-0.124	-0.060	5.320	-0.002	0.094	-0.100
0.010	-0.124	-0.054	5.440	-0.001	0.094	-0.100
-0.000	-0.123	-0.049	5.560	0.000	0.095	-0.100
-0.010	-0.122	-0.043	5.680	0.001	0.096	-0.100
-0.020	-0.122	-0.038	5.800	0.002	0.096	-0.100
-0.030	-0.121	-0.032	5.920	0.003	0.097	-0.100
-0.039	-0.120	-0.026	6.040	0.004	0.097	-0.100
-0.049	-0.119	-0.020	6.160	0.005	0.098	-0.100
-0.058	-0.118	-0.013	6.280	0.006	0.098	-0.100
-0.067	-0.117	-0.007	6.400	0.007	0.099	-0.100
-0.076	-0.116	-0.000	6.520	0.008	0.099	-0.100
-0.085	-0.115	0.006	6.640	0.009	0.100	-0.100
-0.094	-0.114	0.013	6.760	0.009	0.100	-0.100
-0.103	-0.112	0.020	6.880	0.010	0.101	-0.100
-0.112	-0.111	0.027	7.000	0.011	0.101	-0.100
-0.120	-0.109	0.035	7.120	0.012	0.102	-0.100
-0.129	-0.108	0.042	7.240	0.013	0.102	-0.100
-0.137	-0.106	0.050	7.360	0.014	0.103	-0.100
-0.145	-0.104	0.057	7.480	0.015	0.103	-0.100
-0.154	-0.103	0.065	7.600	0.016	0.104	-0.100
-0.162	-0.101	0.073	7.720	0.017	0.104	-0.100
-0.170	-0.099	0.082	7.840	0.018	0.105	-0.100
-0.178	-0.097	0.090	7.960	0.019	0.105	-0.100
-0.185	-0.094	0.099	8.080	0.020	0.106	-0.100
-0.193	-0.092	0.107	8.200	0.021	0.107	-0.100
-0.201	-0.090	0.116	8.320	0.022	0.107	-0.100
-0.208	-0.087	0.125	8.440	0.023	0.108	-0.100
-0.215	-0.085	0.134	8.560	0.024	0.108	-0.100
-0.223	-0.082	0.144	8.680	0.025	0.109	-0.100
-0.230	-0.079	0.153	8.800	0.026	0.109	-0.100
-0.237	-0.076	0.163	8.920	0.026	0.110	-0.100
-0.244	-0.073	0.173	9.040	0.027	0.110	-0.100
-0.251	-0.070	0.183	9.160	0.028	0.111	-0.100
-0.258	-0.067	0.193	9.280	0.029	0.111	-0.100
-0.264	-0.064	0.204	9.400	0.030	0.112	-0.100
-0.271	-0.060	0.214	9.520	0.031	0.112	-0.100
-0.278	-0.056	0.225	9.640	0.032	0.113	-0.100
-0.284	-0.053	0.236	9.760	0.033	0.113	-0.100
-0.290	-0.049	0.247	9.880	0.034	0.114	-0.100
-0.297	-0.045	0.259	10.000	0.035	0.114	-0.100
-0.292	-0.110	0.191	0.120	0.034	0.114	-0.096
-0.278	-0.177	0.114	0.240	0.032	0.113	-0.093
-0.254	-0.244	0.029	0.360	0.029	0.111	-0.089
-0.221	-0.307	-0.059	0.480	0.024	0.108	-0.086
-0.176	-0.364	-0.144	0.600	0.019	0.105	-0.084
-0.121	-0.412	-0.224	0.720	0.012	0.102	-0.082
-0.055	-0.447	-0.293	0.840	0.005	0.098	-0.081
0.020	-0.467	-0.347	0.960	-0.002	0.094	-0.080
0.103	-0.472	-0.385	1.080	-0.009	0.090	-0.080
0.190	-0.461	-0.404	1.200	-0.017	0.086	-0.081
0.277	-0.435	-0.404	1.320	-0.023	0.082	-0.082
0.358	-0.397	-0.386	1.440	-0.029	0.079	-0.085
0.429	-0.349	-0.354	1.560	-0.035	0.076	-0.087
0.487	-0.294	-0.311	1.680	-0.039	0.073	-0.090
0.527	-0.233	-0.259	1.800	-0.042	0.072	-0.094
0.549	-0.170	-0.202	1.920	-0.043	0.071	-0.097
0.541	-0.127	-0.163	0.120	-0.043	0.071	-0.100
0.528	-0.127	-0.163	0.240	-0.042	0.072	-0.100
0.515	-0.127	-0.163	0.360	-0.041	0.072	-0.100
0.502	-0.127	-0.163	0.480	-0.040	0.073	-0.100
0.489	-0.127	-0.163	0.600	-0.039	0.073	-0.100
0.476	-0.127	-0.163	0.720	-0.038	0.074	-0.100
0.463	-0.127	-0.163	0.840	-0.037	0.074	-0.100
0.450	-0.127	-0.162	0.960	-0.036	0.075	-0.100
0.437	-0.127	-0.162	1.080	-0.035	0.075	-0.100
0.424	-0.127	-0.161	1.200	-0.034	0.076	-0.100
0.411	-0.127	-0.160	1.320	-0.033	0.077	-0.100
0.398	-0.127	-0.159	1.440	-0.032	0.077	-0.100
0.385	-0.127	-0.158	1.560	-0.031	0.078	-0.100
0.372	-0.127	-0.157	1.680	-0.031	0.078	-0.100
0.360	-0.127	-0.156	1.800	-0.030	0.079	-0.100
0.347	-0.127	-0.154	1.920	-0.029	0.079	-0.100
0.334	-0.128	-0.152	2.040	-0.028	0.080	-0.100
0.322	-0.128	-0.151	2.160	-0.027	0.080	-0.100
0.309	-0.128	-0.149	2.280	-0.026	0.081	-0.100
0.297	-0.128	-0.147	2.400	-0.025	0.081	-0.100
0.284	-0.128	-0.145	2.520	-0.024	0.082	-0.100
0.272	-0.128	-0.143	2.640	-0.023	0.082	-0.100
0.260	-0.128	-0.140	2.760	-0.022	0.083	-0.100
0.248	-0.128	-0.138	2.880	-0.021	0.083	-0.100
0.235	-0.128	-0.135	3.000	-0.020	0.084	-0.100
0.223	-0.128	-0.133	3.120	-0.019	0.084	-0.100
0.211	-0.128	-0.130	3.240	-0.018	0.085	-0.100
0.200	-0.128	-0.127	3.360	-0.017	0.085	-0.100
0.188	-0.128	-0.124	3.480	-0.016	0.086	-0.100
0.176	-0.128	-0.120	3.600	-0.015	0.086	-0.100
0.165	-0.128	-0.117	3.720	-0.014	0.087	-0.100
0.153	-0.128	-0.114	3.840	-0.014	0.088	-0.100
0.142	-0.128	-0.110	3.960	-0.013	0.088	-0.100
0.130	-0.128	-0.106	4.080	-0.012	0.089	-0.100
0.119	-0.128	-0.102	4.200	-0.011	0.089	-0.100
0.108	-0.127	-0.098	4.320	-0.010	0.090	-0.100
0.097	-0.127	-0.094	4.440	-0.009	0.090	-0.100
0.086	-0.127	-0.090	4.560	-0.008	0.091	-0.100
0.075	-0.127	-0.085	4.680	-0.007	0.091	-0.100
0.065	-0.126	-0.081	4.800	-0.006	0.092	-0.100
0.054	-0.126	-0.076	4.920	-0.005	0.092	-0.100
0.044	-0.125	-0.071	5.040	-0.004	0.093	-0.100
0.033	-0.125	-0.066	5.160	-0.003	0.093	-0.100
0.023	-0.124	-0.061	5.280	-0.002	0.094	-0.100
0.013	-0.124	-0.056	5.400	-0.001	0.094	-0.100
0.003	-0.123	-0.051	5.520	-0.000	0.095	-0.100
-0.007	-0.123	-0.045	5.640	0.001	0.095	-0.100
-0.017	-0.122	-0.040	5.760	0.002	0.096	-0.100
-0.026	-0.121	-0.034	5.880	0.003	0.096	-0.100
-0.036	-0.120	-0.028	6.000	0.003	0.097	-0.100
-0.046	-0.119	-0.022	6.120	0.004	0.097	-0.100
-0.055	-0.118	-0.016	6.240	0.005	0.098	-0.100
-0.064	-0.117	-0.009	6.360	0.006	0.099	-0.100
-0.073	-0.116	-0.003	6.480	0.007	0.099	-0.100
-0.082	-0.115	0.004	6.600	0.008	0.100	-0.100
-0.091	-0.114	0.011	6.720	0.009	0.100	-0.100
-0.100	-0.113	0.018	6.840	0.010	0.101	-0.100
-0.109	-0.111	0.025	6.960	0.011	0.101	-0.100
-0.118	-0.110	0.032	7.080	0.012	0.102	-0.100
-0.126	-0.108	0.040	7.200	0.013	0.102	-0.100
-0.134	-0.107	0.047	7.320	0.014	0.103	-0.100
-0.143	-0.105	0.055	7.440	0.015	0.103	-0.100
-0.151	-0.103	0.063	7.560	0.016	0.104	-0.100
-0.159	-0.101	0.071	7.680	0.017	0.104	-0.100
-0.167	-0.099	0.079	7.800	0.018	0.105	-0.100
-0.175	-0.097	0.087	7.920	0.019	0.105	-0.100
-0.183	-0.095	0.096	8.040	0.020	0.106	-0.100
-0.190	-0.093	0.104	8.160	0.021	0.106	-0.100
-0.198	-0.090	0.113	8.280	0.021	0.107	-0.100
-0.206	-0.088	0.122	8.400	0.022	0.107	-0.100
-0.213	-0.086	0.131	8.520	0.023	0.108	-0.100
-0.220	-0.083	0.141	8.640	0.024	0.108	-0.100
-0.227	-0.080	0.150	8.760	0.025	0.109	-0.100
-0.235	-0.077	0.160	8.880	0.026	0.110	-0.100
-0.242	-0.074	0.170	9.000	0.027	0.110	-0.100
-0.249	-0.071	0.180	9.120	0.028	0.111	-0.100
-0.255	-0.068	0.190	9.240	0.029	0.111	-0.100
-0.262	-0.065	0.200	9.360	0.030	0.112	-0.100
-0.269	-0.061	0.211	9.480	0.031	0.112	-0.100
-0.275	-0.058	0.222	9.600	0.032	0.113	-0.100
-0.282	-0.054	0.232	9.720	0.033	0.113	-0.100
-0.288	-0.050	0.244	9.840	0.034	0.114	-0.100
-0.295	-0.046	0.255	9.960	0.035	0.114	-0.100
-0.295	-0.088	0.215	0.080	0.035	0.114	-0.097
-0.284	-0.154	0.140	0.200	0.033	0.113	-0.094
-0.263	-0.222	0.058	0.320	0.030	0.112	-0.090
-0.233	-0.287	-0.030	0.440	0.026	0.109	-0.087
-0.192	-0.346	-0.116	0.560	0.021	0.106	-0.085
-0.141	-0.397	-0.198	0.680	0.015	0.103	-0.082
-0.078	-0.437	-0.271	0.800	0.008	0.099	-0.081
-0.006	-0.462	-0.331	0.920	0.001	0.095	-0.080
0.075	-0.472	-0.375	1.040	-0.007	0.091	-0.080
0.161	-0.466	-0.400	1.160	-0.014	0.087	-0.081
0.248	-0.445	-0.406	1.280	-0.021	0.083	-0.082
0.332	-0.411	-0.394	1.400	-0.028	0.080	-0.084
0.407	-0.366	-0.367	1.520	-0.033	0.077	-0.086
0.469	-0.313	-0.326	1.640	-0.038	0.074	-0.089
0.516	-0.254	-0.277	1.760	-0.041	0.072	-0.093
0.544	-0.191	-0.221	1.880	-0.043	0.071	-0.096
0.554	-0.127	-0.163	2.000	-0.044	0.071	-0.100
0.541	-0.127	-0.163	0.120	-0.043	0.071	-0.100
0.528	-0.127	-0.163	0.240	-0.042	0.072	-0.100
0.515	-0.127	-0.163	0.360	-0.041	0.072	-0.100
0.502	-0.127	-0.163	0.480	-0.040	0.073	-0.100
0.489	-0.127	-0.163	0.600	-0.039	0.073	-0.100
0.476	-0.127	-0.163	0.720	-0.038	0.074	-0.100
0.463	-0.127	-0.163	0.840	-0.037	0.074	-0.100
0.450	-0.127	-0.162	0.960	-0.036	0.075	-0.100
0.437	-0.127	-0.162	1.080	-0.035	0.075	-0.100
0.424	-0.127	-0.161	1.200	-0.034	0.076	-0.100
0.411	-0.127	-0.160	1.320	-0.033	0.077	-0.100
0.398	-0.127	-0.159	1.440	-0.032	0.077	-0.100
0.385	-0.127	-0.158	1.560	-0.031	0.078	-0.100
0.372	-0.127	-0.157	1.680	-0.031	0.078	-0.100
0.360	-0.127	-0.156	1.800	-0.030	0.079	-0.100
0.347	-0.127	-0.154	1.920	-0.029	0.079	-0.100
0.334	-0.128	-0.152	2.040	-0.028	0.080	-0.100
0.322	-0.128	-0.151	2.160	-0.027	0.080	-0.100
0.309	-0.128	-0.149	2.280	-0.026	0.081	-0.100
0.297	-0.128	-0.147	2.400	-0.025	0.081	-0.100
0.284	-0.128	-0.145	2.520	-0.024	0.082	-0.100
0.272	-0.128	-0.143	2.640	-0.023	0.082	-0.100
0.260	-0.128	-0.140	2.760	-0.022	0.083	-0.100
0.248	-0.128	-0.138	2.880	-0.021	0.083	-0.100
0.235	-0.128	-0.135	3.000	-0.020	0.084	-0.100
0.223	-0.128	-0.133	3.120	-0.019	0.084	-0.100
0.211	-0.128	-0.130	3.240	-0.018	0.085	-0.100
0.200	-0.128	-0.127	3.360	-0.017	0.085	-0.100
0.188	-0.128	-0.124	3.480	-0.016	0.086	-0.100
0.176	-0.128	-0.120	3.600	-0.015	0.086	-0.100
0.165	-0.128	-0.117	3.720	-0.014	0.087	-0.100
0.153	-0.128	-0.114	3.840	-0.014	0.088	-0.100
0.153	-0.128	-0.114	3.840	-0.014	0.088	-0.100
0.130	-0.128	-0.106	4.080	-0.012	0.089	-0.100
0.119	-0.128	-0.102	4.200	-0.011	0.089	-0.100
0.108	-0.127	-0.098	4.320	-0.010	0.090	-0.100
0.097	-0.127	-0.094	4.440	-0.009	0.090	-0.100
0.086	-0.127	-0.090	4.560	-0.008	0.091	-0.100
0.075	-0.127	-0.085	4.680	-0.007	0.091	-0.100
0.065	-0.126	-0.081	4.800	-0.006	0.092	-0.100
0.054	-0.126	-0.076	4.920	-0.005	0.092	-0.100
0.044	-0.125	-0.071	5.040	-0.004	0.093	-0.100
0.033	-0.125	-0.066	5.160	-0.003	0.093	-0.100
0.023	-0.124	-0.061	5.280	-0.002	0.094	-0.100
0.013	-0.124	-0.056	5.400	-0.001	0.094	-0.100
0.003	-0.123	-0.051	5.520	-0.000	0.095	-0.100
-0.007	-0.123	-0.045	5.640	0.001	0.095	-0.100
-0.017	-0.122	-0.040	5.760	0.002	0.096	-0.100
-0.026	-0.121	-0.034	5.880	0.003	0.096	-0.100
-0.036	-0.120	-0.028	6.000	0.003	0.097	-0.100
-0.046	-0.119	-0.022	6.120	0.004	0.097	-0.100
-0.055	-0.118	-0.016	6.240	0.005	0.098	-0.100
-0.064	-0.117	-0.009	6.360	0.006	0.099	-0.100
-0.073	-0.116	-0.003	6.480	0.007	0.099	-0.100
-0.082	-0.115	0.004	6.600	0.008	0.100	-0.100
-0.091	-0.114	0.011	6.720	0.009	0.100	-0.100
-0.100	-0.113	0.018	6.840	0.010	0.101	-0.100
-0.109	-0.111	0.025	6.960	0.011	0.101	-0.100
-0.118	-0.110	0.032	7.080	0.012	0.102	-0.100
-0.126	-0.108	0.040	7.200	0.013	0.102	-0.100
-0.134	-0.107	0.047	7.320	0.014	0.103	-0.100
-0.143	-0.105	0.055	7.440	0.015	0.103	-0.100
-0.151	-0.103	0.063	7.560	0.016	0.104	-0.100
-0.159	-0.101	0.071	7.680	0.017	0.104	-0.100
-0.167	-0.099	0.079	7.800	0.018	0.105	-0.100
-0.175	-0.097	0.087	7.920	0.019	0.105	-0.100
-0.183	-0.095	0.096	8.040	0.020	0.106	-0.100
-0.190	-0.093	0.104	8.160	0.021	0.106	-0.100
-0.198	-0.090	0.113	8.280	0.021	0.107	-0.100
-0.206	-0.088	0.122	8.400	0.022	0.107	-0.100
-0.213	-0.086	0.131	8.520	0.023	0.108	-0.100
-0.220	-0.083	0.141	8.640	0.024	0.108	-0.100
-0.227	-0.080	0.150	8.760	0.025	0.109	-0.100
-0.235	-0.077	0.160	8.880	0.026	0.110	-0.100
-0.242	-0.074	0.170	9.000	0.027	0.110	-0.100
-0.249	-0.071	0.180	9.120	0.028	0.111	-0.100
-0.255	-0.068	0.190	9.240	0.029	0.111	-0.100
-0.262	-0.065	0.200	9.360	0.030	0.112	-0.100
-0.269	-0.061	0.211	9.480	0.031	0.112	-0.100
-0.275	-0.058	0.222	9.600	0.032	0.113	-0.100
-0.282	-0.054	0.232	9.720	0.033	0.113	-0.100
-0.288	-0.050	0.244	9.840	0.034	0.114	-0.100
-0.295	-0.046	0.255	9.960	0.035	0.114	-0.100
-0.295	-0.046	0.255	9.960	0.035	0.114	-0.100
-0.295	-0.046	0.255	9.960	0.035	0.114	-0.100
-0.295	-0.046	0.255	9.960	0.035	0.114	-0.100
-0.295	-0.046	0.255	9.960	0.035	0.114	-0.100
-0.295	-0.046	0.255	9.960	0.035	0.114	-0.100
-0.295	-0.046	0.255	9.960	0.035	0.114	-0.100
-0.295	-0.046	0.255	9.960	0.035	0.114	-0.100
-0.295	-0.046	0.255	9.960	0.035	0.114	-0.100
-0.293	-0.089	0.212	0.080	0.034	0.114	-0.097
-0.280	-0.157	0.133	0.200	0.032	0.113	-0.094
-0.246	-0.230	0.032	0.320	0.028	0.110	-0.090
-0.216	-0.294	-0.052	0.440	0.024	0.108	-0.087
-0.175	-0.352	-0.135	0.560	0.019	0.105	-0.085
-0.124	-0.401	-0.214	0.680	0.013	0.102	-0.082
-0.062	-0.439	-0.283	0.800	0.006	0.098	-0.081
0.009	-0.464	-0.340	0.920	-0.001	0.095	-0.080
0.088	-0.473	-0.380	1.040	-0.008	0.091	-0.080
0.173	-0.466	-0.403	1.160	-0.015	0.087	-0.081
0.258	-0.445	-0.408	1.280	-0.022	0.083	-0.082
0.339	-0.411	-0.395	1.400	-0.028	0.079	-0.084
0.412	-0.366	-0.367	1.520	-0.033	0.076	-0.086
0.472	-0.313	-0.326	1.640	-0.038	0.074	-0.089
0.517	-0.254	-0.277	1.760	-0.041	0.072	-0.093
0.544	-0.191	-0.221	1.880	-0.043	0.071	-0.096
0.554	-0.127	-0.163	2.000	-0.044	0.071	-0.100
0.554	-0.127	-0.163	2.000	-0.044	0.071	-0.100
0.541	-0.127	-0.163	0.120	-0.043	0.071	-0.100
0.541	-0.127	-0.163	0.120	-0.043	0.071	-0.100
0.528	-0.127	-0.163	0.240	-0.042	0.072	-0.100
0.515	-0.127	-0.163	0.360	-0.041	0.072	-0.100
0.502	-0.127	-0.163	0.480	-0.040	0.073	-0.100
0.489	-0.127	-0.163	0.600	-0.039	0.073	-0.100
0.476	-0.127	-0.163	0.720	-0.038	0.074	-0.100
0.463	-0.127	-0.163	0.840	-0.037	0.074	-0.100
0.450	-0.127	-0.162	0.960	-0.036	0.075	-0.100
0.437	-0.127	-0.162	1.080	-0.035	0.075	-0.100
0.424	-0.127	-0.161	1.200	-0.034	0.076	-0.100
0.411	-0.127	-0.160	1.320	-0.033	0.077	-0.100
0.398	-0.127	-0.159	1.440	-0.032	0.077	-0.100
0.385	-0.127	-0.158	1.560	-0.031	0.078	-0.100
0.372	-0.127	-0.157	1.680	-0.031	0.078	-0.100
0.360	-0.127	-0.156	1.800	-0.030	0.079	-0.100
0.347	-0.127	-0.154	1.920	-0.029	0.079	-0.100
0.334	-0.128	-0.152	2.040	-0.028	0.080	-0.100
0.322	-0.128	-0.151	2.160	-0.027	0.080	-0.100
0.309	-0.128	-0.149	2.280	-0.026	0.081	-0.100
0.297	-0.128	-0.147	2.400	-0.025	0.081	-0.100
0.284	-0.128	-0.145	2.520	-0.024	0.082	-0.100
0.272	-0.128	-0.143	2.640	-0.023	0.082	-0.100
0.260	-0.128	-0.140	2.760	-0.022	0.083	-0.100
0.248	-0.128	-0.138	2.880	-0.021	0.083	-0.100
0.235	-0.128	-0.135	3.000	-0.020	0.084	-0.100
0.223	-0.128	-0.133	3.120	-0.019	0.084	-0.100
0.211	-0.128	-0.130	3.240	-0.018	0.085	-0.100
0.200	-0.128	-0.127	3.360	-0.017	0.085	-0.100
0.188	-0.128	-0.124	3.480	-0.016	0.086	-0.100
0.176	-0.128	-0.120	3.600	-0.015	0.086	-0.100
0.165	-0.128	-0.117	3.720	-0.014	0.087	-0.100
0.153	-0.128	-0.114	3.840	-0.014	0.088	-0.100
0.142	-0.128	-0.110	3.960	-0.013	0.088	-0.100
0.130	-0.128	-0.106	4.080	-0.012	0.089	-0.100
0.119	-0.128	-0.102	4.200	-0.011	0.089	-0.100
0.108	-0.127	-0.098	4.320	-0.010	0.090	-0.100
0.097	-0.127	-0.094	4.440	-0.009	0.090	-0.100
0.086	-0.127	-0.090	4.560	-0.008	0.091	-0.100
0.075	-0.127	-0.085	4.680	-0.007	0.091	-0.100
0.065	-0.126	-0.081	4.800	-0.006	0.092	-0.100
0.054	-0.126	-0.076	4.920	-0.005	0.092	-0.100
0.044	-0.125	-0.071	5.040	-0.004	0.093	-0.100
0.033	-0.125	-0.066	5.160	-0.003	0.093	-0.100
0.023	-0.124	-0.061	5.280	-0.002	0.094	-0.100
0.013	-0.124	-0.056	5.400	-0.001	0.094	-0.100
0.003	-0.123	-0.051	5.520	-0.000	0.095	-0.100
-0.007	-0.123	-0.045	5.640	0.001	0.095	-0.100
-0.017	-0.122	-0.040	5.760	0.002	0.096	-0.100
-0.026	-0.121	-0.034	5.880	0.003	0.096	-0.100
-0.036	-0.120	-0.028	6.000	0.003	0.097	-0.100
-0.046	-0.119	-0.022	6.120	0.004	0.097	-0.100
-0.055	-0.118	-0.016	6.240	0.005	0.098	-0.100
-0.064	-0.117	-0.009	6.360	0.006	0.099	-0.100
-0.073	-0.116	-0.003	6.480	0.007	0.099	-0.100
-0.082	-0.115	0.004	6.600	0.008	0.100	-0.100
-0.091	-0.114	0.011	6.720	0.009	0.100	-0.100
-0.100	-0.113	0.018	6.840	0.010	0.101	-0.100
-0.109	-0.111	0.025	6.960	0.011	0.101	-0.100
-0.118	-0.110	0.032	7.080	0.012	0.102	-0.100
-0.126	-0.108	0.040	7.200	0.013	0.102	-0.100
-0.134	-0.107	0.047	7.320	0.014	0.103	-0.100
-0.143	-0.105	0.055	7.440	0.015	0.103	-0.100
-0.151	-0.103	0.063	7.560	0.016	0.104	-0.100
-0.159	-0.101	0.071	7.680	0.017	0.104	-0.100
-0.167	-0.099	0.079	7.800	0.018	0.105	-0.100
-0.175	-0.097	0.087	7.920	0.019	0.105	-0.100
-0.183	-0.095	0.096	8.040	0.020	0.106	-0.100
-0.190	-0.093	0.104	8.160	0.021	0.106	-0.100
-0.198	-0.090	0.113	8.280	0.021	0.107	-0.100
-0.206	-0.088	0.122	8.400	0.022	0.107	-0.100
-0.213	-0.086	0.131	8.520	0.023	0.108	-0.100
-0.220	-0.083	0.141	8.640	0.024	0.108	-0.100
-0.227	-0.080	0.150	8.760	0.025	0.109	-0.100
-0.235	-0.077	0.160	8.880	0.026	0.110	-0.100
-0.242	-0.074	0.170	9.000	0.027	0.110	-0.100
-0.249	-0.071	0.180	9.120	0.028	0.111	-0.100
-0.255	-0.068	0.190	9.240	0.029	0.111	-0.100
-0.262	-0.065	0.200	9.360	0.030	0.112	-0.100
-0.269	-0.061	0.211	9.480	0.031	0.112	-0.100
-0.275	-0.058	0.222	9.600	0.032	0.113	-0.100
-0.282	-0.054	0.232	9.720	0.033	0.113	-0.100
-0.288	-0.050	0.244	9.840	0.034	0.114	-0.100
-0.295	-0.046	0.255	9.960	0.035	0.114	-0.100
-0.295	-0.046	0.255	9.960	0.035	0.114	-0.100
-0.295	-0.046	0.255	9.960	0.035	0.114	-0.100
-0.295	-0.046	0.255	9.960	0.035	0.114	-0.100
-0.295	-0.046	0.255	9.960	0.035	0.114	-0.100
-0.295	-0.046	0.255	9.960	0.035	0.114	-0.100
-0.295	-0.046	0.255	9.960	0.035	0.114	-0.100
-0.295	-0.046	0.255	9.960	0.035	0.114	-0.100
-0.295	-0.046	0.255	9.960	0.035	0.114	-0.100
-0.295	-0.046	0.255	9.960	0.035	0.114	-0.100
-0.295	-0.046	0.255	9.960	0.035	0.114	-0.100
-0.295	-0.046	0.255	9.960	0.035	0.114	-0.100
-0.295	-0.046	0.255	9.960	0.035	0.114	-0.100
-0.295	-0.046	0.255	9.960	0.035	0.114	-0.100
-0.293	-0.089	0.212	0.080	0.034	0.114	-0.097
-0.280	-0.157	0.133	0.200	0.032	0.113	-0.094
-0.246	-0.230	0.032	0.320	0.028	0.110	-0.090
-0.216	-0.294	-0.052	0.440	0.024	0.108	-0.087
-0.175	-0.352	-0.135	0.560	0.019	0.105	-0.085
-0.124	-0.401	-0.214	0.680	0.013	0.102	-0.082
-0.062	-0.439	-0.283	0.800	0.006	0.098	-0.081
0.009	-0.464	-0.340	0.920	-0.001	0.095	-0.080
0.088	-0.473	-0.380	1.040	-0.008	0.091	-0.080
0.173	-0.466	-0.403	1.160	-0.015	0.087	-0.081
0.258	-0.445	-0.408	1.280	-0.022	0.083	-0.082
0.339	-0.411	-0.395	1.400	-0.028	0.079	-0.084
0.412	-0.366	-0.367	1.520	-0.033	0.076	-0.086
0.472	-0.313	-0.326	1.640	-0.038	0.074	-0.089
0.517	-0.254	-0.277	1.760	-0.041	0.072	-0.093
0.544	-0.191	-0.221	1.880	-0.043	0.071	-0.096
0.554	-0.127	-0.163	2.000	-0.044	0.071	-0.100
0.554	-0.127	-0.163	2.000	-0.044	0.071	-0.100
0.541	-0.127	-0.163	0.120	-0.043	0.071	-0.100
0.541	-0.127	-0.163	0.120	-0.043	0.071	-0.100
0.528	-0.127	-0.163	0.240	-0.042	0.072	-0.100
0.515	-0.127	-0.163	0.360	-0.041	0.072	-0.100
0.502	-0.127	-0.163	0.480	-0.040	0.073	-0.100
0.489	-0.127	-0.163	0.600	-0.039	0.073	-0.100
0.476	-0.127	-0.163	0.720	-0.038	0.074	-0.100
0.463	-0.127	-0.163	0.840	-0.037	0.074	-0.100
0.450	-0.127	-0.162	0.960	-0.036	0.075	-0.100
0.437	-0.127	-0.162	1.080	-0.035	0.075	-0.100
0.424	-0.127	-0.161	1.200	-0.034	0.076	-0.100
0.411	-0.127	-0.160	1.320	-0.033	0.077	-0.100
0.398	-0.127	-0.159	1.440	-0.032	0.077	-0.100
0.385	-0.127	-0.158	1.560	-0.031	0.078	-0.100
0.372	-0.127	-0.157	1.680	-0.031	0.078	-0.100
0.360	-0.127	-0.156	1.800	-0.030	0.079	-0.100
0.347	-0.127	-0.154	1.920	-0.029	0.079	-0.100
0.334	-0.128	-0.152	2.040	-0.028	0.080	-0.100
0.322	-0.128	-0.151	2.160	-0.027	0.080	-0.100
0.309	-0.128	-0.149	2.280	-0.026	0.081	-0.100
0.297	-0.128	-0.147	2.400	-0.025	0.081	-0.100
0.284	-0.128	-0.145	2.520	-0.024	0.082	-0.100
0.272	-0.128	-0.143	2.640	-0.023	0.082	-0.100
0.260	-0.128	-0.140	2.760	-0.022	0.083	-0.100
0.248	-0.128	-0.138	2.880	-0.021	0.083	-0.100
0.235	-0.128	-0.135	3.000	-0.020	0.084	-0.100
0.223	-0.128	-0.133	3.120	-0.019	0.084	-0.100
0.211	-0.128	-0.130	3.240	-0.018	0.085	-0.100
0.200	-0.128	-0.127	3.360	-0.017	0.085	-0.100
0.188	-0.128	-0.124	3.480	-0.016	0.086	-0.100
0.176	-0.128	-0.120	3.600	-0.015	0.086	-0.100
0.165	-0.128	-0.117	3.720	-0.014	0.087	-0.100
0.153	-0.128	-0.114	3.840	-0.014	0.088	-0.100
0.142	-0.128	-0.110	3.960	-0.013	0.088	-0.100
0.130	-0.128	-0.106	4.080	-0.012	0.089	-0.100
0.119	-0.128	-0.102	4.200	-0.011	0.089	-0.100
0.108	-0.127	-0.098	4.320	-0.010	0.090	-0.100
0.097	-0.127	-0.094	4.440	-0.009	0.090	-0.100
0.086	-0.127	-0.090	4.560	-0.008	0.091	-0.100
0.075	-0.127	-0.085	4.680	-0.007	0.091	-0.100
0.065	-0.126	-0.081	4.800	-0.006	0.092	-0.100
0.054	-0.126	-0.076	4.920	-0.005	0.092	-0.100
0.044	-0.125	-0.071	5.040	-0.004	0.093	-0.100
0.033	-0.125	-0.066	5.160	-0.003	0.093	-0.100
0.023	-0.124	-0.061	5.280	-0.002	0.094	-0.100
0.013	-0.124	-0.056	5.400	-0.001	0.094	-0.100
0.003	-0.123	-0.051	5.520	-0.000	0.095	-0.100
-0.007	-0.123	-0.045	5.640	0.001	0.095	-0.100
-0.017	-0.122	-0.040	5.760	0.002	0.096	-0.100
-0.026	-0.121	-0.034	5.880	0.003	0.096	-0.100
-0.036	-0.120	-0.028	6.000	0.003	0.097	-0.100
-0.046	-0.119	-0.022	6.120	0.004	0.097	-0.100
-0.055	-0.118	-0.016	6.240	0.005	0.098	-0.100
-0.064	-0.117	-0.009	6.360	0.006	0.099	-0.100
-0.073	-0.116	-0.003	6.480	0.007	0.099	-0.100
-0.082	-0.115	0.004	6.600	0.008	0.100	-0.100
-0.091	-0.114	0.011	6.720	0.009	0.100	-0.100
-0.100	-0.113	0.018	6.840	0.010	0.101	-0.100
-0.109	-0.111	0.025	6.960	0.011	0.101	-0.100
-0.118	-0.110	0.032	7.080	0.012	0.102	-0.100
-0.126	-0.108	0.040	7.200	0.013	0.102	-0.100
-0.134	-0.107	0.047	7.320	0.014	0.103	-0.100
-0.143	-0.105	0.055	7.440	0.015	0.103	-0.100
-0.151	-0.103	0.063	7.560	0.016	0.104	-0.100
-0.159	-0.101	0.071	7.680	0.017	0.104	-0.100
-0.167	-0.099	0.079	7.800	0.018	0.105	-0.100
-0.175	-0.097	0.087	7.920	0.019	0.105	-0.100
-0.183	-0.095	0.096	8.040	0.020	0.106	-0.100
-0.190	-0.093	0.104	8.160	0.021	0.106	-0.100
-0.198	-0.090	0.113	8.280	0.021	0.107	-0.100
-0.206	-0.088	0.122	8.400	0.022	0.107	-0.100
-0.213	-0.086	0.131	8.520	0.023	0.108	-0.100
-0.220	-0.083	0.141	8.640	0.024	0.108	-0.100
-0.227	-0.080	0.150	8.760	0.025	0.109	-0.100
-0.235	-0.077	0.160	8.880	0.026	0.110	-0.100
-0.242	-0.074	0.170	9.000	0.027	0.110	-0.100
-0.249	-0.071	0.180	9.120	0.028	0.111	-0.100
-0.255	-0.068	0.190	9.240	0.029	0.111	-0.100
-0.262	-0.065	0.200	9.360	0.030	0.112	-0.100
-0.269	-0.061	0.211	9.480	0.031	0.112	-0.100
-0.275	-0.058	0.222	9.600	0.032	0.113	-0.100
-0.282	-0.054	0.232	9.720	0.033	0.113	-0.100
-0.288	-0.050	0.244	9.840	0.034	0.114	-0.100
-0.295	-0.046	0.255	9.960	0.035	0.114	-0.100
-0.295	-0.046	0.255	9.960	0.035	0.114	-0.100
-0.295	-0.046	0.255	9.960	0.035	0.114	-0.100
-0.295	-0.046	0.255	9.960	0.035	0.114	-0.100
-0.295	-0.046	0.255	9.960	0.035	0.114	-0.100
-0.295	-0.046	0.255	9.960	0.035	0.114	-0.100
-0.295	-0.046	0.255	9.960	0.035	0.114	-0.100
-0.295	-0.046	0.255	9.960	0.035	0.114	-0.100
-0.295	-0.046	0.255	9.960	0.035	0.114	-0.100
-0.295	-0.046	0.255	9.960	0.035	0.114	-0.100
-0.295	-0.046	0.255	9.960	0.035	0.114	-0.100
-0.295	-0.046	0.255	9.960	0.035	0.114	-0.100
-0.295	-0.046	0.255	9.960	0.035	0.114	-0.100
-0.293	-0.089	0.212	0.080	0.034	0.114	-0.097
-0.280	-0.157	0.133	0.200	0.032	0.113	-0.094
-0.246	-0.230	0.032	0.320	0.028	0.110	-0.090
-0.216	-0.294	-0.052	0.440	0.024	0.108	-0.087
-0.175	-0.352	-0.135	0.560	0.019	0.105	-0.085
-0.124	-0.401	-0.214	0.680	0.013	0.102	-0.082
-0.062	-0.439	-0.283	0.800	0.006	0.098	-0.081
0.009	-0.464	-0.340	0.920	-0.001	0.095	-0.080
0.088	-0.473	-0.380	1.040	-0.008	0.091	-0.080
0.173	-0.466	-0.403	1.160	-0.015	0.087	-0.081
0.258	-0.445	-0.408	1.280	-0.022	0.083	-0.082
0.339	-0.411	-0.395	1.400	-0.028	0.079	-0.084
0.412	-0.366	-0.367	1.520	-0.033	0.076	-0.086
0.472	-0.313	-0.326	1.640	-0.038	0.074	-0.089
0.517	-0.254	-0.277	1.760	-0.041	0.072	-0.093
0.544	-0.191	-0.221	1.880	-0.043	0.071	-0.096
0.554	-0.127	-0.163	2.000	-0.044	0.071	-0.100
0.554	-0.127	-0.163	2.000	-0.044	0.071	-0.100
0.541	-0.127	-0.163	0.120	-0.043	0.071	-0.100
0.541	-0.127	-0.163	0.120	-0.043	0.071	-0.100
0.528	-0.127	-0.163	0.240	-0.042	0.072	-0.100
0.515	-0.127	-0.163	0.360	-0.041	0.072	-0.100
0.502	-0.127	-0.163	0.480	-0.040	0.073	-0.100
0.489	-0.127	-0.163	0.600	-0.039	0.073	-0.100
0.476	-0.127	-0.163	0.720	-0.038	0.074	-0.100
0.463	-0.127	-0.163	0.840	-0.037	0.074	-0.100
0.450	-0.127	-0.162	0.960	-0.036	0.075	-0.100
0.437	-0.127	-0.162	1.080	-0.035	0.075	-0.100
0.424	-0.127	-0.161	1.200	-0.034	0.076	-0.100
0.411	-0.127	-0.160	1.320	-0.033	0.077	-0.100
0.398	-0.127	-0.159	1.440	-0.032	0.077	-0.100
0.385	-0.127	-0.158	1.560	-0.031	0.078	-0.100
0.372	-0.127	-0.157	1.680	-0.031	0.078	-0.100
0.360	-0.127	-0.156	1.800	-0.030	0.079	-0.100
0.347	-0.127	-0.154	1.920	-0.029	0.079	-0.100
0.334	-0.128	-0.152	2.040	-0.028	0.080	-0.100
0.322	-0.128	-0.151	2.160	-0.027	0.080	-0.100
0.309	-0.128	-0.149	2.280	-0.026	0.081	-0.100
0.297	-0.128	-0.147	2.400	-0.025	0.081	-0.100
0.284	-0.128	-0.145	2.520	-0.024	0.082	-0.100
0.272	-0.128	-0.143	2.640	-0.023	0.082	-0.100
0.260	-0.128	-0.140	2.760	-0.022	0.083	-0.100
0.248	-0.128	-0.138	2.880	-0.021	0.083	-0.100
0.235	-0.128	-0.135	3.000	-0.020	0.084	-0.100
0.223	-0.128	-0.133	3.120	-0.019	0.084	-0.100
0.211	-0.128	-0.130	3.240	-0.018	0.085	-0.100
0.200	-0.128	-0.127	3.360	-0.017	0.085	-0.100
0.188	-0.128	-0.124	3.480	-0.016	0.086	-0.100
0.176	-0.128	-0.120	3.600	-0.015	0.086	-0.100
0.165	-0.128	-0.117	3.720	-0.014	0.087	-0.100
0.153	-0.128	-0.114	3.840	-0.014	0.088	-0.100
0.142	-0.128	-0.110	3.960	-0.013	0.088	-0.100
0.130	-0.128	-0.106	4.080	-0.012	0.089	-0.100
0.119	-0.128	-0.102	4.200	-0.011	0.089	-0.100
0.108	-0.127	-0.098	4.320	-0.010	0.090	-0.100
0.097	-0.127	-0.094	4.440	-0.009	0.090	-0.100
0.086	-0.127	-0.090	4.560	-0.008	0.091	-0.100
0.075	-0.127	-0.085	4.680	-0.007	0.091	-0.100
0.065	-0.126	-0.081	4.800	-0.006	0.092	-0.100
0.054	-0.126	-0.076	4.920	-0.005	0.092	-0.100
0.044	-0.125	-0.071	5.040	-0.004	0.093	-0.100
0.033	-0.125	-0.066	5.160	-0.003	0.093	-0.100
0.023	-0.124	-0.061	5.280	-0.002	0.094	-0.100
0.013	-0.124	-0.056	5.400	-0.001	0.094	-0.100
0.003	-0.123	-0.051	5.520	-0.000	0.095	-0.100
-0.007	-0.123	-0.045	5.640	0.001	0.095	-0.100
-0.017	-0.122	-0.040	5.760	0.002	0.096	-0.100
-0.026	-0.121	-0.034	5.880	0.003	0.096	-0.100
-0.036	-0.120	-0.028	6.000	0.003	0.097	-0.100
-0.046	-0.119	-0.022	6.120	0.004	0.097	-0.100
-0.055	-0.118	-0.016	6.240	0.005	0.098	-0.100
-0.064	-0.117	-0.009	6.360	0.006	0.099	-0.100
-0.073	-0.116	-0.003	6.480	0.007	0.099	-0.100
-0.082	-0.115	0.004	6.600	0.008	0.100	-0.100
-0.091	-0.114	0.011	6.720	0.009	0.100	-0.100
-0.100	-0.113	0.018	6.840	0.010	0.101	-0.100
-0.109	-0.111	0.025	6.960	0.011	0.101	-0.100
-0.118	-0.110	0.032	7.080	0.012	0.102	-0.100
-0.126	-0.108	0.040	7.200	0.013	0.102	-0.100
-0.134	-0.107	0.047	7.320	0.014	0.103	-0.100
-0.143	-0.105	0.055	7.440	0.015	0.103	-0.100
-0.151	-0.103	0.063	7.560	0.016	0.104	-0.100
-0.159	-0.101	0.071	7.680	0.017	0.104	-0.100
-0.167	-0.099	0.079	7.800	0.018	0.105	-0.100
-0.175	-0.097	0.087	7.920	0.019	0.105	-0.100
-0.183	-0.095	0.096	8.040	0.020	0.106	-0.100
-0.190	-0.093	0.104	8.160	0.021	0.106	-0.100
-0.198	-0.090	0.113	8.280	0.021	0.107	-0.100
-0.206	-0.088	0.122	8.400	0.022	0.107	-0.100
-0.213	-0.086	0.131	8.520	0.023	0.108	-0.100
-0.220	-0.083	0.141	8.640	0.024	0.108	-0.100
-0.227	-0.080	0.150	8.760	0.025	0.109	-0.100
-0.235	-0.077	0.160	8.880	0.026	0.110	-0.100
-0.242	-0.074	0.170	9.000	0.027	0.110	-0.100
-0.249	-0.071	0.180	9.120	0.028	0.111	-0.100
-0.255	-0.068	0.190	9.240	0.029	0.111	-0.100
-0.262	-0.065	0.200	9.360	0.030	0.112	-0.100
-0.269	-0.061	0.211	9.480	0.031	0.112	-0.100
-0.275	-0.058	0.222	9.600	0.032	0.113	-0.100
-0.282	-0.054	0.232	9.720	0.033	0.113	-0.100
-0.288	-0.050	0.244	9.840	0.034	0.114	-0.100
-0.295	-0.046	0.255	9.960	0.035	0.114	-0.100
-0.295	-0.046	0.255	9.960	0.035	0.114	-0.100
-0.295	-0.046	0.255	9.960	0.035	0.114	-0.100
-0.295	-0.046	0.255	9.960	0.035	0.114	-0.100
-0.295	-0.046	0.255	9.960	0.035	0.114	-0.100
-0.295	-0.046	0.255	9.960	0.035	0.114	-0.100
-0.295	-0.046	0.255	9.960	0.035	0.114	-0.100
-0.295	-0.046	0.255	9.960	0.035	0.114	-0.100
-0.293	-0.089	0.212	0.080	0.034	0.114	-0.097
-0.280	-0.157	0.133	0.200	0.032	0.113	-0.094
-0.246	-0.230	0.032	0.320	0.028	0.110	-0.090
-0.216	-0.294	-0.052	0.440	0.024	0.108	-0.087
-0.175	-0.352	-0.135	0.560	0.019	0.105	-0.085
-0.124	-0.401	-0.214	0.680	0.013	0.102	-0.082
-0.062	-0.439	-0.283	0.800	0.006	0.098	-0.081
0.009	-0.464	-0.340	0.920	-0.001	0.095	-0.080
0.088	-0.473	-0.380	1.040	-0.008	0.091	-0.080
0.173	-0.466	-0.403	1.160	-0.015	0.087	-0.081
0.258	-0.445	-0.408	1.280	-0.022	0.083	-0.082
0.339	-0.411	-0.395	1.400	-0.028	0.079	-0.084
0.412	-0.366	-0.367	1.520	-0.033	0.076	-0.086
0.472	-0.313	-0.326	1.640	-0.038	0.074	-0.089
0.517	-0.254	-0.277	1.760	-0.041	0.072	-0.093
0.544	-0.191	-0.221	1.880	-0.043	0.071	-0.096
0.554	-0.127	-0.163	2.000	-0.044	0.071	-0.100
0.554	-0.127	-0.163	2.000	-0.044	0.071	-0.100
0.541	-0.127	-0.163	0.120	-0.043	0.071	-0.100
0.541	-0.127	-0.163	0.120	-0.043	0.071	-0.100
0.528	-0.127	-0.163	0.240	-0.042	0.072	-0.100
0.515	-0.127	-0.163	0.360	-0.041	0.072	-0.100
0.502	-0.127	-0.163	0.480	-0.040	0.073	-0.100
0.489	-0.127	-0.163	0.600	-0.039	0.073	-0.100
0.476	-0.127	-0.163	0.720	-0.038	0.074	-0.100
0.463	-0.127	-0.163	0.840	-0.037	0.074	-0.100
0.450	-0.127	-0.162	0.960	-0.036	0.075	-0.100
0.437	-0.127	-0.162	1.080	-0.035	0.075	-0.100
0.424	-0.127	-0.161	1.200	-0.034	0.076	-0.100
0.411	-0.127	-0.160	1.320	-0.033	0.077	-0.100
0.398	-0.127	-0.159	1.440	-0.032	0.077	-0.100
0.385	-0.127	-0.158	1.560	-0.031	0.078	-0.100
0.372	-0.127	-0.157	1.680	-0.031	0.078	-0.100
0.360	-0.127	-0.156	1.800	-0.030	0.079	-0.100
0.347	-0.127	-0.154	1.920	-0.029	0.079	-0.100
0.334	-0.128	-0.152	2.040	-0.028	0.080	-0.100
0.322	-0.128	-0.151	2.160	-0.027	0.080	-0.100
