0	0.030	-1.048	0.031	-0.958	0.032	-0.848	0.000	0.000
1	-0.188	0.239	-0.110	0.282	-0.056	0.186	-0.135	0.142	
2	-0.007	-0.656	0.083	-0.659	0.079	-0.769	-0.011	-0.766	
3	0.036	-0.668	-0.007	-0.667	0.000	0.000	0.000	0.000	
4	0.005	-0.663	0.045	-0.663	0.045	-0.687	0.005	-0.687	
5	-0.003	-0.668	0.000	0.000	0.000	0.000	0.000	0.000

0	0.062	-0.693	0.073	-0.604	-0.166	-0.831	0.000	0.000
1	-0.188	-0.176	-0.108	-0.134	-0.057	-0.231	-0.136	-0.273	
2	-0.183	-0.631	-0.094	-0.645	-0.112	-0.754	-0.201	-0.739	
3	-0.144	-0.653	-0.186	-0.646	0.000	0.000	0.000	0.000	
4	-0.145	-0.633	-0.105	-0.633	-0.105	-0.657	-0.145	-0.657	
5	-0.153	-0.653	0.000	0.000	0.000	0.000	0.000	0.000

0	0.079	-0.443	0.084	-0.353	0.292	-0.377	0.000	0.000
1	0.052	0.239	0.130	0.282	0.184	0.186	0.105	0.142	
2	0.259	-0.183	0.349	-0.190	0.340	-0.300	0.250	-0.292	
3	0.304	-0.197	0.348	-0.200	0.000	0.000	0.000	0.000	
4	0.305	-0.183	0.345	-0.183	0.345	-0.207	0.305	-0.207	
5	0.353	-0.197	0.000	0.000	0.000	0.000	0.000	0.000

0	0.077	-0.354	0.080	-0.264	-0.137	-0.513	0.000	0.000
1	-0.188	-0.176	-0.108	-0.134	-0.057	-0.231	-0.136	-0.273	
2	-0.172	-0.315	-0.082	-0.321	-0.090	-0.430	-0.180	-0.424	
3	-0.131	-0.333	-0.173	-0.330	0.000	0.000	0.000	0.000	
4	-0.145	-0.333	-0.105	-0.333	-0.105	-0.357	-0.145	-0.357	
3	-0.131	-0.333	-0.083	-0.336	0.000	0.000	0.000	0.000	
4	-0.145	-0.333	-0.105	-0.333	-0.105	-0.357	-0.145	-0.357	
5	-0.119	-0.333	0.000	0.000	0.000	0.000	0.000	0.000
4	-0.145	-0.333	-0.105	-0.333	-0.105	-0.357	-0.145	-0.357	
5	-0.097	-0.333	0.000	0.000	0.000	0.000	0.000	0.000
4	-0.095	-0.333	-0.055	-0.333	-0.055	-0.357	-0.095	-0.357	
5	-0.087	-0.333	0.000	0.000	0.000	0.000	0.000	0.000
4	-0.095	-0.333	-0.055	-0.333	-0.055	-0.357	-0.095	-0.357	
4	-0.145	-0.333	-0.105	-0.333	-0.105	-0.357	-0.145	-0.357	
5	-0.131	-0.365	0.000	0.000	0.000	0.000	0.000	0.000
4	-0.145	-0.363	-0.105	-0.363	-0.105	-0.387	-0.145	-0.387	
5	-0.131	-0.395	0.000	0.000	0.000	0.000	0.000	0.000

0	0.084	-0.154	0.089	-0.064	0.070	-0.435	0.000	0.000
1	0.052	-0.177	0.130	-0.134	0.184	-0.230	0.105	-0.273	
2	0.036	-0.240	0.126	-0.247	0.118	-0.356	0.028	-0.350	
3	0.079	-0.256	0.125	-0.259	0.000	0.000	0.000	0.000	
4	0.055	-0.243	0.095	-0.243	0.095	-0.267	0.055	-0.267	
5	0.103	-0.256	0.000	0.000	0.000	0.000	0.000	0.000

0	0.077	0.364	0.078	0.454	0.075	0.079	0.000	0.000
1	0.052	-0.177	0.130	-0.134	0.184	-0.230	0.105	-0.273	
2	0.033	0.275	0.123	0.272	0.120	0.163	0.030	0.165	
3	0.077	0.259	0.122	0.258	0.000	0.000	0.000	0.000	
4	0.055	0.267	0.095	0.267	0.095	0.243	0.055	0.243	
5	0.103	0.259	0.000	0.000	0.000	0.000	0.000	0.000

