0.000	0.000	0.000	0.000	0.000
0.000	0.000	0.000	0.000	0.000
0.000	0.000	0.000	0.000	0.000
0.000	0.000	0.000	0.000	0.000
0.000	0.000	0.000	0.000	0.000
0.000	0.000	0.000	0.000	0.000
0.000	0.000	0.000	0.000	0.000
0.000	0.000	0.000	0.000	0.000
0.000	0.000	0.000	0.000	0.000
0.000	0.000	0.000	0.000	0.000
0.000	0.000	0.000	0.000	0.000
0.000	0.000	0.000	0.000	0.000
0.000	0.000	0.000	0.000	0.000
0.000	0.000	0.000	0.000	0.000
0.000	0.000	0.000	0.000	0.000
0.000	0.000	0.000	0.000	0.000
0.000	0.000	0.000	0.000	0.000
0.000	0.000	0.000	0.000	0.000
0.000	0.000	0.000	0.000	0.000
0.000	0.000	0.000	0.000	0.000
0.000	0.000	0.000	0.000	0.000
0.000	0.000	0.000	0.000	0.000
0.000	0.000	0.000	0.000	0.000
0.000	0.000	0.000	0.000	0.000
0.000	0.000	0.000	0.000	0.000
0.000	0.000	0.000	0.000	0.000
0.000	0.000	0.000	0.000	0.000
0.000	0.000	0.000	0.000	0.000
0.000	0.000	0.000	0.000	0.000
0.000	0.000	0.000	0.000	0.000
0.000	0.000	0.000	0.000	0.000
0.000	0.000	0.000	0.000	0.000
0.000	0.000	0.000	0.000	0.000
-1.250	1.250	0.006	24.994	0.000
-1.256	0.007	-0.134	0.134	0.000
-1.256	0.000	-0.134	0.000	0.000
-1.260	0.003	-0.066	0.066	0.000
-1.259	0.001	0.020	0.020	0.000
-1.257	0.002	0.039	0.039	0.020
-1.255	0.002	0.042	0.042	0.039
-1.253	0.002	0.041	0.041	0.041
-1.250	0.002	0.042	0.042	0.042
-1.250	0.000	0.042	0.000	0.042
-1.248	0.002	0.042	0.042	0.042
-1.246	0.002	0.043	0.043	0.042
-1.244	0.002	0.043	0.043	0.042
-1.242	0.002	0.042	0.042	0.042
-1.240	0.002	0.045	0.045	0.042
-1.237	0.002	0.046	0.046	0.042
-1.237	0.000	0.046	0.000	0.042
-1.235	0.002	0.047	0.047	0.043
-1.233	0.002	0.047	0.047	0.043
-1.230	0.002	0.047	0.047	0.045
-1.228	0.002	0.047	0.047	0.046
-1.226	0.002	0.048	0.048	0.047
-1.223	0.002	0.048	0.048	0.047
-1.223	0.000	0.048	0.000	0.047
-1.221	0.002	0.048	0.048	0.047
-1.218	0.002	0.048	0.048	0.047
-1.218	0.000	0.048	0.000	0.047
-1.216	0.002	0.048	0.048	0.048
-1.214	0.002	0.048	0.048	0.048
-1.211	0.002	0.048	0.048	0.048
-1.209	0.002	0.048	0.048	0.048
-1.206	0.002	0.049	0.049	0.048
-1.204	0.002	0.049	0.049	0.048
-1.202	0.002	0.049	0.049	0.048
-1.199	0.002	0.049	0.049	0.048
-1.197	0.002	0.050	0.050	0.049
-1.194	0.002	0.050	0.050	0.049
-1.194	0.000	0.050	0.000	0.049
-1.192	0.002	0.050	0.050	0.049
-1.189	0.002	0.050	0.050	0.049
-1.187	0.002	0.049	0.049	0.049
-1.186	0.001	0.019	0.019	0.049
-1.184	0.002	0.032	0.032	0.049
-1.182	0.002	0.047	0.047	0.049
-1.182	0.000	0.047	0.000	0.049
-1.181	0.001	0.019	0.019	0.049
-1.179	0.002	0.033	0.033	0.047
-1.178	0.001	0.017	0.017	0.033
-1.177	0.002	0.031	0.031	0.033
-1.177	0.000	0.031	0.000	0.032
-1.176	0.001	0.017	0.024	0.031
-1.176	0.000	0.017	0.000	0.024
-1.175	0.000	0.003	0.003	0.024
-1.175	0.001	0.014	0.014	0.019
-1.174	0.001	0.012	0.012	0.017
-1.174	0.000	0.001	0.001	0.017
-1.173	0.001	0.022	0.022	0.017
-1.173	0.000	0.022	0.000	0.014
-1.173	0.000	0.009	0.009	0.012
-1.171	0.001	0.026	0.026	0.012
-1.169	0.002	0.041	0.041	0.014
-1.168	0.001	0.017	0.017	0.014
-1.167	0.001	0.026	0.026	0.017
-1.167	0.000	0.026	0.000	0.017
-1.166	0.001	0.013	0.013	0.017
-1.165	0.001	0.026	0.026	0.022
-1.163	0.002	0.041	0.041	0.026
-1.162	0.001	0.018	0.018	0.026
-1.161	0.001	0.026	0.026	0.026
-1.160	0.001	0.015	0.015	0.026
-1.159	0.001	0.026	0.026	0.026
-1.158	0.001	0.015	0.015	0.026
-1.157	0.001	0.027	0.027	0.026
-1.156	0.001	0.016	0.016	0.026
-1.155	0.001	0.027	0.027	0.026
-1.152	0.002	0.042	0.042	0.026
-1.152	0.000	0.042	0.000	0.026
-1.151	0.001	0.020	0.020	0.026
-1.150	0.001	0.026	0.026	0.026
-1.149	0.001	0.017	0.017	0.026
-1.148	0.001	0.026	0.026	0.026
-1.147	0.001	0.017	0.017	0.026
-1.146	0.001	0.027	0.027	0.026
-1.146	0.000	0.027	0.000	0.026
-1.144	0.002	0.027	0.044	0.026
-1.144	0.000	0.027	0.000	0.026
-1.141	0.002	0.043	0.043	0.026
-1.140	0.001	0.022	0.022	0.026
-1.139	0.001	0.027	0.027	0.026
-1.139	0.000	0.027	0.000	0.026
-1.138	0.001	0.018	0.018	0.026
-1.137	0.001	0.027	0.027	0.027
-1.135	0.002	0.044	0.044	0.027
-1.133	0.001	0.022	0.022	0.027
-1.132	0.001	0.027	0.027	0.027
-1.131	0.001	0.018	0.018	0.027
-1.130	0.001	0.027	0.027	0.027
-1.130	0.000	0.027	0.000	0.027
-1.128	0.002	0.044	0.044	0.027
-1.127	0.001	0.022	0.022	0.027
-1.125	0.001	0.028	0.028	0.027
-1.124	0.001	0.018	0.018	0.027
-1.123	0.001	0.028	0.028	0.027
-1.122	0.001	0.019	0.019	0.027
-1.120	0.001	0.029	0.029	0.027
-1.120	0.000	0.029	0.000	0.027
-1.118	0.002	0.045	0.045	0.028
-1.117	0.001	0.022	0.022	0.028
-1.116	0.001	0.029	0.029	0.028
-1.116	0.000	0.029	0.000	0.028
-1.113	0.002	0.030	0.049	0.028
-1.111	0.002	0.046	0.046	0.029
-1.110	0.001	0.023	0.023	0.029
-1.110	0.000	0.023	0.000	0.029
-1.107	0.002	0.019	0.049	0.029
-1.107	0.000	0.019	0.000	0.029
-1.106	0.002	0.031	0.031	0.031
-1.105	0.001	0.019	0.019	0.029
-1.103	0.002	0.031	0.031	0.031
-1.102	0.001	0.019	0.019	0.031
-1.101	0.002	0.031	0.031	0.031
-1.100	0.001	0.019	0.019	0.031
-1.100	0.000	0.019	0.000	0.023
-1.098	0.002	0.032	0.032	0.031
-1.096	0.002	0.047	0.047	0.031
-1.095	0.001	0.023	0.023	0.031
-1.093	0.002	0.033	0.033	0.031
-1.092	0.001	0.020	0.020	0.031
-1.090	0.002	0.033	0.033	0.031
-1.089	0.001	0.020	0.020	0.031
-1.089	0.000	0.006	0.006	0.031
-1.089	0.000	0.006	0.000	0.023
-1.089	0.000	0.002	0.002	0.023
-1.089	0.000	-0.008	0.008	0.023
-1.089	0.000	-0.008	0.000	0.020
-1.089	0.000	0.009	0.009	0.020
-1.087	0.001	0.029	0.029	0.020
-1.087	0.001	0.012	0.012	0.012
-1.085	0.001	0.028	0.028	0.012
-1.085	0.001	0.011	0.011	0.011
-1.085	0.000	0.011	0.000	0.009
-1.084	0.001	0.028	0.028	0.011
-1.081	0.002	0.042	0.042	0.012
-1.081	0.001	0.013	0.013	0.013
-1.079	0.001	0.027	0.027	0.027
-1.079	0.000	0.027	0.000	0.027
-1.077	0.002	0.042	0.042	0.028
-1.077	0.001	0.014	0.014	0.027
-1.075	0.001	0.027	0.027	0.027
-1.075	0.001	0.012	0.012	0.027
-1.073	0.001	0.028	0.028	0.027
-1.073	0.000	0.028	0.000	0.027
-1.071	0.002	0.043	0.043	0.027
-1.070	0.001	0.014	0.014	0.027
-1.069	0.001	0.028	0.028	0.027
-1.068	0.001	0.013	0.013	0.027
-1.067	0.001	0.029	0.029	0.028
-1.066	0.001	0.013	0.013	0.027
-1.065	0.001	0.029	0.029	0.028
-1.065	0.000	0.029	0.000	0.028
-1.063	0.002	0.044	0.044	0.028
-1.062	0.001	0.016	0.016	0.028
-1.060	0.001	0.029	0.029	0.029
-1.060	0.001	0.014	0.014	0.028
-1.058	0.001	0.030	0.030	0.029
-1.058	0.000	0.030	0.000	0.029
-1.056	0.002	0.046	0.046	0.029
-1.055	0.001	0.020	0.020	0.029
-1.055	0.000	0.020	0.000	0.029
-1.051	0.004	0.048	0.079	0.029
-1.050	0.001	0.020	0.020	0.029
-1.048	0.002	0.032	0.032	0.029
-1.048	0.000	0.032	0.000	0.029
-1.047	0.001	0.018	0.018	0.020
-1.046	0.002	0.033	0.033	0.030
-1.045	0.001	0.018	0.018	0.020
-1.043	0.002	0.033	0.033	0.032
-1.043	0.000	0.033	0.000	0.020
-1.041	0.003	0.034	0.052	0.032
-1.038	0.002	0.049	0.049	0.033
-1.038	0.000	0.049	0.000	0.032
-1.037	0.001	0.020	0.020	0.032
-1.035	0.002	0.033	0.033	0.033
-1.035	0.001	0.018	0.018	0.033
-1.033	0.002	0.035	0.035	0.033
-1.030	0.002	0.046	0.046	0.033
-1.030	0.001	0.020	0.020	0.033
-1.028	0.002	0.030	0.030	0.033
-1.028	0.000	0.030	0.000	0.033
-1.027	0.001	0.018	0.018	0.030
-1.026	0.002	0.031	0.031	0.030
-1.025	0.001	0.018	0.018	0.030
-1.023	0.002	0.031	0.031	0.031
-1.023	0.000	0.031	0.000	0.030
-1.022	0.001	0.018	0.018	0.030
-1.021	0.002	0.032	0.032	0.030
-1.018	0.002	0.046	0.046	0.030
-1.017	0.001	0.019	0.019	0.030
-1.016	0.002	0.032	0.032	0.031
-1.015	0.001	0.017	0.017	0.031
-1.013	0.002	0.033	0.033	0.031
-1.013	0.000	0.033	0.000	0.031
-1.012	0.001	0.017	0.017	0.031
-1.011	0.002	0.033	0.033	0.032
-1.008	0.002	0.047	0.047	0.032
-1.007	0.001	0.018	0.018	0.032
-1.006	0.002	0.033	0.033	0.033
-1.006	0.000	0.033	0.000	0.032
-1.004	0.002	0.045	0.045	0.033
-1.003	0.001	0.010	0.010	0.033
-1.002	0.001	0.017	0.017	0.033
-1.002	0.000	0.003	0.003	0.018
-1.002	0.000	-0.006	0.006	0.018
-1.002	0.000	-0.006	0.000	0.018
-1.002	0.001	0.011	0.011	0.017
-1.002	0.000	0.002	0.002	0.011
-1.001	0.001	0.022	0.022	0.011
-1.001	0.000	0.022	0.000	0.010
-1.000	0.000	0.010	0.010	0.010
-0.999	0.001	0.026	0.026	0.010
-0.997	0.002	0.040	0.040	0.011
-0.996	0.001	0.016	0.016	0.011
-0.995	0.001	0.026	0.026	0.016
-0.994	0.001	0.013	0.013	0.016
-0.993	0.001	0.027	0.027	0.022
-0.991	0.002	0.041	0.041	0.026
-0.991	0.000	0.041	0.000	0.026
-0.990	0.001	0.018	0.018	0.026
-0.988	0.001	0.027	0.027	0.026
-0.988	0.001	0.015	0.015	0.026
-0.986	0.001	0.027	0.027	0.027
-0.986	0.001	0.016	0.016	0.026
-0.984	0.001	0.027	0.027	0.027
-0.984	0.000	0.027	0.000	0.027
-0.982	0.002	0.042	0.042	0.027
-0.981	0.001	0.020	0.020	0.027
-0.980	0.001	0.027	0.027	0.027
-0.979	0.001	0.016	0.016	0.027
-0.978	0.001	0.027	0.027	0.027
-0.977	0.001	0.017	0.017	0.027
-0.975	0.001	0.027	0.027	0.027
-0.975	0.000	0.027	0.000	0.027
-0.973	0.002	0.044	0.044	0.027
-0.972	0.001	0.021	0.021	0.027
-0.971	0.001	0.027	0.027	0.027
-0.970	0.001	0.017	0.017	0.027
-0.969	0.001	0.026	0.026	0.027
-0.968	0.001	0.017	0.017	0.026
-0.966	0.001	0.026	0.026	0.026
-0.966	0.001	0.018	0.018	0.026
-0.964	0.001	0.027	0.027	0.026
-0.963	0.001	0.018	0.018	0.026
-0.962	0.001	0.027	0.027	0.026
-0.962	0.000	0.027	0.000	0.026
-0.960	0.002	0.043	0.043	0.026
-0.959	0.001	0.021	0.021	0.026
-0.957	0.001	0.028	0.028	0.026
-0.957	0.000	0.028	0.000	0.026
-0.957	0.001	0.018	0.018	0.026
-0.955	0.001	0.029	0.029	0.027
-0.953	0.002	0.045	0.045	0.027
-0.952	0.001	0.022	0.022	0.027
-0.950	0.001	0.029	0.029	0.028
-0.950	0.000	0.029	0.000	0.028
-0.948	0.002	0.045	0.045	0.029
-0.947	0.001	0.022	0.022	0.028
-0.946	0.001	0.029	0.029	0.029
-0.945	0.001	0.019	0.019	0.029
-0.943	0.001	0.030	0.030	0.029
-0.942	0.001	0.018	0.018	0.029
-0.941	0.001	0.028	0.028	0.029
-0.940	0.001	0.018	0.018	0.028
-0.938	0.001	0.029	0.029	0.029
-0.936	0.002	0.045	0.045	0.029
-0.936	0.000	0.045	0.000	0.029
-0.935	0.001	0.021	0.021	0.028
-0.934	0.001	0.030	0.030	0.029
-0.933	0.001	0.018	0.018	0.028
-0.931	0.002	0.031	0.031	0.029
-0.931	0.000	0.031	0.000	0.028
-0.929	0.002	0.031	0.049	0.029
-0.929	0.000	0.031	0.000	0.029
-0.927	0.002	0.045	0.045	0.030
-0.925	0.001	0.021	0.021	0.030
-0.924	0.002	0.031	0.031	0.030
-0.923	0.001	0.018	0.018	0.030
-0.921	0.002	0.032	0.032	0.031
-0.920	0.001	0.019	0.019	0.031
-0.920	0.000	0.019	0.000	0.031
-0.919	0.002	0.033	0.033	0.031
-0.917	0.002	0.035	0.035	0.032
-0.917	0.000	0.006	0.006	0.031
-0.917	0.000	0.006	0.000	0.031
-0.917	0.000	-0.005	0.005	0.021
-0.916	0.001	0.011	0.011	0.019
-0.916	0.000	0.003	0.003	0.018
-0.915	0.001	0.028	0.028	0.019
-0.914	0.001	0.012	0.012	0.012
-0.913	0.001	0.030	0.030	0.012
-0.912	0.001	0.012	0.012	0.012
-0.911	0.001	0.029	0.029	0.012
-0.911	0.000	0.029	0.000	0.012
-0.909	0.002	0.044	0.044	0.012
-0.908	0.001	0.014	0.014	0.014
-0.907	0.001	0.028	0.028	0.028
-0.906	0.001	0.012	0.012	0.028
-0.904	0.001	0.029	0.029	0.028
-0.904	0.001	0.013	0.013	0.028
-0.902	0.001	0.030	0.030	0.029
-0.902	0.000	0.030	0.000	0.028
-0.900	0.002	0.030	0.043	0.029
-0.900	0.000	0.030	0.000	0.028
-0.898	0.002	0.045	0.045	0.029
-0.897	0.001	0.015	0.015	0.028
-0.896	0.001	0.029	0.029	0.029
-0.895	0.001	0.014	0.014	0.029
-0.894	0.002	0.030	0.030	0.029
-0.893	0.001	0.014	0.014	0.029
-0.891	0.002	0.031	0.031	0.030
-0.891	0.000	0.031	0.000	0.029
-0.889	0.002	0.047	0.047	0.030
-0.888	0.001	0.017	0.017	0.029
-0.887	0.002	0.030	0.030	0.030
-0.886	0.001	0.015	0.015	0.029
-0.884	0.002	0.031	0.031	0.030
-0.883	0.001	0.016	0.016	0.030
-0.882	0.002	0.032	0.032	0.030
-0.882	0.000	0.032	0.000	0.030
-0.881	0.001	0.016	0.016	0.030
-0.879	0.002	0.032	0.032	0.030
-0.877	0.002	0.048	0.048	0.031
-0.876	0.001	0.019	0.019	0.030
-0.875	0.002	0.031	0.031	0.031
-0.874	0.001	0.016	0.016	0.031
-0.874	0.000	0.016	0.000	0.031
-0.872	0.002	0.032	0.032	0.031
-0.870	0.002	0.049	0.049	0.032
-0.869	0.001	0.018	0.018	0.031
-0.867	0.002	0.032	0.032	0.032
-0.866	0.001	0.017	0.017	0.032
-0.865	0.002	0.033	0.033	0.032
-0.865	0.000	0.033	0.000	0.031
-0.864	0.001	0.017	0.017	0.031
-0.862	0.002	0.034	0.034	0.032
-0.860	0.002	0.050	0.050	0.032
-0.859	0.001	0.019	0.019	0.032
-0.857	0.002	0.033	0.033	0.033
-0.857	0.000	0.033	0.000	0.032
-0.856	0.001	0.017	0.017	0.032
-0.854	0.002	0.035	0.035	0.033
-0.852	0.003	0.050	0.050	0.033
-0.851	0.001	0.018	0.018	0.033
-0.849	0.002	0.034	0.034	0.034
-0.849	0.000	0.034	0.000	0.034
-0.848	0.001	0.017	0.017	0.033
-0.847	0.002	0.036	0.036	0.033
-0.844	0.003	0.051	0.051	0.034
-0.843	0.001	0.018	0.018	0.034
-0.841	0.002	0.036	0.036	0.035
-0.841	0.001	0.017	0.017	0.035
-0.839	0.002	0.038	0.038	0.036
-0.838	0.001	0.017	0.017	0.034
-0.836	0.002	0.038	0.038	0.036
-0.836	0.000	0.038	0.000	0.036
-0.833	0.003	0.052	0.052	0.036
-0.833	0.001	0.017	0.017	0.036
-0.831	0.002	0.038	0.038	0.038
-0.830	0.001	0.016	0.016	0.036
-0.828	0.002	0.039	0.039	0.038
-0.827	0.001	0.015	0.015	0.038
-0.826	0.001	0.027	0.027	0.038
-0.826	0.000	0.027	0.000	0.027
-0.825	0.000	0.006	0.006	0.027
-0.826	0.000	-0.005	0.005	0.017
-0.826	0.000	-0.005	0.000	0.017
-0.825	0.000	0.009	0.009	0.016
-0.824	0.001	0.029	0.029	0.016
-0.823	0.001	0.014	0.014	0.015
-0.822	0.001	0.028	0.028	0.015
-0.821	0.001	0.014	0.014	0.014
-0.820	0.001	0.027	0.027	0.014
-0.818	0.002	0.042	0.042	0.014
-0.818	0.000	0.042	0.000	0.014
-0.817	0.001	0.017	0.017	0.017
-0.815	0.001	0.026	0.026	0.026
-0.815	0.001	0.014	0.014	0.026
-0.813	0.001	0.027	0.027	0.027
-0.813	0.001	0.015	0.015	0.026
-0.813	0.000	0.015	0.000	0.026
-0.809	0.003	0.043	0.069	0.026
-0.809	0.000	0.043	0.000	0.026
-0.808	0.001	0.019	0.019	0.019
-0.807	0.001	0.026	0.026	0.019
-0.806	0.001	0.016	0.016	0.019
-0.805	0.001	0.027	0.027	0.026
-0.804	0.001	0.017	0.017	0.019
-0.803	0.001	0.027	0.027	0.026
-0.800	0.002	0.044	0.044	0.026
-0.799	0.001	0.020	0.020	0.026
-0.798	0.001	0.027	0.027	0.027
-0.798	0.000	0.027	0.000	0.026
-0.797	0.001	0.018	0.018	0.026
-0.796	0.001	0.028	0.028	0.027
-0.795	0.001	0.018	0.018	0.027
-0.793	0.001	0.029	0.029	0.027
-0.792	0.001	0.019	0.019	0.027
-0.792	0.000	0.019	0.000	0.027
-0.791	0.001	0.029	0.029	0.027
-0.789	0.002	0.046	0.046	0.027
-0.788	0.001	0.022	0.022	0.027
-0.786	0.001	0.029	0.029	0.028
-0.785	0.001	0.019	0.019	0.028
-0.784	0.001	0.030	0.030	0.029
-0.783	0.001	0.019	0.019	0.029
-0.781	0.002	0.030	0.030	0.029
-0.781	0.000	0.030	0.000	0.029
-0.779	0.002	0.047	0.047	0.029
-0.778	0.001	0.022	0.022	0.029
-0.776	0.002	0.030	0.030	0.030
-0.775	0.001	0.019	0.019	0.029
-0.774	0.002	0.031	0.031	0.030
-0.773	0.001	0.020	0.020	0.030
-0.771	0.002	0.032	0.032	0.030
-0.770	0.001	0.020	0.020	0.030
-0.768	0.002	0.032	0.032	0.030
-0.768	0.000	0.032	0.000	0.030
-0.766	0.002	0.048	0.048	0.031
-0.765	0.001	0.023	0.023	0.030
-0.763	0.002	0.032	0.032	0.031
-0.762	0.001	0.020	0.020	0.031
-0.761	0.002	0.033	0.033	0.032
-0.760	0.001	0.021	0.021	0.032
-0.758	0.002	0.034	0.034	0.032
-0.757	0.001	0.021	0.021	0.032
-0.757	0.000	0.021	0.000	0.032
-0.755	0.002	0.034	0.034	0.032
-0.753	0.002	0.049	0.049	0.033
-0.752	0.001	0.023	0.023	0.032
-0.750	0.002	0.034	0.034	0.033
-0.749	0.001	0.021	0.021	0.033
-0.747	0.002	0.035	0.035	0.034
-0.746	0.001	0.021	0.021	0.034
-0.746	0.000	0.021	0.000	0.034
-0.744	0.002	0.036	0.036	0.034
-0.742	0.003	0.051	0.051	0.034
-0.742	0.000	0.051	0.000	0.034
-0.739	0.003	0.036	0.060	0.035
-0.739	0.000	0.036	0.000	0.034
-0.736	0.003	0.051	0.051	0.035
-0.735	0.001	0.024	0.024	0.035
-0.734	0.001	0.026	0.026	0.035
-0.734	0.000	0.026	0.000	0.026
-0.733	0.000	0.007	0.007	0.026
-0.734	0.000	-0.005	0.005	0.026
-0.733	0.001	0.011	0.011	0.024
-0.733	0.000	0.004	0.004	0.011
-0.732	0.001	0.023	0.023	0.023
-0.732	0.000	0.023	0.000	0.011
-0.730	0.002	0.038	0.038	0.023
-0.729	0.001	0.013	0.013	0.013
-0.728	0.001	0.024	0.024	0.013
-0.727	0.001	0.011	0.011	0.011
-0.726	0.001	0.025	0.025	0.013
-0.726	0.001	0.011	0.011	0.013
-0.726	0.000	0.011	0.000	0.013
-0.724	0.001	0.025	0.025	0.023
-0.722	0.002	0.039	0.039	0.024
-0.722	0.001	0.014	0.014	0.024
-0.720	0.001	0.024	0.024	0.024
-0.720	0.000	0.024	0.000	0.024
-0.719	0.002	0.025	0.038	0.024
-0.719	0.000	0.025	0.000	0.024
-0.718	0.001	0.013	0.013	0.024
-0.717	0.001	0.026	0.026	0.024
-0.714	0.002	0.043	0.043	0.025
-0.714	0.001	0.016	0.016	0.025
-0.714	0.000	0.016	0.000	0.024
-0.712	0.001	0.028	0.028	0.024
-0.710	0.002	0.044	0.044	0.026
-0.709	0.001	0.016	0.016	0.026
-0.708	0.001	0.028	0.028	0.028
-0.707	0.001	0.014	0.014	0.026
-0.706	0.002	0.030	0.030	0.028
-0.706	0.000	0.030	0.000	0.028
-0.703	0.002	0.047	0.047	0.028
-0.702	0.001	0.019	0.019	0.028
-0.702	0.000	0.019	0.000	0.028
-0.701	0.002	0.031	0.031	0.028
-0.699	0.002	0.047	0.047	0.030
-0.698	0.001	0.018	0.018	0.028
-0.696	0.002	0.031	0.031	0.030
-0.695	0.001	0.016	0.016	0.030
-0.695	0.000	0.016	0.000	0.030
-0.694	0.002	0.032	0.032	0.031
-0.690	0.003	0.018	0.067	0.031
-0.690	0.000	0.018	0.000	0.031
-0.689	0.002	0.031	0.031	0.031
-0.688	0.001	0.017	0.017	0.031
-0.686	0.002	0.035	0.035	0.031
-0.685	0.001	0.019	0.019	0.031
-0.683	0.002	0.035	0.035	0.031
-0.683	0.001	0.019	0.019	0.031
-0.681	0.002	0.035	0.035	0.032
-0.680	0.001	0.019	0.019	0.032
-0.678	0.002	0.035	0.035	0.035
-0.678	0.000	0.035	0.000	0.031
-0.675	0.003	0.052	0.052	0.035
-0.674	0.001	0.020	0.020	0.035
-0.673	0.002	0.035	0.035	0.035
-0.672	0.001	0.018	0.018	0.035
-0.670	0.002	0.036	0.036	0.035
-0.669	0.001	0.019	0.019	0.035
-0.667	0.002	0.037	0.037	0.035
-0.667	0.000	0.037	0.000	0.035
-0.665	0.003	0.050	0.050	0.035
-0.664	0.001	0.021	0.021	0.035
-0.662	0.002	0.033	0.033	0.035
-0.661	0.001	0.018	0.018	0.033
-0.659	0.002	0.035	0.035	0.035
-0.657	0.003	0.050	0.050	0.035
-0.657	0.000	0.050	0.000	0.035
-0.656	0.001	0.021	0.021	0.033
-0.654	0.002	0.035	0.035	0.035
-0.653	0.001	0.018	0.018	0.033
-0.651	0.002	0.035	0.035	0.035
-0.651	0.001	0.018	0.018	0.033
-0.649	0.002	0.036	0.036	0.035
-0.648	0.001	0.018	0.018	0.035
-0.646	0.002	0.034	0.034	0.035
-0.646	0.000	0.034	0.000	0.034
-0.646	0.000	0.009	0.009	0.021
-0.645	0.001	0.021	0.021	0.021
-0.645	0.000	0.021	0.000	0.021
-0.645	0.000	-0.002	0.002	0.018
-0.644	0.000	0.009	0.009	0.018
-0.644	0.000	0.002	0.002	0.018
-0.643	0.001	0.021	0.021	0.018
-0.643	0.000	0.009	0.009	0.009
-0.643	0.000	0.009	0.000	0.009
-0.641	0.001	0.024	0.024	0.009
-0.641	0.000	0.024	0.000	0.009
-0.637	0.004	0.041	0.079	0.009
-0.637	0.000	0.041	0.000	0.009
-0.637	0.001	0.016	0.016	0.009
-0.635	0.001	0.025	0.025	0.016
-0.635	0.001	0.013	0.013	0.016
-0.634	0.001	0.025	0.025	0.021
-0.633	0.001	0.014	0.014	0.016
-0.632	0.001	0.025	0.025	0.024
-0.632	0.000	0.025	0.000	0.024
-0.630	0.002	0.025	0.039	0.025
-0.630	0.000	0.025	0.000	0.025
-0.628	0.002	0.040	0.040	0.025
-0.627	0.001	0.019	0.019	0.025
-0.625	0.001	0.025	0.025	0.025
-0.625	0.001	0.015	0.015	0.025
-0.624	0.001	0.024	0.024	0.025
-0.623	0.001	0.012	0.012	0.024
-0.623	0.000	0.012	0.000	0.024
-0.622	0.001	0.023	0.023	0.023
-0.620	0.002	0.044	0.044	0.024
-0.619	0.001	0.016	0.016	0.023
-0.618	0.001	0.023	0.023	0.023
-0.617	0.001	0.013	0.013	0.023
-0.616	0.001	0.027	0.027	0.023
-0.616	0.000	0.027	0.000	0.023
-0.614	0.002	0.023	0.037	0.023
-0.614	0.000	0.023	0.000	0.023
-0.612	0.002	0.043	0.043	0.023
-0.611	0.001	0.017	0.017	0.023
-0.609	0.001	0.026	0.026	0.026
-0.609	0.001	0.017	0.017	0.023
-0.609	0.000	0.017	0.000	0.023
-0.607	0.001	0.025	0.025	0.025
-0.605	0.002	0.042	0.042	0.026
-0.604	0.001	0.020	0.020	0.025
-0.603	0.001	0.025	0.025	0.025
-0.602	0.001	0.016	0.016	0.025
-0.601	0.001	0.026	0.026	0.025
-0.601	0.000	0.026	0.000	0.025
-0.600	0.001	0.017	0.017	0.025
-0.599	0.001	0.026	0.026	0.025
-0.597	0.002	0.042	0.042	0.025
-0.596	0.001	0.021	0.021	0.025
-0.594	0.001	0.026	0.026	0.026
-0.593	0.001	0.017	0.017	0.025
-0.593	0.000	0.017	0.000	0.025
-0.592	0.001	0.027	0.027	0.026
-0.590	0.002	0.043	0.043	0.026
-0.589	0.001	0.021	0.021	0.026
-0.588	0.001	0.027	0.027	0.026
-0.587	0.001	0.017	0.017	0.026
-0.585	0.001	0.028	0.028	0.027
-0.585	0.000	0.028	0.000	0.026
-0.584	0.001	0.018	0.018	0.026
-0.583	0.001	0.029	0.029	0.027
-0.581	0.002	0.045	0.045	0.027
-0.580	0.001	0.021	0.021	0.027
-0.578	0.001	0.029	0.029	0.028
-0.577	0.001	0.017	0.017	0.027
-0.577	0.000	0.017	0.000	0.027
-0.576	0.001	0.029	0.029	0.028
-0.574	0.002	0.045	0.045	0.029
-0.573	0.001	0.021	0.021	0.029
-0.571	0.002	0.030	0.030	0.029
-0.571	0.000	0.030	0.000	0.029
-0.569	0.002	0.031	0.048	0.029
-0.569	0.000	0.031	0.000	0.029
-0.566	0.002	0.046	0.046	0.029
-0.565	0.001	0.021	0.021	0.029
-0.564	0.001	0.024	0.024	0.029
-0.564	0.000	0.024	0.000	0.029
-0.564	0.000	0.007	0.007	0.024
-0.564	0.000	-0.005	0.005	0.021
-0.563	0.001	0.013	0.013	0.021
-0.563	0.000	0.004	0.004	0.013
-0.562	0.001	0.026	0.026	0.021
-0.561	0.001	0.011	0.011	0.013
-0.560	0.001	0.027	0.027	0.021
-0.560	0.000	0.027	0.000	0.013
-0.559	0.001	0.011	0.011	0.011
-0.558	0.001	0.027	0.027	0.011
-0.556	0.002	0.041	0.041	0.013
-0.555	0.001	0.013	0.013	0.013
-0.554	0.001	0.026	0.026	0.026
-0.552	0.002	0.041	0.041	0.026
-0.552	0.000	0.041	0.000	0.026
-0.551	0.001	0.013	0.013	0.026
-0.550	0.001	0.027	0.027	0.027
-0.549	0.001	0.015	0.015	0.026
-0.548	0.001	0.029	0.029	0.027
-0.547	0.001	0.015	0.015	0.027
-0.546	0.001	0.029	0.029	0.027
-0.546	0.000	0.029	0.000	0.026
-0.543	0.002	0.044	0.044	0.027
-0.543	0.001	0.018	0.018	0.027
-0.541	0.001	0.030	0.030	0.027
-0.540	0.001	0.016	0.016	0.027
-0.539	0.002	0.030	0.030	0.029
-0.538	0.001	0.016	0.016	0.029
-0.536	0.002	0.030	0.030	0.029
-0.536	0.001	0.016	0.016	0.029
-0.534	0.002	0.031	0.031	0.030
-0.534	0.000	0.031	0.000	0.030
-0.532	0.002	0.046	0.046	0.030
-0.531	0.001	0.019	0.019	0.030
-0.529	0.002	0.031	0.031	0.030
-0.528	0.001	0.017	0.017	0.030
-0.527	0.002	0.031	0.031	0.030
-0.524	0.002	0.048	0.048	0.031
-0.523	0.001	0.020	0.020	0.031
-0.523	0.000	0.020	0.000	0.031
-0.522	0.002	0.032	0.032	0.031
-0.521	0.001	0.018	0.018	0.031
-0.519	0.002	0.033	0.033	0.031
-0.518	0.001	0.018	0.018	0.031
-0.517	0.002	0.034	0.034	0.031
-0.516	0.001	0.017	0.017	0.031
-0.516	0.000	0.017	0.000	0.031
-0.514	0.002	0.034	0.034	0.032
-0.512	0.002	0.050	0.050	0.032
-0.511	0.001	0.020	0.020	0.032
-0.509	0.002	0.033	0.033	0.033
-0.508	0.001	0.018	0.018	0.033
-0.506	0.002	0.034	0.034	0.033
-0.505	0.001	0.019	0.019	0.033
-0.504	0.002	0.035	0.035	0.034
-0.503	0.001	0.018	0.018	0.033
-0.501	0.002	0.035	0.035	0.034
-0.501	0.000	0.035	0.000	0.034
-0.500	0.001	0.018	0.018	0.033
-0.498	0.002	0.034	0.034	0.033
-0.496	0.002	0.050	0.050	0.034
-0.496	0.000	0.050	0.000	0.034
-0.495	0.001	0.019	0.019	0.034
-0.493	0.002	0.034	0.034	0.034
-0.491	0.003	0.051	0.051	0.034
-0.491	0.000	0.051	0.000	0.034
-0.490	0.001	0.020	0.020	0.034
-0.488	0.002	0.036	0.036	0.034
-0.488	0.000	0.036	0.000	0.034
-0.485	0.003	0.052	0.052	0.034
-0.483	0.003	0.053	0.053	0.036
-0.482	0.001	0.018	0.018	0.034
-0.480	0.002	0.037	0.037	0.036
-0.480	0.000	0.037	0.000	0.036
-0.479	0.001	0.018	0.018	0.036
-0.477	0.002	0.039	0.039	0.036
-0.475	0.002	0.046	0.046	0.037
-0.474	0.001	0.014	0.014	0.037
-0.473	0.001	0.017	0.017	0.037
-0.473	0.000	0.017	0.000	0.037
-0.473	0.000	0.003	0.003	0.018
-0.473	0.000	-0.005	0.005	0.018
-0.473	0.001	0.013	0.013	0.017
-0.473	0.000	0.013	0.000	0.014
-0.471	0.001	0.028	0.028	0.017
-0.471	0.001	0.012	0.012	0.014
-0.469	0.001	0.026	0.026	0.014
-0.469	0.001	0.013	0.013	0.013
-0.467	0.001	0.027	0.027	0.013
-0.467	0.000	0.027	0.000	0.013
-0.467	0.001	0.014	0.014	0.013
-0.465	0.001	0.026	0.026	0.014
-0.463	0.002	0.041	0.041	0.026
-0.462	0.001	0.017	0.017	0.026
-0.461	0.001	0.026	0.026	0.026
-0.461	0.000	0.026	0.000	0.026
-0.460	0.001	0.015	0.015	0.026
-0.459	0.001	0.026	0.026	0.026
-0.457	0.002	0.042	0.042	0.026
-0.456	0.001	0.019	0.019	0.026
-0.455	0.001	0.026	0.026	0.026
-0.455	0.000	0.026	0.000	0.026
-0.454	0.001	0.016	0.016	0.026
-0.453	0.001	0.026	0.026	0.026
-0.451	0.002	0.043	0.043	0.026
-0.450	0.001	0.020	0.020	0.026
-0.448	0.001	0.025	0.025	0.026
-0.448	0.000	0.025	0.000	0.026
-0.446	0.002	0.026	0.043	0.026
-0.446	0.000	0.026	0.000	0.025
-0.443	0.003	0.043	0.064	0.026
-0.443	0.000	0.021	0.000	0.025
-0.442	0.001	0.026	0.026	0.026
-0.441	0.001	0.017	0.017	0.026
-0.440	0.001	0.027	0.027	0.026
-0.439	0.001	0.018	0.018	0.025
-0.437	0.001	0.027	0.027	0.026
-0.436	0.001	0.018	0.018	0.026
-0.435	0.001	0.028	0.028	0.027
-0.433	0.002	0.045	0.045	0.027
-0.433	0.000	0.045	0.000	0.027
-0.432	0.001	0.022	0.022	0.026
-0.430	0.001	0.027	0.027	0.027
-0.429	0.001	0.018	0.018	0.027
-0.428	0.001	0.028	0.028	0.027
-0.428	0.000	0.028	0.000	0.027
-0.427	0.001	0.019	0.019	0.027
-0.426	0.001	0.029	0.029	0.027
-0.423	0.002	0.046	0.046	0.028
-0.422	0.001	0.022	0.022	0.027
-0.421	0.001	0.028	0.028	0.027
-0.420	0.001	0.018	0.018	0.027
-0.420	0.000	0.018	0.000	0.027
-0.416	0.004	0.047	0.076	0.028
-0.416	0.000	0.047	0.000	0.028
-0.415	0.001	0.021	0.021	0.022
-0.414	0.001	0.028	0.028	0.028
-0.413	0.001	0.018	0.018	0.028
-0.411	0.001	0.026	0.026	0.026
-0.411	0.000	0.026	0.000	0.022
-0.411	0.001	0.018	0.018	0.021
-0.409	0.001	0.027	0.027	0.021
-0.407	0.002	0.042	0.042	0.026
-0.406	0.001	0.021	0.021	0.026
-0.405	0.001	0.028	0.028	0.026
-0.404	0.001	0.018	0.018	0.026
-0.402	0.001	0.028	0.028	0.027
-0.401	0.001	0.018	0.018	0.026
-0.401	0.000	0.018	0.000	0.026
-0.400	0.001	0.029	0.029	0.027
-0.398	0.002	0.044	0.044	0.028
-0.397	0.001	0.021	0.021	0.028
-0.395	0.001	0.029	0.029	0.028
-0.394	0.001	0.018	0.018	0.028
-0.393	0.001	0.030	0.030	0.028
-0.392	0.001	0.018	0.018	0.028
-0.390	0.002	0.032	0.032	0.029
-0.389	0.001	0.019	0.019	0.029
-0.389	0.000	0.019	0.000	0.029
-0.388	0.001	0.024	0.024	0.029
-0.388	0.000	0.006	0.006	0.024
-0.388	0.000	0.006	0.000	0.021
-0.388	0.000	-0.005	0.005	0.019
-0.388	0.001	0.011	0.011	0.018
-0.386	0.001	0.029	0.029	0.019
-0.386	0.001	0.011	0.011	0.018
-0.384	0.001	0.025	0.025	0.019
-0.382	0.002	0.039	0.039	0.019
-0.382	0.001	0.014	0.014	0.014
-0.382	0.000	0.014	0.000	0.014
-0.381	0.001	0.024	0.024	0.014
-0.380	0.001	0.011	0.011	0.014
-0.379	0.001	0.025	0.025	0.024
-0.378	0.001	0.012	0.012	0.024
-0.377	0.001	0.025	0.025	0.025
-0.376	0.001	0.012	0.012	0.024
-0.376	0.000	0.012	0.000	0.024
-0.375	0.001	0.025	0.025	0.024
-0.373	0.002	0.039	0.039	0.024
-0.372	0.001	0.015	0.015	0.024
-0.372	0.000	0.015	0.000	0.024
-0.371	0.001	0.025	0.025	0.025
-0.371	0.000	0.025	0.000	0.025
-0.369	0.002	0.039	0.039	0.025
-0.367	0.002	0.042	0.042	0.025
-0.366	0.001	0.014	0.014	0.025
-0.365	0.001	0.025	0.025	0.025
-0.365	0.000	0.025	0.000	0.025
-0.363	0.002	0.040	0.040	0.025
-0.362	0.001	0.015	0.015	0.025
-0.362	0.000	0.015	0.000	0.025
-0.361	0.001	0.025	0.025	0.025
-0.361	0.000	0.025	0.000	0.025
-0.359	0.002	0.041	0.041	0.025
-0.359	0.000	0.041	0.000	0.025
-0.357	0.002	0.043	0.043	0.025
-0.355	0.002	0.042	0.042	0.025
-0.354	0.001	0.015	0.015	0.025
-0.353	0.001	0.026	0.026	0.026
-0.351	0.002	0.042	0.042	0.026
-0.350	0.001	0.017	0.017	0.026
-0.348	0.001	0.027	0.027	0.027
-0.348	0.001	0.016	0.016	0.027
-0.348	0.000	0.016	0.000	0.027
-0.346	0.001	0.028	0.028	0.027
-0.346	0.000	0.028	0.000	0.027
-0.345	0.001	0.016	0.016	0.026
-0.345	0.000	0.016	0.000	0.017
-0.344	0.001	0.029	0.029	0.026
-0.342	0.002	0.044	0.044	0.027
-0.339	0.002	0.046	0.046	0.027
-0.339	0.001	0.018	0.018	0.027
-0.337	0.001	0.029	0.029	0.028
-0.336	0.001	0.017	0.017	0.028
-0.335	0.002	0.030	0.030	0.029
-0.332	0.002	0.045	0.045	0.029
-0.332	0.000	0.045	0.000	0.029
-0.332	0.001	0.019	0.019	0.029
-0.330	0.002	0.030	0.030	0.030
-0.329	0.001	0.017	0.017	0.030
-0.328	0.002	0.031	0.031	0.030
-0.325	0.002	0.046	0.046	0.030
-0.324	0.001	0.019	0.019	0.030
-0.323	0.002	0.031	0.031	0.030
-0.323	0.000	0.031	0.000	0.030
-0.322	0.001	0.017	0.017	0.030
-0.320	0.002	0.032	0.032	0.030
-0.319	0.001	0.017	0.017	0.030
-0.318	0.002	0.033	0.033	0.031
-0.318	0.000	0.033	0.000	0.031
-0.317	0.001	0.017	0.017	0.031
-0.315	0.002	0.034	0.034	0.031
-0.313	0.002	0.048	0.048	0.031
-0.312	0.001	0.018	0.018	0.031
-0.310	0.002	0.034	0.034	0.032
-0.308	0.002	0.047	0.047	0.033
-0.307	0.001	0.018	0.018	0.033
-0.307	0.000	0.018	0.000	0.033
-0.306	0.001	0.025	0.025	0.033
-0.306	0.000	0.006	0.006	0.025
-0.306	0.000	0.006	0.000	0.025
-0.306	0.000	-0.007	0.007	0.025
-0.305	0.001	0.012	0.012	0.018
-0.305	0.000	0.004	0.004	0.018
-0.304	0.001	0.028	0.028	0.018
-0.304	0.000	0.028	0.000	0.012
-0.303	0.001	0.013	0.013	0.012
-0.302	0.001	0.028	0.028	0.012
-0.300	0.002	0.041	0.041	0.013
-0.299	0.001	0.014	0.014	0.013
-0.298	0.001	0.026	0.026	0.014
-0.298	0.000	0.026	0.000	0.014
-0.297	0.001	0.012	0.012	0.014
-0.296	0.001	0.026	0.026	0.026
-0.294	0.002	0.041	0.041	0.026
-0.293	0.001	0.015	0.015	0.026
-0.292	0.001	0.026	0.026	0.026
-0.292	0.000	0.026	0.000	0.026
-0.290	0.002	0.042	0.042	0.026
-0.289	0.001	0.017	0.017	0.026
-0.287	0.001	0.026	0.026	0.026
-0.287	0.001	0.014	0.014	0.026
-0.285	0.001	0.027	0.027	0.026
-0.285	0.001	0.015	0.015	0.026
-0.283	0.001	0.027	0.027	0.026
-0.281	0.002	0.043	0.043	0.026
-0.280	0.001	0.019	0.019	0.026
-0.280	0.000	0.019	0.000	0.026
-0.278	0.002	0.016	0.042	0.027
-0.278	0.000	0.016	0.000	0.026
-0.277	0.001	0.028	0.028	0.027
-0.276	0.001	0.017	0.017	0.027
-0.274	0.001	0.028	0.028	0.027
-0.274	0.000	0.028	0.000	0.027
-0.274	0.001	0.017	0.017	0.027
-0.272	0.001	0.028	0.028	0.028
-0.270	0.002	0.045	0.045	0.028
-0.269	0.001	0.020	0.020	0.028
-0.268	0.001	0.028	0.028	0.028
-0.267	0.001	0.017	0.017	0.028
-0.267	0.000	0.017	0.000	0.028
-0.265	0.001	0.028	0.028	0.028
-0.263	0.002	0.045	0.045	0.028
-0.262	0.001	0.020	0.020	0.028
-0.261	0.001	0.027	0.027	0.028
-0.260	0.001	0.017	0.017	0.028
-0.258	0.001	0.028	0.028	0.028
-0.258	0.001	0.017	0.017	0.027
-0.256	0.002	0.031	0.031	0.028
-0.255	0.001	0.018	0.018	0.027
-0.254	0.002	0.031	0.031	0.028
-0.254	0.000	0.031	0.000	0.028
-0.251	0.002	0.048	0.048	0.028
-0.250	0.001	0.021	0.021	0.027
-0.248	0.002	0.032	0.032	0.028
-0.248	0.001	0.019	0.019	0.028
-0.246	0.002	0.033	0.033	0.031
-0.245	0.001	0.019	0.019	0.031
-0.245	0.000	0.019	0.000	0.031
-0.241	0.004	0.047	0.081	0.031
-0.241	0.000	0.047	0.000	0.031
-0.240	0.001	0.020	0.020	0.021
-0.238	0.002	0.031	0.031	0.031
-0.237	0.001	0.018	0.018	0.021
-0.236	0.002	0.032	0.032	0.031
-0.236	0.000	0.032	0.000	0.020
-0.235	0.001	0.019	0.019	0.020
-0.233	0.002	0.033	0.033	0.020
-0.231	0.002	0.048	0.048	0.031
-0.230	0.001	0.021	0.021	0.031
-0.228	0.002	0.033	0.033	0.031
-0.227	0.001	0.019	0.019	0.031
-0.227	0.000	0.019	0.000	0.031
-0.225	0.002	0.034	0.034	0.032
-0.223	0.002	0.049	0.049	0.033
-0.222	0.001	0.021	0.021	0.033
-0.220	0.002	0.034	0.034	0.033
-0.220	0.000	0.034	0.000	0.033
-0.218	0.002	0.038	0.038	0.034
-0.218	0.000	0.038	0.000	0.033
-0.218	0.000	0.006	0.006	0.033
-0.218	0.000	-0.007	0.007	0.021
-0.218	0.000	0.009	0.009	0.021
-0.218	0.000	0.002	0.002	0.021
-0.218	0.000	0.002	0.000	0.009
-0.217	0.001	0.021	0.021	0.009
-0.215	0.002	0.036	0.036	0.009
-0.214	0.001	0.010	0.010	0.009
-0.213	0.001	0.023	0.023	0.010
-0.213	0.000	0.009	0.009	0.009
-0.213	0.000	0.009	0.000	0.009
-0.212	0.001	0.024	0.024	0.010
-0.210	0.002	0.038	0.038	0.021
-0.209	0.001	0.012	0.012	0.021
-0.208	0.001	0.023	0.023	0.023
-0.208	0.000	0.023	0.000	0.023
-0.206	0.002	0.038	0.038	0.023
-0.205	0.001	0.012	0.012	0.023
-0.204	0.001	0.024	0.024	0.023
-0.204	0.000	0.024	0.000	0.023
-0.202	0.002	0.039	0.039	0.024
-0.202	0.001	0.013	0.013	0.024
-0.200	0.001	0.024	0.024	0.024
-0.200	0.000	0.024	0.000	0.023
-0.198	0.002	0.039	0.039	0.024
-0.198	0.001	0.014	0.014	0.024
-0.197	0.001	0.024	0.024	0.024
-0.196	0.001	0.012	0.012	0.024
-0.195	0.001	0.025	0.025	0.024
-0.194	0.001	0.013	0.013	0.024
-0.193	0.001	0.029	0.029	0.024
-0.190	0.002	0.044	0.044	0.024
-0.190	0.000	0.044	0.000	0.024
-0.190	0.001	0.015	0.015	0.024
-0.188	0.001	0.028	0.028	0.025
-0.188	0.001	0.014	0.014	0.024
-0.186	0.001	0.029	0.029	0.025
-0.185	0.001	0.014	0.014	0.025
-0.184	0.001	0.029	0.029	0.028
-0.184	0.000	0.029	0.000	0.028
-0.181	0.003	0.016	0.062	0.029
-0.181	0.000	0.016	0.000	0.028
-0.179	0.001	0.029	0.029	0.028
-0.179	0.001	0.015	0.015	0.028
-0.177	0.002	0.031	0.031	0.029
-0.176	0.001	0.016	0.016	0.029
-0.175	0.001	0.027	0.027	0.029
-0.174	0.001	0.016	0.016	0.027
-0.173	0.001	0.028	0.028	0.028
-0.172	0.001	0.016	0.016	0.027
-0.171	0.001	0.028	0.028	0.028
-0.170	0.001	0.016	0.016	0.027
-0.170	0.000	0.016	0.000	0.027
-0.168	0.001	0.028	0.028	0.027
-0.166	0.002	0.043	0.043	0.028
-0.165	0.001	0.017	0.017	0.027
-0.164	0.001	0.028	0.028	0.028
-0.164	0.000	0.028	0.000	0.028
-0.162	0.002	0.044	0.044	0.028
-0.161	0.001	0.017	0.017	0.028
-0.159	0.001	0.029	0.029	0.028
-0.159	0.001	0.016	0.016	0.028
-0.157	0.001	0.030	0.030	0.028
-0.157	0.000	0.030	0.000	0.028
-0.156	0.001	0.016	0.016	0.028
-0.155	0.002	0.030	0.030	0.028
-0.153	0.002	0.045	0.045	0.029
-0.152	0.001	0.017	0.017	0.029
-0.150	0.002	0.030	0.030	0.030
-0.150	0.000	0.030	0.000	0.029
-0.149	0.001	0.016	0.016	0.029
-0.148	0.002	0.032	0.032	0.030
-0.146	0.002	0.046	0.046	0.030
-0.145	0.001	0.016	0.016	0.030
-0.145	0.000	0.016	0.000	0.030
-0.143	0.002	0.032	0.032	0.030
-0.141	0.002	0.044	0.044	0.032
-0.141	0.000	0.044	0.000	0.030
-0.140	0.001	0.017	0.027	0.030
-0.140	0.000	0.017	0.000	0.027
-0.139	0.000	0.004	0.004	0.027
-0.140	0.000	-0.005	0.005	0.027
-0.140	0.000	-0.005	0.000	0.016
-0.139	0.001	0.012	0.012	0.012
-0.138	0.001	0.028	0.028	0.012
-0.137	0.001	0.010	0.010	0.012
-0.136	0.001	0.028	0.028	0.012
-0.135	0.001	0.016	0.016	0.012
-0.133	0.001	0.028	0.028	0.016
-0.133	0.001	0.015	0.015	0.015
-0.131	0.001	0.027	0.027	0.016
-0.131	0.000	0.027	0.000	0.016
-0.131	0.001	0.015	0.015	0.016
-0.129	0.001	0.027	0.027	0.027
-0.127	0.002	0.042	0.042	0.027
-0.126	0.001	0.019	0.019	0.027
-0.125	0.001	0.026	0.026	0.027
-0.124	0.001	0.015	0.015	0.026
-0.123	0.001	0.026	0.026	0.026
-0.123	0.000	0.026	0.000	0.026
-0.121	0.002	0.041	0.041	0.026
-0.120	0.001	0.020	0.020	0.026
-0.119	0.001	0.026	0.026	0.026
-0.119	0.000	0.026	0.000	0.026
-0.117	0.002	0.041	0.041	0.026
-0.116	0.001	0.020	0.020	0.026
-0.114	0.001	0.024	0.024	0.026
-0.114	0.001	0.016	0.016	0.024
-0.112	0.001	0.023	0.023	0.024
-0.112	0.000	0.023	0.000	0.023
-0.112	0.001	0.016	0.016	0.023
-0.110	0.001	0.023	0.023	0.023
-0.108	0.002	0.039	0.039	0.023
-0.108	0.001	0.019	0.019	0.023
-0.106	0.001	0.022	0.022	0.023
-0.106	0.000	0.022	0.000	0.022
-0.106	0.001	0.016	0.016	0.022
-0.104	0.001	0.023	0.023	0.022
-0.103	0.002	0.039	0.039	0.023
-0.102	0.001	0.020	0.020	0.022
-0.100	0.001	0.023	0.023	0.023
-0.098	0.002	0.039	0.039	0.023
-0.098	0.000	0.039	0.000	0.023
-0.097	0.001	0.020	0.020	0.022
-0.096	0.001	0.023	0.023	0.023
-0.096	0.001	0.016	0.016	0.023
-0.094	0.001	0.024	0.024	0.023
-0.094	0.000	0.024	0.000	0.023
-0.093	0.001	0.017	0.017	0.023
-0.092	0.001	0.025	0.025	0.023
-0.090	0.002	0.041	0.041	0.023
-0.089	0.001	0.020	0.020	0.023
-0.088	0.001	0.025	0.025	0.023
-0.088	0.000	0.025	0.000	0.023
-0.086	0.002	0.042	0.042	0.024
-0.085	0.001	0.021	0.021	0.024
-0.083	0.001	0.030	0.030	0.025
-0.082	0.001	0.019	0.019	0.025
-0.081	0.002	0.031	0.031	0.025
-0.081	0.000	0.031	0.000	0.025
-0.080	0.001	0.019	0.019	0.025
-0.078	0.002	0.031	0.031	0.025
-0.076	0.002	0.048	0.048	0.030
-0.075	0.001	0.022	0.022	0.030
-0.073	0.002	0.031	0.031	0.031
-0.072	0.001	0.019	0.019	0.030
-0.072	0.000	0.019	0.000	0.030
-0.071	0.002	0.033	0.033	0.031
-0.068	0.002	0.049	0.049	0.031
-0.067	0.001	0.022	0.022	0.031
-0.065	0.002	0.033	0.033	0.031
-0.065	0.001	0.019	0.019	0.031
-0.063	0.002	0.035	0.035	0.033
-0.062	0.001	0.020	0.020	0.031
-0.060	0.002	0.036	0.036	0.033
-0.060	0.000	0.036	0.000	0.033
-0.057	0.003	0.037	0.057	0.033
-0.057	0.000	0.037	0.000	0.033
-0.055	0.002	0.041	0.041	0.035
-0.055	0.000	0.008	0.008	0.033
-0.055	0.000	0.008	0.000	0.033
-0.055	0.000	-0.007	0.007	0.020
-0.055	0.000	-0.007	0.000	0.020
-0.054	0.001	0.011	0.011	0.011
-0.053	0.001	0.029	0.029	0.011
-0.053	0.000	0.010	0.010	0.010
-0.053	0.000	0.010	0.000	0.010
-0.049	0.004	0.044	0.074	0.010
-0.049	0.000	0.044	0.000	0.010
-0.048	0.001	0.014	0.014	0.010
-0.047	0.001	0.028	0.028	0.011
-0.046	0.001	0.012	0.012	0.012
-0.045	0.001	0.029	0.029	0.014
-0.043	0.002	0.044	0.044	0.028
-0.043	0.000	0.044	0.000	0.028
-0.042	0.001	0.015	0.015	0.015
-0.040	0.001	0.028	0.028	0.028
-0.040	0.001	0.013	0.013	0.028
-0.038	0.001	0.029	0.029	0.028
-0.038	0.000	0.029	0.000	0.028
-0.036	0.002	0.029	0.042	0.028
-0.036	0.000	0.029	0.000	0.028
-0.035	0.001	0.013	0.013	0.028
-0.034	0.001	0.028	0.028	0.028
-0.032	0.002	0.043	0.043	0.028
-0.031	0.001	0.015	0.015	0.028
-0.030	0.001	0.028	0.028	0.028
-0.028	0.002	0.044	0.044	0.028
-0.028	0.000	0.044	0.000	0.028
-0.027	0.001	0.016	0.016	0.028
-0.025	0.001	0.028	0.028	0.028
-0.025	0.001	0.015	0.015	0.028
-0.023	0.001	0.029	0.029	0.028
-0.022	0.001	0.015	0.015	0.028
-0.021	0.002	0.031	0.031	0.028
-0.021	0.000	0.031	0.000	0.028
-0.019	0.002	0.047	0.047	0.028
-0.018	0.001	0.017	0.017	0.028
-0.016	0.002	0.030	0.030	0.028
-0.015	0.001	0.015	0.015	0.028
-0.014	0.002	0.031	0.031	0.029
-0.013	0.001	0.017	0.017	0.029
-0.013	0.000	0.017	0.000	0.029
-0.011	0.002	0.032	0.032	0.030
-0.009	0.002	0.048	0.048	0.031
-0.008	0.001	0.019	0.019	0.030
-0.006	0.002	0.031	0.031	0.031
-0.006	0.001	0.018	0.018	0.030
-0.004	0.002	0.032	0.032	0.031
-0.004	0.000	0.032	0.000	0.031
-0.003	0.001	0.018	0.018	0.031
-0.001	0.002	0.032	0.032	0.031
0.001	0.002	0.048	0.048	0.032
0.002	0.001	0.019	0.019	0.032
0.003	0.002	0.032	0.032	0.032
0.004	0.001	0.017	0.017	0.031
0.006	0.002	0.033	0.033	0.032
0.008	0.002	0.048	0.048	0.032
0.009	0.001	0.019	0.019	0.032
0.009	0.000	0.019	0.000	0.032
0.011	0.002	0.033	0.033	0.032
0.012	0.001	0.017	0.017	0.032
0.014	0.002	0.034	0.034	0.033
0.014	0.001	0.018	0.018	0.032
0.016	0.002	0.034	0.034	0.033
0.016	0.000	0.034	0.000	0.033
0.017	0.001	0.018	0.018	0.033
0.021	0.004	0.050	0.084	0.033
0.021	0.000	0.050	0.000	0.019
0.022	0.001	0.018	0.018	0.018
0.024	0.002	0.035	0.035	0.033
0.024	0.000	0.035	0.000	0.018
0.025	0.001	0.017	0.017	0.018
0.027	0.002	0.038	0.038	0.018
0.029	0.003	0.052	0.052	0.034
0.030	0.001	0.019	0.019	0.019
0.032	0.002	0.031	0.031	0.031
0.032	0.000	0.008	0.008	0.031
0.033	0.001	0.022	0.022	0.022
0.033	0.000	0.022	0.000	0.022
0.033	0.000	0.004	0.004	0.022
0.033	0.000	0.004	0.000	0.019
0.033	0.000	-0.006	0.006	0.019
0.034	0.000	0.009	0.009	0.019
0.035	0.001	0.026	0.026	0.019
0.035	0.001	0.011	0.011	0.011
0.037	0.001	0.026	0.026	0.011
0.037	0.001	0.013	0.013	0.011
0.039	0.001	0.026	0.026	0.013
0.039	0.000	0.026	0.000	0.011
0.039	0.001	0.013	0.013	0.013
0.041	0.001	0.025	0.025	0.013
0.043	0.002	0.040	0.040	0.025
0.045	0.002	0.044	0.044	0.026
0.045	0.000	0.044	0.000	0.026
0.046	0.001	0.017	0.017	0.025
0.047	0.001	0.026	0.026	0.026
0.048	0.001	0.015	0.015	0.025
0.049	0.001	0.027	0.027	0.026
0.049	0.000	0.027	0.000	0.025
0.051	0.002	0.043	0.043	0.026
0.052	0.001	0.020	0.020	0.026
0.054	0.001	0.027	0.027	0.027
0.054	0.000	0.027	0.000	0.026
0.056	0.002	0.027	0.043	0.026
0.058	0.002	0.044	0.044	0.027
0.058	0.000	0.044	0.000	0.027
0.059	0.001	0.021	0.021	0.027
0.060	0.001	0.027	0.027	0.027
0.061	0.001	0.018	0.018	0.027
0.063	0.001	0.027	0.027	0.027
0.063	0.001	0.018	0.018	0.027
0.065	0.001	0.028	0.028	0.027
0.065	0.000	0.028	0.000	0.027
0.067	0.002	0.044	0.044	0.027
0.068	0.001	0.022	0.022	0.027
0.070	0.001	0.028	0.028	0.027
0.071	0.001	0.019	0.019	0.027
0.072	0.001	0.028	0.028	0.027
0.074	0.002	0.045	0.045	0.028
0.074	0.000	0.045	0.000	0.028
0.075	0.001	0.023	0.023	0.028
0.077	0.001	0.029	0.029	0.028
0.078	0.001	0.019	0.019	0.028
0.079	0.001	0.029	0.029	0.028
0.080	0.001	0.020	0.020	0.028
0.080	0.000	0.020	0.000	0.028
0.082	0.002	0.030	0.030	0.028
0.084	0.002	0.047	0.047	0.029
0.085	0.001	0.023	0.023	0.029
0.087	0.002	0.030	0.030	0.029
0.088	0.001	0.019	0.019	0.029
0.088	0.000	0.019	0.000	0.029
0.089	0.002	0.031	0.031	0.029
0.092	0.002	0.048	0.048	0.030
0.093	0.001	0.023	0.023	0.030
0.094	0.002	0.031	0.031	0.030
0.095	0.001	0.020	0.020	0.030
0.097	0.002	0.032	0.032	0.031
0.098	0.001	0.020	0.020	0.030
0.099	0.002	0.033	0.033	0.031
0.101	0.001	0.020	0.020	0.031
0.102	0.002	0.033	0.033	0.031
0.102	0.000	0.033	0.000	0.031
0.105	0.002	0.049	0.049	0.032
0.106	0.001	0.023	0.023	0.031
0.107	0.002	0.033	0.033	0.032
0.108	0.001	0.020	0.020	0.032
0.110	0.002	0.034	0.034	0.033
0.113	0.002	0.047	0.047	0.033
0.113	0.000	0.047	0.000	0.033
0.114	0.001	0.022	0.022	0.033
0.115	0.002	0.031	0.031	0.033
0.116	0.001	0.019	0.019	0.031
0.118	0.002	0.032	0.032	0.032
0.119	0.001	0.019	0.019	0.031
0.120	0.002	0.033	0.033	0.032
0.121	0.001	0.019	0.019	0.031
0.122	0.001	0.023	0.023	0.031
0.122	0.000	0.023	0.000	0.023
0.123	0.000	0.006	0.006	0.022
0.122	0.000	-0.005	0.005	0.022
0.123	0.001	0.013	0.013	0.019
0.123	0.000	0.013	0.000	0.019
0.125	0.002	0.031	0.031	0.019
0.125	0.001	0.011	0.011	0.019
0.127	0.001	0.027	0.027	0.019
0.127	0.001	0.010	0.010	0.013
0.128	0.001	0.026	0.026	0.013
0.129	0.001	0.010	0.010	0.011
0.130	0.001	0.027	0.027	0.013
0.130	0.000	0.027	0.000	0.013
0.132	0.002	0.027	0.037	0.026
0.132	0.000	0.027	0.000	0.026
0.134	0.002	0.041	0.041	0.027
0.134	0.000	0.041	0.000	0.026
0.135	0.001	0.012	0.012	0.026
0.136	0.001	0.027	0.027	0.026
0.138	0.002	0.042	0.042	0.027
0.139	0.001	0.013	0.013	0.027
0.140	0.001	0.027	0.027	0.027
0.141	0.001	0.012	0.012	0.027
0.142	0.001	0.028	0.028	0.027
0.142	0.000	0.028	0.000	0.027
0.144	0.002	0.043	0.043	0.027
0.145	0.001	0.014	0.014	0.027
0.146	0.001	0.028	0.028	0.027
0.147	0.001	0.013	0.013	0.027
0.148	0.001	0.029	0.029	0.028
0.149	0.001	0.013	0.013	0.027
0.149	0.000	0.013	0.000	0.027
0.151	0.002	0.030	0.030	0.028
0.153	0.002	0.047	0.047	0.028
0.154	0.001	0.018	0.018	0.028
0.155	0.002	0.031	0.031	0.029
0.156	0.001	0.016	0.016	0.028
0.158	0.002	0.032	0.032	0.029
0.158	0.000	0.032	0.000	0.029
0.158	0.000	0.032	0.000	0.029
0.160	0.002	0.047	0.047	0.030
0.163	0.002	0.050	0.050	0.031
0.164	0.001	0.019	0.019	0.031
0.165	0.002	0.031	0.031	0.031
0.165	0.000	0.031	0.000	0.031
0.168	0.002	0.048	0.048	0.031
0.169	0.001	0.020	0.020	0.031
0.170	0.002	0.032	0.032	0.032
0.171	0.001	0.018	0.018	0.031
0.173	0.002	0.033	0.033	0.032
0.174	0.001	0.019	0.019	0.032
0.174	0.000	0.019	0.000	0.031
0.175	0.002	0.033	0.033	0.031
0.178	0.002	0.049	0.049	0.032
0.179	0.001	0.021	0.021	0.032
0.180	0.002	0.033	0.033	0.033
0.181	0.001	0.018	0.018	0.032
0.181	0.000	0.018	0.000	0.032
0.183	0.002	0.034	0.034	0.033
0.186	0.002	0.050	0.050	0.033
0.186	0.000	0.050	0.000	0.033
0.187	0.001	0.020	0.020	0.033
0.188	0.002	0.034	0.034	0.033
0.191	0.002	0.050	0.050	0.034
0.192	0.001	0.020	0.020	0.033
0.193	0.002	0.034	0.034	0.034
0.193	0.000	0.034	0.000	0.034
0.194	0.001	0.017	0.017	0.034
0.196	0.002	0.035	0.035	0.034
0.199	0.002	0.050	0.050	0.034
0.199	0.000	0.050	0.000	0.034
0.199	0.001	0.019	0.019	0.034
0.201	0.002	0.034	0.034	0.034
0.204	0.002	0.049	0.049	0.034
0.205	0.001	0.018	0.018	0.034
0.206	0.002	0.034	0.034	0.034
0.207	0.001	0.016	0.016	0.034
0.207	0.000	0.016	0.000	0.034
0.209	0.002	0.033	0.033	0.034
0.210	0.002	0.031	0.031	0.033
0.210	0.000	0.003	0.003	0.031
0.210	0.000	0.003	0.000	0.031
0.210	0.000	-0.006	0.006	0.031
0.210	0.000	-0.001	0.001	0.018
0.210	0.000	0.010	0.010	0.016
0.210	0.000	0.010	0.000	0.010
0.212	0.001	0.026	0.026	0.010
0.214	0.002	0.041	0.041	0.010
0.215	0.001	0.017	0.017	0.017
0.216	0.001	0.026	0.026	0.017
0.218	0.002	0.040	0.040	0.017
0.218	0.000	0.040	0.000	0.017
0.219	0.001	0.016	0.016	0.017
0.220	0.001	0.025	0.025	0.025
0.221	0.001	0.014	0.014	0.025
0.222	0.001	0.026	0.026	0.026
0.222	0.000	0.026	0.000	0.026
0.224	0.002	0.041	0.041	0.026
0.225	0.001	0.018	0.018	0.025
0.226	0.001	0.025	0.025	0.025
0.227	0.001	0.015	0.015	0.025
0.228	0.001	0.026	0.026	0.025
0.229	0.001	0.016	0.016	0.025
0.229	0.000	0.016	0.000	0.025
0.230	0.001	0.026	0.026	0.025
0.232	0.002	0.042	0.042	0.026
0.233	0.001	0.020	0.020	0.025
0.235	0.001	0.026	0.026	0.026
0.236	0.001	0.017	0.017	0.025
0.236	0.000	0.017	0.000	0.025
0.239	0.003	0.042	0.068	0.026
0.240	0.001	0.021	0.021	0.026
0.240	0.000	0.021	0.000	0.021
0.241	0.001	0.026	0.026	0.026
0.242	0.001	0.017	0.017	0.026
0.243	0.001	0.026	0.026	0.026
0.244	0.001	0.018	0.018	0.021
0.246	0.001	0.026	0.026	0.026
0.248	0.002	0.043	0.043	0.026
0.248	0.000	0.043	0.000	0.026
0.249	0.001	0.022	0.022	0.026
0.250	0.001	0.027	0.027	0.026
0.251	0.001	0.018	0.018	0.026
0.253	0.001	0.027	0.027	0.026
0.253	0.001	0.018	0.018	0.026
0.253	0.000	0.018	0.000	0.026
0.255	0.001	0.027	0.027	0.026
0.257	0.002	0.043	0.043	0.027
0.258	0.001	0.023	0.023	0.027
0.260	0.001	0.029	0.029	0.027
0.261	0.001	0.019	0.019	0.027
0.262	0.001	0.029	0.029	0.027
0.263	0.001	0.020	0.020	0.027
0.264	0.001	0.030	0.030	0.027
0.265	0.001	0.020	0.020	0.027
0.267	0.002	0.030	0.030	0.029
0.267	0.000	0.030	0.000	0.029
0.269	0.002	0.045	0.045	0.029
0.270	0.001	0.022	0.022	0.029
0.272	0.001	0.029	0.029	0.029
0.272	0.000	0.029	0.000	0.029
0.273	0.001	0.019	0.019	0.029
0.274	0.002	0.030	0.030	0.029
0.277	0.002	0.046	0.046	0.030
0.278	0.001	0.022	0.022	0.029
0.279	0.002	0.031	0.031	0.030
0.281	0.002	0.046	0.046	0.030
0.281	0.000	0.046	0.000	0.030
0.283	0.001	0.022	0.022	0.029
0.284	0.002	0.031	0.031	0.030
0.285	0.001	0.019	0.019	0.030
0.287	0.001	0.030	0.030	0.030
0.287	0.001	0.018	0.018	0.030
0.289	0.002	0.030	0.030	0.030
0.289	0.000	0.030	0.000	0.030
0.291	0.002	0.045	0.045	0.030
0.292	0.001	0.022	0.022	0.030
0.294	0.002	0.031	0.031	0.030
0.295	0.001	0.018	0.018	0.030
0.296	0.001	0.022	0.022	0.030
0.296	0.000	0.006	0.006	0.022
0.296	0.000	0.006	0.000	0.022
0.296	0.000	-0.005	0.005	0.022
0.297	0.001	0.013	0.013	0.022
0.297	0.000	0.003	0.003	0.018
0.298	0.001	0.024	0.024	0.022
0.298	0.000	0.009	0.009	0.018
0.298	0.000	0.009	0.000	0.013
0.300	0.001	0.027	0.027	0.013
0.302	0.002	0.042	0.042	0.013
0.302	0.000	0.042	0.000	0.009
0.302	0.001	0.014	0.014	0.013
0.304	0.001	0.027	0.027	0.014
0.306	0.002	0.042	0.042	0.024
0.307	0.001	0.014	0.014	0.024
0.308	0.001	0.024	0.024	0.024
0.308	0.001	0.012	0.012	0.024
0.310	0.001	0.025	0.025	0.025
0.310	0.000	0.025	0.000	0.025
0.310	0.001	0.012	0.012	0.024
0.312	0.001	0.025	0.025	0.024
0.314	0.002	0.040	0.040	0.025
0.314	0.001	0.015	0.015	0.025
0.316	0.001	0.025	0.025	0.025
0.316	0.001	0.013	0.013	0.024
0.318	0.001	0.026	0.026	0.025
0.318	0.000	0.026	0.000	0.025
0.318	0.001	0.014	0.014	0.025
0.320	0.001	0.026	0.026	0.025
0.322	0.002	0.041	0.041	0.025
0.322	0.000	0.041	0.000	0.025
0.322	0.001	0.017	0.017	0.025
0.324	0.001	0.026	0.026	0.025
0.326	0.002	0.041	0.041	0.026
0.327	0.001	0.017	0.017	0.026
0.328	0.001	0.026	0.026	0.026
0.328	0.000	0.026	0.000	0.026
0.329	0.001	0.015	0.015	0.026
0.330	0.001	0.027	0.027	0.026
0.332	0.002	0.041	0.041	0.026
0.333	0.001	0.017	0.017	0.026
0.334	0.001	0.026	0.026	0.026
0.335	0.001	0.015	0.015	0.026
0.336	0.001	0.027	0.027	0.026
0.336	0.000	0.027	0.000	0.026
0.339	0.003	0.017	0.059	0.026
0.339	0.000	0.017	0.000	0.026
0.341	0.001	0.027	0.027	0.027
0.341	0.001	0.016	0.016	0.027
0.343	0.001	0.028	0.028	0.027
0.344	0.001	0.016	0.016	0.026
0.345	0.001	0.028	0.028	0.027
0.346	0.001	0.016	0.016	0.027
0.347	0.001	0.028	0.028	0.027
0.347	0.000	0.028	0.000	0.027
0.349	0.002	0.044	0.044	0.028
0.349	0.000	0.044	0.000	0.027
0.350	0.001	0.018	0.018	0.027
0.352	0.001	0.029	0.029	0.028
0.354	0.002	0.046	0.046	0.028
0.355	0.001	0.020	0.020	0.028
0.357	0.002	0.031	0.031	0.028
0.357	0.001	0.017	0.017	0.028
0.359	0.002	0.032	0.032	0.029
0.360	0.001	0.018	0.018	0.029
0.362	0.002	0.032	0.032	0.031
0.362	0.000	0.032	0.000	0.029
0.364	0.003	0.033	0.050	0.031
0.364	0.000	0.033	0.000	0.031
0.366	0.002	0.047	0.047	0.032
0.367	0.001	0.019	0.019	0.031
0.369	0.002	0.032	0.032	0.032
0.369	0.000	0.032	0.000	0.032
0.370	0.001	0.017	0.017	0.032
0.371	0.002	0.032	0.032	0.032
0.374	0.002	0.046	0.046	0.032
0.375	0.001	0.017	0.017	0.032
0.376	0.002	0.031	0.031	0.032
0.377	0.000	0.009	0.009	0.031
0.377	0.000	0.009	0.000	0.031
0.377	0.001	0.020	0.020	0.020
0.378	0.000	0.004	0.004	0.020
0.378	0.000	0.004	0.000	0.017
0.377	0.000	-0.006	0.006	0.017
0.378	0.001	0.012	0.012	0.017
0.379	0.001	0.028	0.028	0.017
0.379	0.000	0.028	0.000	0.012
0.380	0.001	0.013	0.013	0.012
0.381	0.001	0.028	0.028	0.012
0.384	0.002	0.043	0.043	0.013
0.384	0.001	0.017	0.017	0.017
0.386	0.001	0.027	0.027	0.017
0.387	0.001	0.014	0.014	0.017
0.388	0.001	0.027	0.027	0.027
0.388	0.000	0.027	0.000	0.027
0.389	0.001	0.015	0.015	0.027
0.390	0.001	0.027	0.027	0.027
0.392	0.002	0.043	0.043	0.027
0.392	0.000	0.043	0.000	0.027
0.393	0.001	0.019	0.019	0.027
0.394	0.001	0.027	0.027	0.027
0.397	0.002	0.043	0.043	0.027
0.398	0.001	0.020	0.020	0.027
0.399	0.001	0.026	0.026	0.027
0.400	0.001	0.016	0.016	0.026
0.401	0.001	0.027	0.027	0.027
0.402	0.001	0.017	0.017	0.027
0.403	0.001	0.027	0.027	0.027
0.405	0.002	0.044	0.044	0.027
0.405	0.000	0.044	0.000	0.027
0.407	0.001	0.022	0.022	0.027
0.408	0.001	0.027	0.027	0.027
0.409	0.001	0.018	0.018	0.026
0.410	0.001	0.028	0.028	0.027
0.411	0.001	0.019	0.019	0.027
0.412	0.001	0.028	0.028	0.027
0.413	0.001	0.019	0.019	0.027
0.415	0.001	0.028	0.028	0.027
0.415	0.000	0.028	0.000	0.027
0.417	0.002	0.045	0.045	0.027
0.418	0.001	0.023	0.023	0.027
0.420	0.001	0.028	0.028	0.028
0.421	0.001	0.019	0.019	0.028
0.422	0.001	0.029	0.029	0.028
0.422	0.000	0.029	0.000	0.028
0.423	0.001	0.019	0.019	0.028
0.424	0.001	0.029	0.029	0.028
0.427	0.002	0.046	0.046	0.028
0.428	0.001	0.023	0.023	0.028
0.429	0.001	0.029	0.029	0.029
0.430	0.001	0.019	0.019	0.028
0.432	0.001	0.030	0.030	0.029
0.432	0.000	0.030	0.000	0.029
0.434	0.002	0.047	0.047	0.029
0.435	0.001	0.023	0.023	0.029
0.437	0.001	0.030	0.030	0.029
0.438	0.001	0.019	0.019	0.029
0.439	0.002	0.030	0.030	0.030
0.440	0.001	0.020	0.020	0.029
0.440	0.000	0.020	0.000	0.029
0.444	0.004	0.047	0.078	0.030
0.444	0.000	0.047	0.000	0.030
0.445	0.001	0.023	0.023	0.023
0.447	0.002	0.031	0.031	0.030
0.448	0.001	0.020	0.020	0.023
0.450	0.002	0.032	0.032	0.030
0.451	0.001	0.019	0.019	0.023
0.452	0.002	0.033	0.033	0.030
0.453	0.001	0.020	0.020	0.023
0.455	0.002	0.033	0.033	0.031
0.455	0.000	0.033	0.000	0.031
0.456	0.001	0.020	0.020	0.023
0.458	0.002	0.034	0.034	0.031
0.460	0.002	0.049	0.049	0.032
0.461	0.001	0.023	0.023	0.032
0.463	0.002	0.034	0.034	0.033
0.464	0.001	0.020	0.020	0.033
0.464	0.000	0.020	0.000	0.033
0.466	0.002	0.035	0.035	0.033
0.467	0.002	0.038	0.038	0.034
0.468	0.000	0.006	0.006	0.034
0.467	0.000	-0.007	0.007	0.034
0.467	0.000	-0.007	0.000	0.034
0.467	0.000	-0.002	0.002	0.023
0.468	0.001	0.014	0.014	0.020
0.470	0.002	0.033	0.033	0.020
0.470	0.001	0.012	0.012	0.014
0.470	0.000	0.012	0.000	0.012
0.472	0.001	0.028	0.028	0.014
0.474	0.002	0.043	0.043	0.014
0.474	0.001	0.013	0.013	0.013
0.476	0.001	0.027	0.027	0.014
0.476	0.001	0.011	0.011	0.014
0.478	0.001	0.028	0.028	0.027
0.478	0.001	0.012	0.012	0.027
0.480	0.001	0.029	0.029	0.028
0.482	0.002	0.044	0.044	0.028
0.482	0.000	0.044	0.000	0.028
0.483	0.001	0.015	0.015	0.028
0.484	0.001	0.028	0.028	0.028
0.485	0.001	0.014	0.014	0.027
0.486	0.001	0.029	0.029	0.028
0.486	0.000	0.029	0.000	0.028
0.487	0.001	0.014	0.014	0.028
0.488	0.001	0.030	0.030	0.028
0.491	0.002	0.045	0.045	0.029
0.491	0.001	0.016	0.016	0.028
0.493	0.001	0.029	0.029	0.028
0.494	0.001	0.014	0.014	0.028
0.495	0.001	0.030	0.030	0.029
0.495	0.000	0.030	0.000	0.029
0.497	0.002	0.046	0.046	0.029
0.498	0.001	0.016	0.016	0.029
0.500	0.001	0.029	0.029	0.029
0.500	0.001	0.014	0.014	0.029
0.502	0.002	0.030	0.030	0.029
0.503	0.001	0.014	0.014	0.029
0.503	0.000	0.014	0.000	0.029
0.504	0.002	0.031	0.031	0.029
0.506	0.002	0.046	0.046	0.030
0.507	0.001	0.016	0.016	0.029
0.509	0.001	0.030	0.030	0.030
0.510	0.001	0.015	0.015	0.029
0.511	0.002	0.031	0.031	0.030
0.511	0.000	0.031	0.000	0.030
0.512	0.001	0.015	0.015	0.030
0.513	0.002	0.031	0.031	0.030
0.516	0.002	0.048	0.048	0.031
0.517	0.001	0.017	0.017	0.031
0.518	0.002	0.031	0.031	0.031
0.519	0.001	0.016	0.016	0.030
0.521	0.002	0.032	0.032	0.031
0.521	0.000	0.032	0.000	0.031
0.523	0.002	0.049	0.049	0.031
0.524	0.001	0.018	0.018	0.031
0.526	0.002	0.032	0.032	0.031
0.526	0.001	0.017	0.017	0.031
0.528	0.002	0.033	0.033	0.032
0.529	0.001	0.017	0.017	0.031
0.529	0.000	0.017	0.000	0.031
0.531	0.002	0.034	0.034	0.032
0.533	0.002	0.050	0.050	0.032
0.534	0.001	0.018	0.018	0.032
0.536	0.002	0.033	0.033	0.033
0.537	0.001	0.017	0.017	0.032
0.538	0.002	0.035	0.035	0.033
0.539	0.001	0.017	0.017	0.033
0.539	0.000	0.017	0.000	0.033
0.541	0.002	0.034	0.034	0.033
0.543	0.003	0.050	0.050	0.034
0.544	0.001	0.018	0.018	0.034
0.546	0.002	0.035	0.035	0.034
0.547	0.001	0.016	0.016	0.033
0.549	0.002	0.036	0.036	0.034
0.549	0.001	0.016	0.016	0.034
0.551	0.002	0.037	0.037	0.035
0.551	0.000	0.037	0.000	0.034
0.554	0.003	0.010	0.058	0.035
0.554	0.000	0.010	0.000	0.035
0.555	0.001	0.023	0.023	0.035
0.556	0.000	0.005	0.005	0.023
0.556	0.000	0.005	0.000	0.023
0.555	0.000	-0.005	0.005	0.016
0.556	0.001	0.011	0.011	0.016
0.556	0.000	0.003	0.003	0.011
0.557	0.001	0.025	0.025	0.011
0.558	0.001	0.011	0.011	0.011
0.559	0.001	0.028	0.028	0.011
0.559	0.000	0.028	0.000	0.011
0.561	0.002	0.042	0.042	0.011
0.562	0.001	0.017	0.017	0.011
0.563	0.001	0.027	0.027	0.017
0.564	0.001	0.014	0.014	0.017
0.565	0.001	0.027	0.027	0.025
0.567	0.002	0.041	0.041	0.027
0.567	0.000	0.041	0.000	0.027
0.570	0.002	0.026	0.044	0.027
0.570	0.000	0.026	0.000	0.027
0.570	0.001	0.015	0.015	0.027
0.572	0.001	0.026	0.026	0.027
0.572	0.001	0.015	0.015	0.026
0.574	0.001	0.026	0.026	0.026
0.575	0.001	0.016	0.016	0.026
0.575	0.000	0.016	0.000	0.026
0.576	0.001	0.026	0.026	0.026
0.578	0.002	0.041	0.041	0.026
0.579	0.001	0.020	0.020	0.026
0.580	0.001	0.025	0.025	0.025
0.580	0.000	0.025	0.000	0.025
0.582	0.002	0.041	0.041	0.026
0.583	0.001	0.020	0.020	0.025
0.584	0.001	0.025	0.025	0.025
0.585	0.001	0.016	0.016	0.025
0.587	0.001	0.026	0.026	0.025
0.587	0.001	0.017	0.017	0.025
0.587	0.000	0.017	0.000	0.025
0.589	0.001	0.026	0.026	0.025
0.591	0.002	0.043	0.043	0.025
0.592	0.001	0.021	0.021	0.025
0.593	0.001	0.026	0.026	0.026
0.594	0.001	0.017	0.017	0.025
0.595	0.001	0.027	0.027	0.026
0.596	0.001	0.018	0.018	0.026
0.598	0.001	0.027	0.027	0.026
0.600	0.002	0.043	0.043	0.026
0.600	0.000	0.043	0.000	0.026
0.601	0.001	0.021	0.021	0.026
0.602	0.001	0.027	0.027	0.027
0.603	0.001	0.018	0.018	0.026
0.604	0.001	0.027	0.027	0.027
0.605	0.001	0.018	0.018	0.027
0.607	0.001	0.028	0.028	0.027
0.607	0.000	0.028	0.000	0.027
0.608	0.001	0.018	0.018	0.027
0.609	0.001	0.029	0.029	0.027
0.611	0.002	0.045	0.045	0.027
0.612	0.001	0.022	0.022	0.027
0.614	0.001	0.029	0.029	0.027
0.615	0.001	0.018	0.018	0.027
0.616	0.001	0.030	0.030	0.028
0.618	0.002	0.044	0.044	0.029
0.618	0.000	0.044	0.000	0.029
0.620	0.001	0.021	0.021	0.029
0.621	0.001	0.028	0.028	0.029
0.622	0.001	0.018	0.018	0.029
0.623	0.001	0.029	0.029	0.029
0.623	0.000	0.029	0.000	0.028
0.625	0.002	0.044	0.044	0.029
0.626	0.001	0.021	0.021	0.028
0.628	0.001	0.029	0.029	0.029
0.629	0.001	0.018	0.018	0.028
0.630	0.001	0.030	0.030	0.028
0.630	0.000	0.030	0.000	0.028
0.631	0.001	0.018	0.018	0.028
0.633	0.002	0.030	0.030	0.029
0.635	0.002	0.045	0.045	0.029
0.636	0.001	0.021	0.021	0.029
0.638	0.002	0.031	0.031	0.030
0.638	0.000	0.031	0.000	0.029
0.639	0.002	0.033	0.033	0.030
0.639	0.000	0.005	0.005	0.030
0.639	0.000	0.005	0.000	0.030
0.639	0.000	-0.000	0.000	0.021
0.639	0.000	-0.007	0.007	0.021
0.640	0.001	0.011	0.011	0.021
0.641	0.002	0.032	0.032	0.021
0.641	0.000	0.032	0.000	0.011
0.642	0.001	0.012	0.012	0.011
0.643	0.001	0.029	0.029	0.011
0.645	0.002	0.043	0.043	0.012
0.646	0.001	0.013	0.013	0.012
0.646	0.000	0.013	0.000	0.012
0.647	0.001	0.028	0.028	0.013
0.650	0.002	0.044	0.044	0.028
0.650	0.001	0.016	0.016	0.028
0.652	0.001	0.030	0.030	0.029
0.653	0.001	0.014	0.014	0.028
0.654	0.002	0.031	0.031	0.029
0.655	0.001	0.015	0.015	0.029
0.656	0.002	0.031	0.031	0.030
0.656	0.000	0.031	0.000	0.028
0.659	0.002	0.046	0.046	0.030
0.660	0.001	0.018	0.018	0.030
0.661	0.001	0.027	0.027	0.030
0.662	0.001	0.015	0.015	0.027
0.663	0.001	0.028	0.028	0.028
0.663	0.000	0.028	0.000	0.027
0.664	0.001	0.016	0.016	0.027
0.665	0.001	0.028	0.028	0.027
0.668	0.002	0.043	0.043	0.028
0.668	0.000	0.043	0.000	0.027
0.670	0.002	0.046	0.046	0.028
0.671	0.001	0.018	0.018	0.027
0.672	0.001	0.028	0.028	0.028
0.672	0.000	0.028	0.000	0.028
0.674	0.002	0.044	0.044	0.028
0.675	0.001	0.019	0.019	0.028
0.675	0.000	0.019	0.000	0.028
0.677	0.001	0.029	0.029	0.028
0.677	0.000	0.029	0.000	0.028
0.679	0.002	0.044	0.044	0.028
0.681	0.002	0.047	0.047	0.029
0.682	0.001	0.020	0.020	0.028
0.684	0.001	0.029	0.029	0.029
0.684	0.000	0.029	0.000	0.029
0.685	0.001	0.018	0.018	0.029
0.685	0.000	0.018	0.000	0.020
0.686	0.001	0.030	0.030	0.029
0.686	0.000	0.030	0.000	0.029
0.688	0.002	0.045	0.045	0.029
0.691	0.002	0.048	0.048	0.030
0.693	0.002	0.047	0.047	0.030
0.695	0.002	0.047	0.047	0.030
0.696	0.001	0.020	0.020	0.030
0.698	0.001	0.030	0.030	0.030
0.698	0.000	0.030	0.000	0.030
0.699	0.001	0.018	0.018	0.030
0.699	0.000	0.018	0.000	0.030
0.700	0.002	0.032	0.032	0.032
0.703	0.002	0.047	0.047	0.045
0.703	0.000	0.047	0.000	0.032
0.705	0.002	0.049	0.049	0.032
0.706	0.001	0.020	0.020	0.030
0.708	0.002	0.032	0.032	0.030
0.709	0.001	0.018	0.018	0.030
0.709	0.000	0.018	0.000	0.020
0.710	0.002	0.033	0.033	0.032
0.710	0.000	0.033	0.000	0.032
0.713	0.002	0.048	0.048	0.032
0.715	0.002	0.049	0.049	0.033
0.715	0.000	0.049	0.000	0.032
0.716	0.001	0.019	0.019	0.032
0.718	0.002	0.033	0.033	0.032
0.720	0.002	0.048	0.048	0.033
0.721	0.001	0.019	0.019	0.033
0.723	0.002	0.034	0.034	0.033
0.723	0.000	0.034	0.000	0.033
0.725	0.002	0.046	0.046	0.034
0.726	0.001	0.011	0.011	0.034
0.727	0.001	0.021	0.021	0.033
0.727	0.000	0.004	0.004	0.021
0.727	0.000	-0.006	0.006	0.021
0.727	0.000	-0.001	0.001	0.021
0.727	0.001	0.011	0.011	0.019
0.727	0.000	0.011	0.000	0.011
0.728	0.001	0.026	0.026	0.011
0.729	0.001	0.013	0.013	0.011
0.730	0.001	0.027	0.027	0.013
0.730	0.000	0.027	0.000	0.011
0.732	0.002	0.040	0.040	0.013
0.732	0.000	0.040	0.000	0.011
0.733	0.001	0.016	0.016	0.013
0.735	0.001	0.025	0.025	0.016
0.735	0.000	0.025	0.000	0.016
0.736	0.002	0.039	0.039	0.025
0.736	0.000	0.039	0.000	0.025
0.739	0.002	0.043	0.043	0.025
0.741	0.002	0.042	0.042	0.027
0.743	0.002	0.042	0.042	0.039
0.744	0.001	0.017	0.017	0.039
0.744	0.000	0.017	0.000	0.025
0.745	0.001	0.024	0.024	0.025
0.746	0.001	0.015	0.015	0.025
0.746	0.000	0.015	0.000	0.024
0.747	0.001	0.025	0.025	0.025
0.747	0.000	0.025	0.000	0.024
0.749	0.002	0.041	0.041	0.025
0.749	0.000	0.041	0.000	0.024
0.751	0.002	0.044	0.044	0.024
0.751	0.000	0.044	0.000	0.017
0.753	0.002	0.044	0.044	0.024
0.755	0.002	0.043	0.043	0.025
0.756	0.001	0.019	0.019	0.025
0.758	0.001	0.024	0.024	0.025
0.758	0.001	0.017	0.017	0.025
0.760	0.001	0.025	0.025	0.025
0.761	0.001	0.018	0.018	0.025
0.762	0.001	0.026	0.026	0.025
0.762	0.000	0.026	0.000	0.025
0.763	0.001	0.018	0.018	0.024
0.763	0.000	0.018	0.000	0.024
0.764	0.001	0.026	0.026	0.024
0.766	0.002	0.043	0.043	0.024
0.769	0.002	0.046	0.046	0.025
0.770	0.001	0.021	0.021	0.025
0.771	0.001	0.026	0.026	0.026
0.771	0.000	0.026	0.000	0.026
0.773	0.002	0.042	0.042	0.026
0.774	0.001	0.021	0.021	0.026
0.775	0.001	0.026	0.026	0.026
0.775	0.000	0.026	0.000	0.026
0.776	0.001	0.018	0.018	0.026
0.778	0.001	0.027	0.027	0.026
0.780	0.002	0.043	0.043	0.026
0.781	0.001	0.021	0.021	0.026
0.782	0.001	0.027	0.027	0.026
0.783	0.001	0.018	0.018	0.026
0.784	0.001	0.028	0.028	0.027
0.784	0.000	0.028	0.000	0.026
0.787	0.002	0.044	0.044	0.027
0.788	0.001	0.021	0.021	0.027
0.789	0.001	0.028	0.028	0.027
0.790	0.001	0.018	0.018	0.027
0.791	0.001	0.029	0.029	0.028
0.792	0.001	0.019	0.019	0.027
0.794	0.001	0.029	0.029	0.028
0.794	0.000	0.029	0.000	0.028
0.796	0.002	0.045	0.045	0.028
0.796	0.000	0.045	0.000	0.028
0.797	0.001	0.020	0.020	0.028
0.797	0.000	0.020	0.000	0.021
0.801	0.004	0.045	0.073	0.028
0.801	0.000	0.045	0.000	0.020
0.803	0.002	0.048	0.048	0.029
0.804	0.001	0.020	0.020	0.020
0.805	0.001	0.030	0.030	0.029
0.805	0.000	0.030	0.000	0.020
0.806	0.001	0.018	0.018	0.020
0.808	0.002	0.032	0.032	0.020
0.810	0.002	0.037	0.037	0.030
0.810	0.000	0.037	0.000	0.030
0.810	0.000	0.008	0.008	0.030
0.810	0.000	-0.007	0.007	0.020
0.811	0.001	0.013	0.013	0.020
0.812	0.002	0.033	0.033	0.020
0.813	0.001	0.013	0.013	0.018
0.813	0.000	0.013	0.000	0.013
0.814	0.001	0.030	0.030	0.018
0.815	0.001	0.012	0.012	0.013
0.816	0.001	0.029	0.029	0.013
0.817	0.001	0.012	0.012	0.013
0.818	0.001	0.029	0.029	0.013
0.821	0.002	0.044	0.044	0.029
0.821	0.001	0.015	0.015	0.029
0.821	0.000	0.015	0.000	0.029
0.821	0.000	-0.002	0.002	0.015
0.823	0.001	0.027	0.027	0.027
0.825	0.002	0.045	0.045	0.029
0.826	0.001	0.016	0.016	0.027
0.827	0.001	0.029	0.029	0.029
0.829	0.002	0.044	0.044	0.029
0.829	0.000	0.044	0.000	0.029
0.830	0.001	0.016	0.016	0.027
0.832	0.001	0.030	0.030	0.027
0.832	0.001	0.014	0.014	0.027
0.834	0.002	0.031	0.031	0.029
0.835	0.001	0.015	0.015	0.029
0.836	0.002	0.031	0.031	0.030
0.836	0.000	0.031	0.000	0.029
0.837	0.001	0.015	0.015	0.029
0.838	0.002	0.031	0.031	0.030
0.841	0.002	0.047	0.047	0.030
0.841	0.000	0.047	0.000	0.030
0.842	0.001	0.018	0.018	0.030
0.843	0.002	0.031	0.031	0.031
0.846	0.002	0.047	0.047	0.031
0.846	0.001	0.016	0.016	0.031
0.846	0.000	0.016	0.000	0.031
0.848	0.002	0.032	0.032	0.031
0.850	0.002	0.049	0.049	0.031
0.851	0.001	0.020	0.020	0.031
0.851	0.000	0.020	0.000	0.031
0.853	0.002	0.033	0.033	0.031
0.853	0.000	0.033	0.000	0.031
0.855	0.002	0.048	0.048	0.032
0.855	0.000	0.048	0.000	0.032
0.858	0.003	0.050	0.050	0.032
0.860	0.002	0.050	0.050	0.033
0.861	0.001	0.017	0.017	0.033
0.863	0.002	0.032	0.032	0.033
0.864	0.001	0.017	0.017	0.032
0.864	0.000	0.017	0.000	0.032
0.866	0.002	0.034	0.034	0.033
0.868	0.003	0.050	0.050	0.034
0.869	0.001	0.019	0.019	0.034
0.871	0.002	0.034	0.034	0.034
0.871	0.000	0.034	0.000	0.034
0.872	0.001	0.018	0.018	0.032
0.872	0.000	0.018	0.000	0.019
0.873	0.002	0.033	0.033	0.032
0.876	0.002	0.049	0.049	0.033
0.878	0.003	0.050	0.050	0.034
0.878	0.000	0.050	0.000	0.034
0.881	0.002	0.050	0.050	0.034
0.881	0.001	0.016	0.016	0.033
0.883	0.002	0.033	0.033	0.033
0.884	0.001	0.016	0.016	0.033
0.886	0.002	0.034	0.034	0.033
0.886	0.001	0.016	0.016	0.033
0.888	0.002	0.034	0.034	0.034
0.888	0.000	0.034	0.000	0.034
0.891	0.002	0.049	0.049	0.034
0.891	0.001	0.017	0.017	0.033
0.891	0.000	0.017	0.000	0.033
0.893	0.002	0.034	0.034	0.033
0.896	0.002	0.049	0.049	0.034
0.896	0.000	0.049	0.000	0.034
0.898	0.002	0.048	0.048	0.034
0.898	0.000	0.009	0.009	0.034
0.899	0.001	0.020	0.020	0.034
0.899	0.000	0.020	0.000	0.020
0.899	0.000	-0.001	0.001	0.020
0.899	0.000	0.000	0.000	0.017
0.900	0.001	0.013	0.013	0.013
0.900	0.000	0.013	0.000	0.013
0.902	0.002	0.034	0.034	0.013
0.903	0.001	0.018	0.018	0.013
0.904	0.001	0.029	0.029	0.018
0.904	0.000	0.029	0.000	0.013
0.905	0.001	0.014	0.014	0.014
0.906	0.001	0.028	0.028	0.014
0.908	0.002	0.042	0.042	0.018
0.908	0.000	0.042	0.000	0.018
0.908	0.000	0.042	0.000	0.018
0.909	0.001	0.018	0.018	0.018
0.910	0.001	0.027	0.027	0.027
0.910	0.000	0.027	0.000	0.018
0.913	0.002	0.042	0.042	0.027
0.915	0.002	0.046	0.046	0.027
0.917	0.002	0.045	0.045	0.028
0.918	0.001	0.018	0.018	0.028
0.918	0.000	0.018	0.000	0.027
0.919	0.001	0.026	0.026	0.026
0.919	0.000	0.026	0.000	0.026
0.921	0.002	0.043	0.043	0.027
0.921	0.000	0.043	0.000	0.027
0.924	0.002	0.047	0.047	0.042
0.926	0.002	0.046	0.046	0.043
0.927	0.001	0.020	0.020	0.043
0.927	0.000	0.020	0.000	0.026
0.928	0.001	0.026	0.026	0.026
0.931	0.002	0.043	0.043	0.026
0.932	0.001	0.021	0.021	0.026
0.933	0.001	0.027	0.027	0.027
0.934	0.001	0.018	0.018	0.027
0.935	0.001	0.028	0.028	0.027
0.936	0.001	0.018	0.018	0.027
0.938	0.001	0.028	0.028	0.027
0.938	0.000	0.028	0.000	0.026
0.940	0.002	0.045	0.045	0.027
0.941	0.001	0.022	0.022	0.027
0.942	0.001	0.028	0.028	0.028
0.943	0.001	0.019	0.019	0.027
0.945	0.001	0.029	0.029	0.028
0.946	0.001	0.019	0.019	0.028
0.947	0.001	0.029	0.029	0.028
0.948	0.001	0.019	0.019	0.028
0.948	0.000	0.019	0.000	0.028
0.949	0.001	0.029	0.029	0.028
0.950	0.001	0.019	0.019	0.028
0.952	0.001	0.029	0.029	0.028
0.954	0.002	0.046	0.046	0.029
0.955	0.001	0.022	0.022	0.029
0.957	0.001	0.030	0.030	0.029
0.957	0.000	0.030	0.000	0.029
0.959	0.002	0.047	0.047	0.029
0.960	0.001	0.022	0.022	0.029
0.962	0.002	0.031	0.031	0.029
0.963	0.001	0.019	0.019	0.029
0.964	0.002	0.032	0.032	0.030
0.965	0.001	0.020	0.020	0.030
0.967	0.002	0.032	0.032	0.031
0.967	0.000	0.032	0.000	0.030
0.968	0.001	0.020	0.020	0.030
0.969	0.002	0.032	0.032	0.031
0.972	0.002	0.047	0.047	0.032
0.973	0.001	0.021	0.021	0.031
0.974	0.002	0.031	0.031	0.031
0.975	0.001	0.018	0.018	0.031
0.975	0.000	0.018	0.000	0.031
0.977	0.002	0.032	0.032	0.031
0.979	0.002	0.048	0.048	0.032
0.980	0.001	0.020	0.020	0.031
0.982	0.001	0.030	0.030	0.031
0.983	0.001	0.018	0.018	0.031
0.984	0.002	0.031	0.031	0.031
0.985	0.001	0.019	0.019	0.030
0.987	0.002	0.032	0.032	0.031
0.987	0.000	0.032	0.000	0.030
0.989	0.002	0.036	0.036	0.031
0.989	0.000	0.007	0.007	0.031
0.989	0.000	0.007	0.000	0.030
0.989	0.000	-0.005	0.005	0.020
0.989	0.001	0.013	0.013	0.019
0.989	0.000	0.004	0.004	0.018
0.991	0.001	0.022	0.022	0.019
0.991	0.000	0.010	0.010	0.013
0.992	0.001	0.025	0.025	0.013
0.992	0.000	0.025	0.000	0.010
0.993	0.001	0.011	0.011	0.011
0.994	0.001	0.025	0.025	0.011
0.996	0.002	0.039	0.039	0.013
0.997	0.001	0.013	0.013	0.013
0.998	0.001	0.026	0.026	0.022
0.999	0.001	0.011	0.011	0.022
1.000	0.001	0.027	0.027	0.025
1.000	0.000	0.027	0.000	0.025
1.001	0.001	0.012	0.012	0.025
1.002	0.001	0.028	0.028	0.025
1.004	0.002	0.042	0.042	0.026
1.005	0.001	0.014	0.014	0.026
1.006	0.001	0.028	0.028	0.027
1.007	0.001	0.012	0.012	0.026
1.008	0.001	0.029	0.029	0.027
1.008	0.000	0.029	0.000	0.027
1.009	0.001	0.013	0.013	0.027
1.010	0.001	0.029	0.029	0.028
1.012	0.002	0.044	0.044	0.028
1.013	0.001	0.016	0.016	0.028
1.015	0.001	0.029	0.029	0.029
1.015	0.001	0.014	0.014	0.028
1.017	0.002	0.030	0.030	0.029
1.017	0.000	0.030	0.000	0.029
1.018	0.001	0.015	0.015	0.029
1.019	0.002	0.031	0.031	0.029
1.022	0.002	0.046	0.046	0.029
1.022	0.001	0.018	0.018	0.029
1.024	0.002	0.030	0.030	0.030
1.024	0.000	0.030	0.000	0.029
1.025	0.001	0.016	0.016	0.029
1.026	0.002	0.031	0.031	0.030
1.029	0.002	0.047	0.047	0.030
1.030	0.001	0.017	0.017	0.030
1.031	0.002	0.031	0.031	0.031
1.032	0.001	0.016	0.016	0.031
1.032	0.000	0.016	0.000	0.030
1.033	0.002	0.032	0.032	0.030
1.036	0.002	0.048	0.048	0.031
1.037	0.001	0.018	0.018	0.031
1.038	0.002	0.032	0.032	0.031
1.038	0.000	0.032	0.000	0.031
1.039	0.001	0.016	0.016	0.031
1.041	0.002	0.033	0.033	0.031
1.043	0.002	0.049	0.049	0.032
1.044	0.001	0.018	0.018	0.032
1.046	0.002	0.033	0.033	0.032
1.046	0.000	0.033	0.000	0.032
1.048	0.002	0.049	0.049	0.033
1.049	0.001	0.019	0.019	0.032
1.051	0.002	0.034	0.034	0.033
1.051	0.000	0.034	0.000	0.033
1.053	0.003	0.050	0.050	0.033
1.054	0.001	0.019	0.019	0.033
1.056	0.002	0.034	0.034	0.034
1.057	0.001	0.017	0.017	0.033
1.058	0.002	0.032	0.032	0.033
1.058	0.000	0.032	0.000	0.032
1.059	0.001	0.017	0.017	0.032
1.061	0.002	0.033	0.033	0.032
1.063	0.002	0.048	0.048	0.033
1.063	0.000	0.048	0.000	0.032
1.064	0.001	0.018	0.018	0.032
1.066	0.002	0.033	0.033	0.032
1.068	0.002	0.047	0.047	0.033
1.069	0.001	0.017	0.017	0.032
1.071	0.002	0.033	0.033	0.033
1.071	0.000	0.033	0.000	0.033
1.073	0.002	0.045	0.045	0.033
1.074	0.001	0.010	0.010	0.033
1.075	0.001	0.025	0.025	0.033
1.075	0.000	0.025	0.000	0.025
1.075	0.000	0.006	0.006	0.025
1.075	0.000	-0.006	0.006	0.025
1.075	0.000	0.010	0.010	0.017
1.075	0.000	0.002	0.002	0.010
1.075	0.000	0.002	0.000	0.010
1.077	0.001	0.022	0.022	0.010
1.078	0.002	0.037	0.037	0.010
1.079	0.001	0.015	0.015	0.010
1.079	0.000	0.015	0.000	0.010
1.079	0.000	0.015	0.000	0.006
1.079	0.000	0.015	0.000	0.006
1.079	0.000	0.015	0.000	0.006
1.079	0.000	0.015	0.000	0.002
1.079	0.000	0.015	0.000	0.000
1.079	0.000	0.015	0.000	0.000
1.079	0.000	0.015	0.000	0.000
1.079	0.000	0.015	0.000	0.000
1.079	0.000	0.015	0.000	0.000
1.079	0.000	0.015	0.000	0.000
1.079	0.000	0.015	0.000	0.000
1.079	0.000	0.015	0.000	0.000
1.079	0.000	0.015	0.000	0.000
1.079	0.000	0.015	0.000	0.000
1.079	0.000	0.015	0.000	0.000
1.079	0.000	0.015	0.000	0.000
1.079	0.000	0.015	0.000	0.000
1.079	0.000	0.015	0.000	0.000
1.079	0.000	0.015	0.000	0.000
1.079	0.000	0.015	0.000	0.000
1.079	0.000	0.015	0.000	0.000
