-0.25708699226379	-0.30368727445602	0.023038346320391	0.20802535116673	-1.3518633842468	0.025467872619629	0.02990996837616	0.1181543469429	-0.087432116270065
-0.24352949857712	-0.12764190137386	0.17487098276615	0.21079052984715	-1.3489298820496	0.0040508508682251	0.028175115585327	0.11824762821198	-0.098451964557171
-0.30157536268234	-0.11984525620937	0.23066100478172	0.20594444870949	-1.3682936429977	0.0029451549053192	0.034980177879333	0.1213835477829	-0.097812473773956
-0.30811879038811	-0.14390562474728	0.21219488978386	0.20254394412041	-1.3775815963745	0.0040235407650471	0.037382006645203	0.12121468782425	-0.096037082374096
-0.30370190739632	-0.17183417081833	0.18148282170296	0.20200324058533	-1.3773345947266	0.0053355395793915	0.036753296852112	0.12086725234985	-0.094447165727615
-0.29695406556129	-0.20044116675854	0.14782097935677	0.20203855633736	-1.374417424202	0.0067433901131153	0.035641193389893	0.12032800912857	-0.092961892485619
-0.28873318433762	-0.22919178009033	0.11275976896286	0.20217396318913	-1.3709064722061	0.0081160962581635	0.034345388412476	0.11964672803879	-0.091525219380856
-0.27897787094116	-0.25783044099808	0.076635457575321	0.20232978463173	-1.3670725822449	0.0094188153743744	0.032842040061951	0.11883091926575	-0.090158432722092
-0.26763990521431	-0.28612539172173	0.039809226989746	0.20248320698738	-1.3629750013351	0.010659731924534	0.031134963035583	0.11789661645889	-0.088855445384979
-0.25467973947525	-0.31384640932083	0.0026176304090768	0.20268474519253	-1.3586332798004	0.011836558580399	0.029230356216431	0.11685448884964	-0.087618976831436
-0.24006873369217	-0.34075859189034	-0.034607976675034	0.2029564678669	-1.3540644645691	0.012950070202351	0.027137279510498	0.1157129406929	-0.086457908153534
-0.22376197576523	-0.36662822961807	-0.071554072201252	0.20319177210331	-1.3493236303329	0.014021523296833	0.02485978603363	0.11448013782501	-0.085374973714352
-0.20581702888012	-0.39122036099434	-0.1079311594367	0.20337170362473	-1.3445526361465	0.014960117638111	0.022437572479248	0.11315137147903	-0.084390535950661
-0.18617214262486	-0.41430398821831	-0.14340624213219	0.20357377827168	-1.3396015167236	0.015798948705196	0.019866585731506	0.11174112558365	-0.083505854010582
-0.1648308634758	-0.43565291166306	-0.17766258120537	0.20379148423672	-1.3344662189484	0.016534224152565	0.017163515090942	0.11025834083557	-0.082725197076797
-0.14181785285473	-0.45504981279373	-0.21039271354675	0.20401418209076	-1.3291811943054	0.017160765826702	0.014347553253174	0.10871088504791	-0.082053564488888
-0.11716801673174	-0.47228965163231	-0.241300791502	0.20424039661884	-1.3237718343735	0.017675407230854	0.011436343193054	0.10710889101028	-0.081494718790054
-0.090937756001949	-0.4871831536293	-0.27010443806648	0.20446926355362	-1.3182588815689	0.018074668943882	0.0084478855133057	0.1054619550705	-0.081052586436272
-0.063208676874638	-0.49956476688385	-0.29654267430305	0.20469918847084	-1.3126626014709	0.018356151878834	0.0054011344909668	0.10377997159958	-0.080729380249977
-0.034094136208296	-0.50929325819016	-0.32037803530693	0.20492412149906	-1.3070068359375	0.018516823649406	0.0023148059844971	0.10207337141037	-0.080527558922768
-0.0037375912070274	-0.51626056432724	-0.34139969944954	0.20513592660427	-1.3013008832932	0.018558979034424	-0.00079166889190674	0.10035318136215	-0.080448225140572
0.027688132598996	-0.52039432525635	-0.35944229364395	0.20533186197281	-1.2955601215363	0.018482506275177	-0.0039005279541016	0.098628044128418	-0.080491945147514
0.059997357428074	-0.52165961265564	-0.37436965107918	0.20553858578205	-1.2898451089859	0.018298171460629	-0.0070012807846069	0.096908688545227	-0.080659121274948
0.092842146754265	-0.52006405591965	-0.38608130812645	0.20568770170212	-1.2842811346054	0.017979435622692	-0.010038375854492	0.095209956169128	-0.080948315560818
0.12607337534428	-0.51565396785736	-0.39453753829002	0.20586803555489	-1.2786740064621	0.017546892166138	-0.013035953044891	0.093538105487823	-0.08135624974966
0.15934020280838	-0.50851535797119	-0.39973658323288	0.20605765283108	-1.273138999939	0.017000868916512	-0.015957891941071	0.091905653476715	-0.081881642341614
0.19232729077339	-0.49876862764359	-0.40171390771866	0.2062546312809	-1.2677128314972	0.016361683607101	-0.018785715103149	0.090325176715851	-0.082517519593239
0.224708288908	-0.48656213283539	-0.40058749914169	0.20645174384117	-1.2624068260193	0.015601135790348	-0.021503508090973	0.088800191879272	-0.083268530666828
0.25615146756172	-0.47206845879555	-0.39646485447884	0.20663942396641	-1.2572453022003	0.01475366204977	-0.024092674255371	0.087344825267792	-0.084124058485031
0.28634095191956	-0.45547610521317	-0.38950881361961	0.20682506263256	-1.2522261142731	0.013800621032715	-0.026540040969849	0.085967659950256	-0.085079438984394
0.31496611237526	-0.43698394298553	-0.37990990281105	0.20700868964195	-1.2473771572113	0.012753613293171	-0.02882981300354	0.08467710018158	-0.086129188537598
0.34173837304115	-0.41679567098618	-0.36787927150726	0.20718689262867	-1.2427196502686	0.011620201170444	-0.030946850776672	0.083481788635254	-0.087266899645329
0.36639812588692	-0.39511555433273	-0.35364001989365	0.20736235380173	-1.2382633686066	0.010405763983727	-0.032880127429962	0.082388341426849	-0.088485561311245
0.38871231675148	-0.37214541435242	-0.33742505311966	0.20753394067287	-1.234023809433	0.0091183856129646	-0.034616589546204	0.081404209136963	-0.089777447283268
0.40848273038864	-0.3480809032917	-0.31946873664856	0.20770055055618	-1.2300131320953	0.0077656134963036	-0.036146640777588	0.080535709857941	-0.091134935617447
0.42553940415382	-0.3231121301651	-0.3000029027462	0.2078607827425	-1.2262417078018	0.0063563734292984	-0.037460923194885	0.079787313938141	-0.092549040913582
0.43974304199219	-0.29742142558098	-0.27925154566765	0.20801408588886	-1.2227187156677	0.0048987120389938	-0.038551688194275	0.079164505004883	-0.094011500477791
0.45098388195038	-0.27118545770645	-0.25742867588997	0.2081598341465	-1.2194511890411	0.0034018307924271	-0.039412260055542	0.078669965267181	-0.095513060688972
0.45914381742477	-0.24457348883152	-0.23474323749542	0.20828293263912	-1.21648645401	0.0018882304430008	-0.040035605430603	0.078307807445526	-0.097047299146652
0.46414110064507	-0.21774883568287	-0.21174621582031	0.20815490186214	-1.2146019935608	0.00035682320594788	-0.040329575538635	0.078033983707428	-0.098702117800713
0.4659578204155	-0.19087029993534	-0.18607683479786	0.2086131721735	-1.2143050432205	0.00035552680492401	-0.040419697761536	0.078442692756653	-0.099756665527821
0.44455909729004	-0.18797755241394	-0.17862439155579	0.2096052467823	-1.214940071106	0.00035989284515381	-0.039585649967194	0.079976499080658	-0.099009938538074
0.41949027776718	-0.1876532137394	-0.17456777393818	0.21014033257961	-1.2155539989471	0.00036191940307617	-0.037853062152863	0.081505298614502	-0.098700702190399
0.39393538236618	-0.18759427964687	-0.1717464029789	0.21030008792877	-1.2159075737	0.00036248564720154	-0.035792291164398	0.082829475402832	-0.098645113408566
0.36854568123817	-0.1875483840704	-0.16911406815052	0.2103421241045	-1.2160582542419	0.00036302953958511	-0.033703684806824	0.084020853042603	-0.098647229373455
0.34341672062874	-0.18748255074024	-0.16610267758369	0.21037910878658	-1.2161724567413	0.0003640279173851	-0.031667232513428	0.085163831710815	-0.098646342754364
0.31851759552956	-0.1873859167099	-0.16257731616497	0.21043346822262	-1.2162923812866	0.00036513805389404	-0.029652297496796	0.086295425891876	-0.098642818629742
0.29385417699814	-0.18724864721298	-0.15851609408855	0.21050861477852	-1.2164163589478	0.0003666952252388	-0.027645111083984	0.087424039840698	-0.098637565970421
0.26954540610313	-0.18706093728542	-0.15403246879578	0.21060387790203	-1.2165803909302	0.00036865472793579	-0.025692462921143	0.088515341281891	-0.098644152283669
0.24558261036873	-0.18681071698666	-0.14905686676502	0.21077251434326	-1.2169165611267	0.00037108361721039	-0.023806393146515	0.089590668678284	-0.098634444177151
0.2215925604105	-0.18648633360863	-0.14323496818542	0.21094430983067	-1.217161655426	0.00037313252687454	-0.021694421768188	0.090768873691559	-0.098621644079685
0.19812831282616	-0.18607383966446	-0.13710588216782	0.21113282442093	-1.2174208164215	0.00037577003240585	-0.019715011119843	0.091874361038208	-0.098618641495705
0.17500062286854	-0.18556022644043	-0.13037349283695	0.21135474741459	-1.2177172899246	0.00037895888090134	-0.017740368843079	0.092990040779114	-0.098608031868935
0.15218262374401	-0.18493065237999	-0.12304465472698	0.21159072220325	-1.2180105447769	0.00038229674100876	-0.015736937522888	0.09411758184433	-0.098596230149269
0.12971562147141	-0.18416975438595	-0.11513954401016	0.21183395385742	-1.2182867527008	0.00038612633943558	-0.013719856739044	0.09524941444397	-0.098582938313484
0.10762514919043	-0.1832632124424	-0.10666362196207	0.21208347380161	-1.2185426950455	0.00039036571979523	-0.01169753074646	0.096382021903992	-0.098568178713322
0.085931055247784	-0.18219454586506	-0.097610957920551	0.21234142780304	-1.2187716960907	0.00039508193731308	-0.0096755623817444	0.097514748573303	-0.098551787436008
0.064647242426872	-0.18094906210899	-0.087986372411251	0.21260736882687	-1.218962430954	0.00040031224489212	-0.0076569318771362	0.098646283149719	-0.098535135388374
0.043758500367403	-0.17950908839703	-0.077809885144234	0.21286757290363	-1.2191265821457	0.00040591508150101	-0.0056270956993103	0.099774062633514	-0.098517864942551
0.023279119282961	-0.17786046862602	-0.067033529281616	0.21313172578812	-1.2192747592926	0.0004122331738472	-0.0035930275917053	0.10090428590775	-0.098496854305267
0.0032163495197892	-0.17598582804203	-0.055660732090473	0.21340349316597	-1.2194043397903	0.00041916966438293	-0.0015554428100586	0.10203492641449	-0.098473936319351
-0.016411144286394	-0.17386990785599	-0.043698467314243	0.21369457244873	-1.219516992569	0.00042645633220673	0.00047838687896729	0.10316497087479	-0.098445042967796
-0.035634942352772	-0.17149628698826	-0.031085459515452	0.21398705244064	-1.2196036577225	0.00043454021215439	0.0025273561477661	0.10430157184601	-0.098413936793804
-0.054416671395302	-0.16884957253933	-0.017917804419994	0.21427997946739	-1.219673871994	0.00044325739145279	0.0045649409294128	0.10542923212051	-0.098383687436581
-0.072759531438351	-0.16591447591782	-0.004138779360801	0.21458350121975	-1.2197413444519	0.00045210123062134	0.0065946578979492	0.10655808448792	-0.098348952829838
-0.090676449239254	-0.1626742631197	0.010285366326571	0.21488875150681	-1.219780087471	0.0004621297121048	0.0086209774017334	0.10768777132034	-0.098314970731735
-0.10818600654602	-0.15911445021629	0.025364411994815	0.21518406271935	-1.2198016643524	0.00047304481267929	0.010659754276276	0.10882264375687	-0.098271958529949
-0.12529435753822	-0.15521869063377	0.041077584028244	0.21546941995621	-1.2198044061661	0.00048474222421646	0.012706100940704	0.10995495319366	-0.098229788243771
-0.14201189577579	-0.15097223222256	0.057404585182667	0.2157397121191	-1.2198108434677	0.00049696117639542	0.014767289161682	0.11108028888702	-0.098184064030647
-0.15835873782635	-0.14635860919952	0.074267067015171	0.21598295867443	-1.2198449373245	0.00050747394561768	0.01684045791626	0.11218810081482	-0.098135933279991
-0.17425100505352	-0.14136278629303	0.091929249465466	0.21623826026917	-1.2199218273163	0.00052250921726227	0.018881320953369	0.11331689357758	-0.098083801567554
-0.18972878158092	-0.1359688937664	0.11036725342274	0.216502815485	-1.2199822664261	0.00052352249622345	0.020911812782288	0.11445820331573	-0.098031409084797
-0.20490558445454	-0.13015998899937	0.12905664741993	0.21668477356434	-1.2200299501419	0.0005471482872963	0.022977948188782	0.11553055047989	-0.097993269562721
-0.2195910513401	-0.12391966581345	0.14883477985859	0.21691034734249	-1.2200865745544	0.00057612359523773	0.024981021881104	0.11666637659073	-0.097947433590889
-0.23393788933754	-0.11723075062037	0.16918037831783	0.21712730824947	-1.2200844287872	0.00060714781284332	0.027020156383514	0.11777198314667	-0.097906425595284
-0.24795101583004	-0.11007531732321	0.19031462073326	0.21734210848808	-1.2200592756271	0.00064509361982346	0.029069244861603	0.11888098716736	-0.097857423126698
-0.26160705089569	-0.1024339273572	0.21223714947701	0.21755799651146	-1.2200140953064	0.00068484246730804	0.03111606836319	0.11999416351318	-0.097802795469761
-0.26332587003708	-0.1016131490469	0.21489487588406	0.2175777554512	-1.2194758653641	0.00068901479244232	0.031513452529907	0.12011271715164	-0.097771868109703
-0.2746784389019	-0.094197772443295	0.23435185849667	0.21795681118965	-1.2196465730667	0.00072262436151505	0.032907605171204	0.12106221914291	-0.097812362015247
-0.27641528844833	-0.093401558697224	0.2375156134367	0.21797776222229	-1.2192025184631	0.00072960183024406	0.033429801464081	0.12123143672943	-0.097723685204983
-0.28763270378113	-0.085515603423119	0.25797751545906	0.21829444169998	-1.2193459272385	0.00076619535684586	0.034947395324707	0.12219524383545	-0.097744233906269
-0.28936633467674	-0.084668941795826	0.26122400164604	0.21827894449234	-1.2188775539398	0.00077328085899353	0.035490393638611	0.12235486507416	-0.097652524709702
-0.289809435606	-0.084577590227127	0.25233045220375	0.21709282696247	-1.2183845043182	0.00073470547795296	0.034904479980469	0.12081551551819	-0.09943251311779
-0.2895895242691	-0.10791832953691	0.22362087666988	0.21624913811684	-1.217409491539	0.00078994035720825	0.034548580646515	0.11971455812454	-0.098978854715824
-0.28741183876991	-0.13442474603653	0.19608959555626	0.21651847660542	-1.2156337499619	0.0022079646587372	0.034155607223511	0.1194806098938	-0.097482562065125
-0.28375270962715	-0.16176901757717	0.16680219769478	0.21691589057446	-1.2129156589508	0.0037371292710304	0.033567607402802	0.11918634176254	-0.095950543880463
-0.27863499522209	-0.18953904509544	0.13590674102306	0.21722562611103	-1.209921002388	0.005235843360424	0.032778739929199	0.11877131462097	-0.094437658786774
-0.272028028965	-0.2175195813179	0.10363913327456	0.21747009456158	-1.2067613601685	0.0066653490066528	0.031782746315002	0.11823201179504	-0.092963397502899
-0.26387766003609	-0.24550867080688	0.07028591632843	0.21773198246956	-1.2033658027649	0.0080854743719101	0.030574142932892	0.1175799369812	-0.091525927186012
-0.25415903329849	-0.27330031991005	0.03604456782341	0.21799516677856	-1.1997020244598	0.0094153881072998	0.029148519039154	0.11680573225021	-0.090156525373459
-0.24287500977516	-0.30068245530128	0.0012338166125119	0.2182364910841	-1.1958260536194	0.010691404342651	0.027529239654541	0.11591750383377	-0.088851794600487
-0.2299807369709	-0.32743838429451	-0.03380224481225	0.21848657727242	-1.1917254924774	0.011906765401363	0.025719046592712	0.11493271589279	-0.087608300149441
-0.21551862359047	-0.35334861278534	-0.068806827068329	0.21876741945744	-1.1873407363892	0.013009428977966	0.023747265338898	0.11384600400925	-0.086447320878506
-0.19936330616474	-0.37819245457649	-0.10349700599909	0.21910861134529	-1.1826109886169	0.01404482126236	0.021586835384369	0.11266964673996	-0.085371188819408
-0.18158462643623	-0.40174850821495	-0.13756354153156	0.21943500638008	-1.1777304410934	0.01498419046402	0.019279360771179	0.11140710115433	-0.084388308227062
-0.1621737331152	-0.42379835247993	-0.1707047522068	0.21976618468761	-1.1727007627487	0.015827611088753	0.016835570335388	0.11006659269333	-0.083503820002079
-0.16008834540844	-0.42616587877274	-0.17428097128868	0.21990306675434	-1.1715033054352	0.015879712998867	0.01657634973526	0.1099146604538	-0.083411209285259
-0.14098346233368	-0.44438177347183	-0.20299546420574	0.22014121711254	-1.1675488948822	0.016572505235672	0.014268815517426	0.10863971710205	-0.082714542746544
-0.11850295215845	-0.46255865693092	-0.23308539390564	0.22046394646168	-1.1623528003693	0.017208345234394	0.01160192489624	0.10718500614166	-0.082050293684006
-0.094300508499146	-0.47881805896759	-0.26170191168785	0.22081390023232	-1.1568328142166	0.017721451818943	0.0088282227516174	0.10566365718842	-0.081492640078068
-0.068609729409218	-0.49280136823654	-0.28830799460411	0.22117112576962	-1.151237487793	0.018114566802979	0.0059872269630432	0.1040980219841	-0.081051379442215
-0.041521925479174	-0.50433295965195	-0.31262928247452	0.22152543067932	-1.1456011533737	0.018401063978672	0.0030919313430786	0.10249978303909	-0.080728583037853
-0.013163482770324	-0.51327776908875	-0.33443263173103	0.22182907164097	-1.1398859024048	0.018573291599751	0.00016343593597412	0.10088086128235	-0.080524697899818
0.016341485083103	-0.51953512430191	-0.35356658697128	0.22202958166599	-1.1340411901474	0.018608227372169	-0.002788245677948	0.099243640899658	-0.080446153879166
0.046805687248707	-0.52303642034531	-0.3698405623436	0.22223700582981	-1.1281780004501	0.018533073365688	-0.0057408213615417	0.09760445356369	-0.080490104854107
0.078020572662354	-0.52374982833862	-0.38313525915146	0.22246104478836	-1.1223360300064	0.018339179456234	-0.0086765289306641	0.095971882343292	-0.080656595528126
0.10975024104118	-0.52168202400208	-0.39336878061295	0.22269563376904	-1.1165407896042	0.018027544021606	-0.011576354503632	0.094356775283813	-0.080945156514645
0.14172856509686	-0.5168788433075	-0.40050306916237	0.22292712330818	-1.1107964515686	0.017596282064915	-0.014421761035919	0.092768311500549	-0.08135361969471
0.17367668449879	-0.50942039489746	-0.40454006195068	0.2231612354517	-1.1051226854324	0.017049126327038	-0.017196953296661	0.091216623783112	-0.081879168748856
0.20529663562775	-0.49941930174828	-0.40550503134727	0.22336788475513	-1.0995862483978	0.016423180699348	-0.019883632659912	0.089715123176575	-0.082515232264996
0.23627641797066	-0.48701652884483	-0.4035222530365	0.22356304526329	-1.0941432714462	0.015663012862206	-0.022463858127594	0.088266253471375	-0.083266720175743
0.23959529399872	-0.48568499088287	-0.40331715345383	0.22345289587975	-1.0927528142929	0.015549942851067	-0.022733688354492	0.088103473186493	-0.0833485648036
0.26659202575684	-0.47223341464996	-0.39865672588348	0.2235941439867	-1.088693857193	0.014829836785793	-0.024922549724579	0.08687424659729	-0.084128320217133
0.29512849450111	-0.45566228032112	-0.39113903045654	0.2238834053278	-1.0836275815964	0.013872392475605	-0.027240693569183	0.085576355457306	-0.085077926516533
0.32240417599678	-0.43710872530937	-0.38107931613922	0.22410915791988	-1.0785390138626	0.012811385095119	-0.029422998428345	0.084348261356354	-0.086128249764442
0.3478961288929	-0.41687199473381	-0.36869046092033	0.22427690029144	-1.0736783742905	0.011672742664814	-0.031435489654541	0.083211123943329	-0.087266489863396
0.37135824561119	-0.39515969157219	-0.35418060421944	0.22443369030952	-1.0690442323685	0.010457538068295	-0.03327077627182	0.082171857357025	-0.088485486805439
0.39257934689522	-0.37216883897781	-0.33776816725731	0.22459350526333	-1.0646306276321	0.0091694369912148	-0.034919857978821	0.081236720085144	-0.089778125286102
0.411372423172	-0.34809297323227	-0.31967428326607	0.22475337982178	-1.0604476928711	0.0078159868717194	-0.03637307882309	0.080410778522491	-0.09113572537899
0.41338631510735	-0.34550777077675	-0.317731320858	0.22463898360729	-1.0592577457428	0.0076433271169662	-0.036525666713715	0.080317854881287	-0.091283038258553
0.42772057652473	-0.32284015417099	-0.29990836977959	0.22476476430893	-1.0563887357712	0.0064249932765961	-0.037609398365021	0.079702198505402	-0.092562653124332
0.44107440114021	-0.29739391803741	-0.27928364276886	0.22502593696117	-1.0527837276459	0.0049588158726692	-0.038649380207062	0.079110860824585	-0.094013839960098
0.45175513625145	-0.27118328213692	-0.25744879245758	0.22522732615471	-1.0493137836456	0.0034483671188354	-0.039473414421082	0.078637421131134	-0.095516234636307
0.45290321111679	-0.26836884021759	-0.25510185956955	0.22512993216515	-1.0482162237167	0.0032709389925003	-0.039561033248901	0.078582227230072	-0.095678724348545
0.459567040205	-0.24427103996277	-0.234498873353	0.22524024546146	-1.0460915565491	0.0019320473074913	-0.040050029754639	0.078298330307007	-0.097063183784485
0.46428254246712	-0.21771661937237	-0.21179880201817	0.22546903789043	-1.0438705682755	0.00035719573497772	-0.040502369403839	0.077938497066498	-0.098702736198902
0.46658140420914	-0.19086696207523	-0.18624120950699	0.22599232196808	-1.0438058376312	0.00035757571458817	-0.040800809860229	0.078246414661407	-0.099701970815659
0.4450463950634	-0.18797726929188	-0.17914451658726	0.22660194337368	-1.0447427034378	0.00036041438579559	-0.039856314659119	0.079760611057281	-0.099032245576382
0.41971361637115	-0.18765340745449	-0.17491060495377	0.22684267163277	-1.0454515218735	0.00036203861236572	-0.037964522838593	0.081394731998444	-0.098721213638783
0.39412599802017	-0.18759390711784	-0.17207960784435	0.22683195769787	-1.0458182096481	0.00036268681287766	-0.035878419876099	0.082729816436768	-0.098674818873405
0.36869058012962	-0.18754841387272	-0.16939197480679	0.226776227355	-1.0460194349289	0.00036328285932541	-0.033768832683563	0.083945751190186	-0.098664134740829
0.34349802136421	-0.18748253583908	-0.1663573384285	0.22668522596359	-1.0460902452469	0.00036409497261047	-0.031695902347565	0.08510684967041	-0.098665699362755
0.31858593225479	-0.18738579750061	-0.16281388700008	0.22657941281796	-1.046161532402	0.00036539882421494	-0.029676616191864	0.086243391036987	-0.098661541938782
0.29390877485275	-0.18724857270718	-0.158751770854	0.22646401822567	-1.0462521314621	0.00036678463220596	-0.027663767337799	0.0873743891716	-0.09865690767765
0.26947456598282	-0.18706108629704	-0.15415972471237	0.2263425141573	-1.0463472604752	0.00036844611167908	-0.025644719600677	0.088505506515503	-0.098651386797428
0.2668544948101	-0.18704079091549	-0.15389911830425	0.22628626227379	-1.045802116394	0.0003686249256134	-0.025399565696716	0.088588356971741	-0.098667860031128
0.24540342390537	-0.18680858612061	-0.14916133880615	0.22623470425606	-1.0464171171188	0.00037115067243576	-0.023831367492676	0.089568555355072	-0.098622784018517
0.22160767018795	-0.18648615479469	-0.14320869743824	0.22605733573437	-1.0467568635941	0.00037305802106857	-0.021733641624451	0.090763688087463	-0.098615922033787
0.21891492605209	-0.18645119667053	-0.14279839396477	0.22595056891441	-1.0462143421173	0.00037325173616409	-0.021387696266174	0.090869724750519	-0.098643265664577
0.19799143075943	-0.1860702931881	-0.13719792664051	0.22587566077709	-1.0468116998672	0.00037583708763123	-0.01978600025177	0.091846585273743	-0.098604150116444
0.17484410107136	-0.18556013703346	-0.1301731467247	0.2256832420826	-1.0471194982529	0.00037854164838791	-0.017681241035461	0.093032896518707	-0.098593831062317
0.17221084237099	-0.18550500273705	-0.12962745130062	0.22557915747166	-1.0465276241302	0.00037885457277298	-0.01733124256134	0.093136727809906	-0.098620809614658
0.15192891657352	-0.18492467701435	-0.12309131026268	0.22549758851528	-1.0471093654633	0.00038216263055801	-0.015732944011688	0.09411096572876	-0.098582811653614
0.12951326370239	-0.18416921794415	-0.11491020023823	0.22529861330986	-1.0474051237106	0.00038566440343857	-0.013634502887726	0.095298647880554	-0.098563976585865
0.12693354487419	-0.18408808112144	-0.11429737508297	0.22518527507782	-1.0467903614044	0.00038586556911469	-0.013273954391479	0.095390200614929	-0.098594143986702
0.10730776190758	-0.18325433135033	-0.10694614052773	0.2251913100481	-1.0473656654358	0.00038967281579971	-0.011648178100586	0.096343040466309	-0.098567746579647
0.085658386349678	-0.18219408392906	-0.097795136272907	0.22509741783142	-1.0476253032684	0.0003940537571907	-0.0095376372337341	0.097500383853912	-0.098553098738194
0.064241960644722	-0.18094897270203	-0.088079616427422	0.22501549124718	-1.0476498603821	0.00039917230606079	-0.0074220299720764	0.098648428916931	-0.098537124693394
0.061880130320787	-0.1808148175478	-0.087063163518906	0.22504803538322	-1.0469056367874	0.00039976835250854	-0.0071423649787903	0.098762214183807	-0.09854719042778
0.043432362377644	-0.17949491739273	-0.078354939818382	0.22504623234272	-1.0473674535751	0.00040475279092789	-0.0055674314498901	0.099691927433014	-0.098528780043125
0.023017637431622	-0.17785838246346	-0.067331440746784	0.22495837509632	-1.0475636720657	0.00041095912456512	-0.0034667253494263	0.10086512565613	-0.098498836159706
0.0028383345343173	-0.17598557472229	-0.055811110883951	0.22488331794739	-1.0475225448608	0.00041753053665161	-0.0013431310653687	0.10201585292816	-0.098473347723484
-0.016831135377288	-0.17386963963509	-0.043827563524246	0.22484262287617	-1.047402381897	0.00042492151260376	0.00071859359741211	0.10314494371414	-0.098442725837231
-0.03605180978775	-0.17149633169174	-0.031297329813242	0.22482101619244	-1.047248005867	0.00043275207281113	0.0027625560760498	0.10426431894302	-0.098416052758694
-0.054825533181429	-0.16884982585907	-0.018173087388277	0.22481361031532	-1.0470696687698	0.00044126063585281	0.0047909021377563	0.10538101196289	-0.098389118909836
-0.073173843324184	-0.16591416299343	-0.0044615869410336	0.22482892870903	-1.046891450882	0.00045045465230942	0.0068205595016479	0.10649472475052	-0.098357878625393
-0.091118186712265	-0.16267432272434	0.0099463937804103	0.22485500574112	-1.0466824769974	0.00045944005250931	0.0088640451431274	0.10761857032776	-0.09832114726305
-0.093064531683922	-0.16232620179653	0.011810295283794	0.22498385608196	-1.0458424091339	0.00046093016862869	0.0091058611869812	0.10778313875198	-0.098301187157631
-0.10849031060934	-0.1590768545866	0.024586567655206	0.22501339018345	-1.0461102724075	0.00047019869089127	0.010701417922974	0.10869365930557	-0.098306521773338
-0.1255744099617	-0.15521495044231	0.040532730519772	0.22498598694801	-1.0460885763168	0.00048185884952545	0.012824714183807	0.10986143350601	-0.098243616521358
-0.14239563047886	-0.15097174048424	0.057110197842121	0.22498762607574	-1.0458344221115	0.00049155950546265	0.014958083629608	0.11101293563843	-0.098187670111656
-0.1442329287529	-0.1505159586668	0.059200145304203	0.22512187063694	-1.0449265241623	0.00049363821744919	0.015215277671814	0.11117726564407	-0.098167151212692
-0.15856848657131	-0.14630977809429	0.073555871844292	0.2251570224762	-1.0450772047043	0.00050332397222519	0.016814827919006	0.1120679974556	-0.098188817501068
-0.17444165050983	-0.1413576900959	0.091470949351788	0.22515735030174	-1.0449308156967	0.00052028894424438	0.018937587738037	0.11323231458664	-0.098114065825939
-0.19007611274719	-0.13596819341183	0.10984622687101	0.22513404488564	-1.0445724725723	0.0005355179309845	0.021066665649414	0.11434930562973	-0.098058670759201
-0.20517762005329	-0.13015976548195	0.12865105271339	0.2251244187355	-1.0442312955856	0.0005485936999321	0.023057639598846	0.11544758081436	-0.098026029765606
-0.2068212479353	-0.12953594326973	0.13064020872116	0.22509364783764	-1.0434114933014	0.00054642558097839	0.023283839225769	0.11555176973343	-0.098041646182537
-0.21973787248135	-0.12385261058807	0.14798337221146	0.22528901696205	-1.0435839891434	0.0005723163485527	0.024875402450562	0.1165384054184	-0.09802233427763
-0.23403738439083	-0.11722366511822	0.16864076256752	0.225406229496	-1.0433950424194	0.00060528516769409	0.026965022087097	0.11770194768906	-0.097933776676655
-0.24812865257263	-0.11007462441921	0.18994212150574	0.2254863679409	-1.04299223423	0.00064360350370407	0.02907407283783	0.11882698535919	-0.09786531329155
-0.24976792931557	-0.10930694639683	0.19217172265053	0.22540484368801	-1.0420920848846	0.00064679235219955	0.029385685920715	0.11891198158264	-0.097876362502575
-0.2617489695549	-0.10235123336315	0.2113785892725	0.22556489706039	-1.0421905517578	0.00068029016256332	0.031000137329102	0.1198725104332	-0.097876943647861
-0.27520245313644	-0.094277381896973	0.23450762033463	0.22561614215374	-1.0421049594879	0.00072063505649567	0.033276319503784	0.12101924419403	-0.097733058035374
-0.28835740685463	-0.085609637200832	0.25831726193428	0.22575949132442	-1.0417202711105	0.0007641389966011	0.035473227500916	0.12213879823685	-0.097631327807903
-0.3005131483078	-0.07638344168663	0.27734476327896	0.22537030279636	-1.0414146184921	0.00078946352005005	0.036794245243073	0.12248283624649	-0.09855417907238
-0.30180981755257	-0.075393050909042	0.27843421697617	0.22507174313068	-1.0412981510162	0.00078839063644409	0.036863327026367	0.12235999107361	-0.098765648901463
-0.3020353615284	-0.075287014245987	0.27415707707405	0.22447746992111	-1.0411870479584	0.00076849758625031	0.036516547203064	0.12159603834152	-0.099704191088676
-0.3022449016571	-0.098687224090099	0.24347649514675	0.22339704632759	-1.0401567220688	0.00067272037267685	0.036462306976318	0.12042677402496	-0.099237956106663
-0.3000391125679	-0.12532712519169	0.21922717988491	0.22375804185867	-1.0382677316666	0.0020460784435272	0.036133170127869	0.12051314115524	-0.097521655261517
-0.29637187719345	-0.15287405252457	0.1898108869791	0.22411118447781	-1.0351815223694	0.0035135671496391	0.035535156726837	0.12024462223053	-0.095971800386906
-0.29124501347542	-0.18090876936913	0.15836741030216	0.2242471575737	-1.0316724777222	0.005007840692997	0.034727454185486	0.11982977390289	-0.094448402523994
-0.2846274971962	-0.20920903980732	0.12536232173443	0.22413052618504	-1.028107047081	0.006398007273674	0.033703923225403	0.11927574872971	-0.092974230647087
-0.27647286653519	-0.23756541311741	0.091181881725788	0.22396811842918	-1.0243940353394	0.0077931359410286	0.032467305660248	0.1186061501503	-0.091535225510597
-0.26674109697342	-0.2657650411129	0.056032180786133	0.22380730509758	-1.0204421281815	0.0091012269258499	0.031007707118988	0.1178120970726	-0.090163350105286
-0.25542795658112	-0.29358786344528	0.020217517390847	0.22363343834877	-1.0162678956985	0.010331027209759	0.029342591762543	0.11689764261246	-0.08886507153511
-0.25419330596924	-0.29657503962517	0.016361640766263	0.22355826199055	-1.0150617361069	0.010443903505802	0.029157757759094	0.11679518222809	-0.088725544512272
-0.24243120849133	-0.32113102078438	-0.016251360997558	0.2233931273222	-1.0118933916092	0.011531114578247	0.027493715286255	0.11587333679199	-0.087607763707638
-0.22794461250305	-0.34724044799805	-0.051975734531879	0.22322900593281	-1.0074665546417	0.012656442821026	0.025455415248871	0.11477512121201	-0.086453668773174
-0.22635173797607	-0.35004419088364	-0.05585639923811	0.22314450144768	-1.0061691999435	0.012727186083794	0.025223255157471	0.11464816331863	-0.086336351931095
-0.21161828935146	-0.37285259366035	-0.088166899979115	0.22298760712147	-1.0025746822357	0.013636760413647	0.023239135742188	0.11354941129684	-0.085372783243656
-0.19386148452759	-0.39664018154144	-0.12300612032413	0.22284345328808	-0.99768805503845	0.014558210968971	0.020879149436951	0.11226791143417	-0.084400288760662
-0.17430743575096	-0.41916379332542	-0.15726813673973	0.22268442809582	-0.9923934340477	0.015370644629002	0.018360257148743	0.11089432239532	-0.083517514169216
-0.15310536324978	-0.43998700380325	-0.19034197926521	0.22250957787037	-0.98699313402176	0.016082085669041	0.015722692012787	0.10944765806198	-0.082737676799297
-0.13027307391167	-0.45887437462807	-0.22190254926682	0.22232823073864	-0.98150396347046	0.016690872609615	0.01297801733017	0.10793876647949	-0.082066290080547
-0.10584133863449	-0.47562459111214	-0.25166514515877	0.22214578092098	-0.97591650485992	0.017189964652061	0.01013970375061	0.10637652873993	-0.081507995724678
-0.079876609146595	-0.4900538623333	-0.27935585379601	0.22197081148624	-0.97023499011993	0.017573609948158	0.0072271823883057	0.10477030277252	-0.081065751612186
-0.052459485828876	-0.50200033187866	-0.30472418665886	0.22179558873177	-0.96446818113327	0.017837680876255	0.0042566061019897	0.10313010215759	-0.080742992460728
-0.023714384064078	-0.5113280415535	-0.3275440633297	0.22162513434887	-0.95864123106003	0.017979241907597	0.0012491345405579	0.1014649271965	-0.080541402101517
0.0062306337058544	-0.51793271303177	-0.34760829806328	0.22144734859467	-0.95278000831604	0.018003396689892	-0.0017815828323364	0.099786758422852	-0.080462887883186
0.037190098315477	-0.52174252271652	-0.36476138234138	0.22124429047108	-0.94692701101303	0.017907567322254	-0.0048149824142456	0.098103940486908	-0.080511182546616
0.068943478167057	-0.52272617816925	-0.37886044383049	0.22105723619461	-0.9409282207489	0.017716534435749	-0.0078271627426147	0.096428751945496	-0.080677188932896
0.07236559689045	-0.52283149957657	-0.38039326667786	0.22096851468086	-0.93953454494476	0.017643369734287	-0.008147656917572	0.096238374710083	-0.080696366727352
0.10154093056917	-0.52090066671371	-0.38996428251266	0.22082725167274	-0.93495643138885	0.017438150942326	-0.010804533958435	0.094758331775665	-0.08096444606781
0.13388384878635	-0.51627963781357	-0.39762073755264	0.22066782414913	-0.92905879020691	0.01697164028883	-0.013718247413635	0.093141734600067	-0.081372559070587
0.16649349033833	-0.50897693634033	-0.40222719311714	0.22049196064472	-0.92308515310287	0.016378089785576	-0.016574442386627	0.091548204421997	-0.081899344921112
0.19880042970181	-0.49909996986389	-0.40369725227356	0.22029019892216	-0.91732758283615	0.015709266066551	-0.019331753253937	0.090005576610565	-0.08253675699234
0.20226943492889	-0.49803957343102	-0.40387785434723	0.22019481658936	-0.91599953174591	0.015581503510475	-0.019621908664703	0.089829206466675	-0.082609049975872
0.2307588160038	-0.48667937517166	-0.40213400125504	0.22003176808357	-0.91176110506058	0.014997459948063	-0.021975755691528	0.088511824607849	-0.083292424678802
0.26123413443565	-0.47221255302429	-0.39764732122421	0.21983690559864	-0.90629059076309	0.014101818203926	-0.024495899677277	0.087101757526398	-0.084143206477165
0.29073348641396	-0.45557695627213	-0.3904030919075	0.21964932978153	-0.90082252025604	0.013095870614052	-0.026891350746155	0.085755228996277	-0.085099726915359
0.31868919730186	-0.43704763054848	-0.38056966662407	0.21949765086174	-0.89560914039612	0.012023694813251	-0.029124438762665	0.084496378898621	-0.086150161921978
0.34482198953629	-0.41683423519135	-0.36835584044456	0.21936362981796	-0.89062148332596	0.01087336987257	-0.031188368797302	0.083330035209656	-0.087288305163383
0.34762609004974	-0.41466394066811	-0.36705815792084	0.21924674510956	-0.88944125175476	0.010692752897739	-0.031405091285706	0.083197116851807	-0.087413966655731
0.36908233165741	-0.39490523934364	-0.35382589697838	0.21917006373405	-0.88587641716003	0.0097160488367081	-0.033059179782867	0.082266688346863	-0.088515974581242
0.3906572163105	-0.37213227152824	-0.33764547109604	0.2191066890955	-0.88123261928558	0.0083758905529976	-0.034757733345032	0.081307649612427	-0.089799292385578
0.40994364023209	-0.34808450937271	-0.31963765621185	0.21902658045292	-0.87674653530121	0.0069662109017372	-0.036258339881897	0.080455482006073	-0.091157354414463
0.42657378315926	-0.3231146633625	-0.30012783408165	0.21892786026001	-0.87261033058167	0.0055333748459816	-0.037539124488831	0.079724967479706	-0.092571847140789
0.42835634946823	-0.32043346762657	-0.29804489016533	0.2188133597374	-0.87157809734344	0.0053282305598259	-0.037672758102417	0.079640030860901	-0.092727787792683
0.44051200151443	-0.29713469743729	-0.279112637043	0.21875110268593	-0.86878603696823	0.0041468963027	-0.038580119609833	0.079127788543701	-0.094045765697956
0.45137646794319	-0.27115505933762	-0.25748163461685	0.21866378188133	-0.86508679389954	0.0025886446237564	-0.039431989192963	0.078639328479767	-0.095536082983017
0.45933538675308	-0.24456994235516	-0.2348081022501	0.21859823167324	-0.86195522546768	0.0012541338801384	-0.0400510430336	0.078280687332153	-0.097066476941109
0.46372026205063	-0.21774868667126	-0.2113536298275	0.21856297552586	-0.86032521724701	0.00035570561885834	-0.040085673332214	0.07824832201004	-0.098612368106842
0.46636107563972	-0.19087028503418	-0.1857094168663	0.21907037496567	-0.86000329256058	0.00035679340362549	-0.040685832500458	0.07840895652771	-0.099645256996155
0.44499385356903	-0.1879774928093	-0.17968079447746	0.21983562409878	-0.86068743467331	0.00035984069108963	-0.03978443145752	0.079689800739288	-0.099084734916687
0.41984364390373	-0.18765334784985	-0.17532683908939	0.22031542658806	-0.86114209890366	0.00036212056875229	-0.038018703460693	0.081299304962158	-0.098733134567738
0.39422306418419	-0.18759398162365	-0.17226494848728	0.22047796845436	-0.86130750179291	0.00036285817623138	-0.035936653614044	0.08267605304718	-0.098673701286316
0.36880761384964	-0.18754824995995	-0.16953340172768	0.22054404020309	-0.86130887269974	0.00036368519067764	-0.033845782279968	0.083890438079834	-0.098670177161694
0.34367382526398	-0.18748241662979	-0.16649091243744	0.22059302031994	-0.86129373311996	0.00036454945802689	-0.031812787055969	0.085042238235474	-0.098668165504932
0.31876644492149	-0.18738587200642	-0.16296285390854	0.22063915431499	-0.86129128932953	0.00036576390266418	-0.029797673225403	0.086178541183472	-0.0986652597785
0.31595522165298	-0.18737533688545	-0.16275629401207	0.22057577967644	-0.86083602905273	0.00036566704511642	-0.029456853866577	0.086304664611816	-0.098676465451717
0.29409021139145	-0.18724712729454	-0.15898664295673	0.22070656716824	-0.86127609014511	0.00036768615245819	-0.027934789657593	0.087259829044342	-0.098639890551567
0.26976692676544	-0.18706095218658	-0.1542860865593	0.22075931727886	-0.86147654056549	0.00036920607089996	-0.025865316390991	0.088427424430847	-0.098644405603409
0.24549573659897	-0.1868109703064	-0.14912204444408	0.22079057991505	-0.86149793863297	0.00037112832069397	-0.023761749267578	0.089586079120636	-0.098645858466625
0.22158147394657	-0.18648636341095	-0.14347003400326	0.22083154320717	-0.86146402359009	0.00037326663732529	-0.02170592546463	0.090721666812897	-0.098642013967037
0.19801914691925	-0.18607391417027	-0.1372672021389	0.22088471055031	-0.86141729354858	0.00037591159343719	-0.019672691822052	0.091851204633713	-0.098634250462055
0.19533681869507	-0.18602974712849	-0.13675978779793	0.22079558670521	-0.86086934804916	0.00037578493356705	-0.019321084022522	0.091965138912201	-0.098647683858871
0.17484660446644	-0.18555542826653	-0.13065324723721	0.22096490859985	-0.86130970716476	0.00037923455238342	-0.017812430858612	0.092930048704147	-0.098610661923885
0.15208207070827	-0.18493016064167	-0.12314391881227	0.22104200720787	-0.86146038770676	0.00038246810436249	-0.015731394290924	0.094100445508957	-0.098601289093494
0.14935892820358	-0.18486279249191	-0.12242642045021	0.22092387080193	-0.86090499162674	0.00038237124681473	-0.015293478965759	0.094233304262161	-0.098619759082794
0.12949697673321	-0.18416272103786	-0.11536487191916	0.22109268605709	-0.86132609844208	0.00038623064756393	-0.013759434223175	0.095205366611481	-0.098585210740566
0.10747368633747	-0.18326258659363	-0.10674105584621	0.22116972506046	-0.86144286394119	0.00039047747850418	-0.011670410633087	0.096371918916702	-0.098570972681046
0.085650332272053	-0.18219497799873	-0.097632095217705	0.22121486067772	-0.86135733127594	0.00039486587047577	-0.0095565915107727	0.097519844770432	-0.09855817258358
0.064299821853638	-0.18094885349274	-0.08804764598608	0.22126883268356	-0.86121928691864	0.00040007382631302	-0.007495641708374	0.098645806312561	-0.09854331612587
0.043394472450018	-0.17950940132141	-0.077897138893604	0.22133533656597	-0.86107116937637	0.00040563941001892	-0.0054584145545959	0.099767446517944	-0.098525680601597
0.040988400578499	-0.17935457825661	-0.076935335993767	0.2212149053812	-0.86038899421692	0.00040582567453384	-0.0051078796386719	0.09986412525177	-0.098541863262653
0.02299989014864	-0.17784374952316	-0.067409470677376	0.22142489254475	-0.86079305410385	0.00041194260120392	-0.0036032199859619	0.10084253549576	-0.09850886464119
0.0030041188001633	-0.17598402500153	-0.055849190801382	0.2215262055397	-0.86085242033005	0.00041892379522324	-0.0015074610710144	0.10200905799866	-0.098475985229015
-0.016744200140238	-0.17386995255947	-0.043768707662821	0.22158525884151	-0.86069536209106	0.00042616575956345	0.00061267614364624	0.10315525531769	-0.098445557057858
-0.035985741764307	-0.1714962720871	-0.031210800632834	0.22164571285248	-0.86047822237015	0.00043425709009171	0.0026718378067017	0.10427927970886	-0.098419636487961
-0.054761059582233	-0.16884985566139	-0.018109807744622	0.22171968221664	-0.86026787757874	0.0004427433013916	0.0047019720077515	0.10539409518242	-0.098394200205803
-0.073108933866024	-0.16591444611549	-0.0043798228725791	0.2218065559864	-0.86006432771683	0.0004519447684288	0.0067316889762878	0.10651230812073	-0.098362825810909
-0.091049954295158	-0.16267417371273	0.0099902031943202	0.22189837694168	-0.85984498262405	0.00046147406101227	0.0087713599205017	0.10763183236122	-0.098329283297062
-0.10857275873423	-0.15911437571049	0.025008715689182	0.22199562191963	-0.85960060358047	0.00047200173139572	0.010814368724823	0.10875397920609	-0.098291411995888
-0.12564726173878	-0.15521876513958	0.040765147656202	0.22210004925728	-0.85932928323746	0.00048404932022095	0.012836873531342	0.10989215970039	-0.098248228430748
-0.12755618989468	-0.15480048954487	0.042578566819429	0.22194214165211	-0.85854643583298	0.00048509985208511	0.013121128082275	0.11001789569855	-0.098246984183788
-0.14221857488155	-0.15092700719833	0.056827414780855	0.2221036106348	-0.85881531238556	0.00049599260091782	0.014691472053528	0.11099025607109	-0.098231539130211
-0.15853172540665	-0.14635364711285	0.073907181620598	0.22219835221767	-0.8586705327034	0.00050566345453262	0.016827404499054	0.11213281750679	-0.098165191709995
-0.17452543973923	-0.141362413764	0.091671667993069	0.22224047780037	-0.85829824209213	0.00052124261856079	0.01894611120224	0.11326405405998	-0.098109558224678
-0.19006089866161	-0.13596856594086	0.10988962650299	0.22226330637932	-0.8578964471817	0.00053295493125916	0.021012425422668	0.11436793208122	-0.098062224686146
-0.20514720678329	-0.13015992939472	0.12879033386707	0.22230505943298	-0.85747736692429	0.00054335594177246	0.023024797439575	0.11547660827637	-0.098025277256966
-0.21984115242958	-0.12391979247332	0.14845760166645	0.22234511375427	-0.85705417394638	0.00057703256607056	0.025025010108948	0.11659654974937	-0.097981631755829
-0.23418296873569	-0.11723070591688	0.16874946653843	0.22234696149826	-0.8566187620163	0.00060515105724335	0.027053952217102	0.11769598722458	-0.097943313419819
-0.24815870821476	-0.11007525771856	0.18985988199711	0.22235026955605	-0.85618406534195	0.00064307451248169	0.029078483581543	0.11880826950073	-0.097893171012402
-0.24968929588795	-0.10930694639683	0.19216667115688	0.22212100028992	-0.85532462596893	0.0006469190120697	0.029331624507904	0.11891931295395	-0.097895748913288
-0.26155933737755	-0.10235138982534	0.21163141727448	0.22220350801945	-0.8554727435112	0.0006813183426857	0.030875384807587	0.11994090676308	-0.097876779735088
-0.27474570274353	-0.094277538359165	0.23474438488483	0.22215856611729	-0.85525900125504	0.00072505325078964	0.032933056354523	0.1211402118206	-0.097753874957561
-0.27642118930817	-0.093410171568394	0.23714777827263	0.22188381850719	-0.85437059402466	0.00072881206870079	0.033326864242554	0.1212033033371	-0.09776072204113
-0.28771039843559	-0.085516445338726	0.25802361965179	0.22190344333649	-0.85447365045547	0.00076613575220108	0.034893214702606	0.12221857905388	-0.097743883728981
-0.30002209544182	-0.076373517513275	0.27905559539795	0.22160090506077	-0.85427498817444	0.00079869851469994	0.036524713039398	0.12284904718399	-0.09833899140358
-0.3015940785408	-0.075392134487629	0.27555665373802	0.22084268927574	-0.85374015569687	0.00077643990516663	0.036349892616272	0.12190967798233	-0.099536493420601
-0.30188578367233	-0.098698385059834	0.24756166338921	0.2197413444519	-0.85311299562454	0.00091999769210815	0.036395668983459	0.12084266543388	-0.09896345436573
-0.29996845126152	-0.12532843649387	0.21971300244331	0.21952190995216	-0.85142695903778	0.0023775286972523	0.036114037036896	0.12057715654373	-0.097473032772541
-0.29635885357857	-0.15287430584431	0.18991127610207	0.21927087008953	-0.84866374731064	0.0039080008864403	0.035532474517822	0.12026605010033	-0.095944494009018
-0.29124388098717	-0.18090881407261	0.15839102864265	0.21901334822178	-0.84552836418152	0.0054013282060623	0.034725546836853	0.11983844637871	-0.094433821737766
-0.28462061285973	-0.20920909941196	0.12539380788803	0.21873544156551	-0.84219348430634	0.0068459883332253	0.033700108528137	0.11928668618202	-0.092957757413387
-0.27645522356033	-0.23756581544876	0.091177567839622	0.21843135356903	-0.83864349126816	0.0082502812147141	0.032455027103424	0.11861145496368	-0.091528862714767
-0.27555969357491	-0.24061034619808	0.08748172968626	0.21832649409771	-0.83761578798294	0.008386492729187	0.032313108444214	0.11853417754173	-0.091378815472126
-0.26669281721115	-0.26609194278717	0.055663924664259	0.21801964938641	-0.83497142791748	0.0096054151654243	0.031008124351501	0.1178075671196	-0.090138614177704
-0.25543487071991	-0.2936227619648	0.020220471546054	0.21769148111343	-0.83113902807236	0.010873816907406	0.029347062110901	0.11690711975098	-0.088846184313297
-0.24247434735298	-0.32081407308578	-0.015835711732507	0.21738041937351	-0.82684177160263	0.012089975178242	0.027476191520691	0.11589780449867	-0.087607584893703
-0.24107164144516	-0.32373371720314	-0.019717836752534	0.21726633608341	-0.82567900419235	0.012200720608234	0.027272462844849	0.11578464508057	-0.087474569678307
-0.22782887518406	-0.34751987457275	-0.052313081920147	0.21694761514664	-0.82240235805511	0.013228103518486	0.025441825389862	0.11477243900299	-0.086427703499794
-0.21171379089355	-0.37258139252663	-0.087758772075176	0.21658626198769	-0.81790280342102	0.01427411288023	0.023235678672791	0.11357685923576	-0.085364274680614
-0.19382563233376	-0.39661115407944	-0.1229240372777	0.21623167395592	-0.81298094987869	0.015222974121571	0.02086067199707	0.11228406429291	-0.084378093481064
-0.17428673803806	-0.41916111111641	-0.15721201896667	0.21594855189323	-0.80801999568939	0.016066491603851	0.018350958824158	0.11090907454491	-0.083495415747166
-0.15309019386768	-0.43998643755913	-0.1902816593647	0.2156874537468	-0.80295771360397	0.016814172267914	0.015715658664703	0.10946294665337	-0.082714736461639
-0.13025756180286	-0.45887443423271	-0.22183878719807	0.21545273065567	-0.7977728843689	0.01745480298996	0.012970805168152	0.10795465111732	-0.082042627036572
-0.12780690193176	-0.46090257167816	-0.22524283826351	0.21537561714649	-0.7964733839035	0.017505146563053	0.012681484222412	0.1077843606472	-0.08197183907032
-0.1056397408247	-0.47584247589111	-0.25194323062897	0.21517807245255	-0.79239708185196	0.018002033233643	0.010130882263184	0.10637465119362	-0.081475652754307
-0.079859308898449	-0.49007707834244	-0.27931585907936	0.21497981250286	-0.78711915016174	0.018408343195915	0.0072264671325684	0.10478568077087	-0.081039525568485
-0.052440539002419	-0.50200295448303	-0.3046558201313	0.21477738022804	-0.78156471252441	0.018692135810852	0.0042479038238525	0.1031468808651	-0.080717690289021
-0.023687321692705	-0.51132845878601	-0.3274652659893	0.21457973122597	-0.77598410844803	0.018864005804062	0.0012370347976685	0.10148286819458	-0.08051572740078
0.0062522334046662	-0.5179323554039	-0.34752491116524	0.21437653899193	-0.77038544416428	0.018919304013252	-0.001792311668396	0.09980508685112	-0.080435857176781
0.037202641367912	-0.52174282073975	-0.3646682202816	0.21416847407818	-0.7647790312767	0.018854916095734	-0.0048226714134216	0.098123878240585	-0.080480486154556
0.068952463567257	-0.52272617816925	-0.37876433134079	0.21393732726574	-0.75920563936234	0.018666669726372	-0.0078341960906982	0.0964495241642	-0.080646865069866
0.1012711301446	-0.52088928222656	-0.38972949981689	0.21370562911034	-0.75365543365479	0.018359676003456	-0.010811030864716	0.094791531562805	-0.080935075879097
0.13387829065323	-0.51627850532532	-0.3975128531456	0.21348917484283	-0.74817025661469	0.017939575016499	-0.013731598854065	0.093162685632706	-0.081342503428459
0.16648904979229	-0.50897681713104	-0.40212029218674	0.21327896416187	-0.74275100231171	0.017403684556484	-0.016579747200012	0.091571152210236	-0.081867530941963
0.19880597293377	-0.4991001188755	-0.4035892188549	0.21309007704258	-0.73742592334747	0.016771480441093	-0.019339442253113	0.090028554201126	-0.082504212856293
0.23048685491085	-0.48679342865944	-0.40201649069786	0.21289451420307	-0.7322553396225	0.01603177934885	-0.02198725938797	0.088544368743896	-0.08325220644474
0.26123121380806	-0.47222474217415	-0.39753687381744	0.2126972079277	-0.72720241546631	0.01518339663744	-0.024511873722076	0.087124735116959	-0.08410868793726
0.29072830080986	-0.45557808876038	-0.39028921723366	0.21251012384892	-0.72228342294693	0.014233686029911	-0.026897966861725	0.085780888795853	-0.085065290331841
0.31866455078125	-0.43704798817635	-0.38044929504395	0.21235264837742	-0.7174910902977	0.013187251985073	-0.029124855995178	0.084525585174561	-0.086113587021828
0.34480240941048	-0.41683447360992	-0.36823609471321	0.21219377219677	-0.71276700496674	0.012051723897457	-0.031190693378448	0.083359450101852	-0.087250657379627
0.36886847019196	-0.39513808488846	-0.35385936498642	0.21203142404556	-0.7082337141037	0.010840326547623	-0.033076822757721	0.082292973995209	-0.08846940100193
0.39064893126488	-0.37215691804886	-0.33754944801331	0.21187105774879	-0.70392829179764	0.0095564499497414	-0.034772872924805	0.081331223249435	-0.089762412011623
0.40992739796638	-0.34808683395386	-0.31952235102654	0.21178492903709	-0.69990915060043	0.0082102492451668	-0.036263823509216	0.080484867095947	-0.091119609773159
0.42655798792839	-0.32311481237411	-0.3000083565712	0.21172942221165	-0.69613283872604	0.0068059638142586	-0.037544727325439	0.079755842685699	-0.092533953487873
0.44040796160698	-0.29742267727852	-0.27922779321671	0.21168264746666	-0.69260066747665	0.0053533762693405	-0.038608133792877	0.079148232936859	-0.093996241688728
0.4513678252697	-0.27118590474129	-0.25738835334778	0.2116446942091	-0.68932509422302	0.0038618668913841	-0.039446949958801	0.078666657209396	-0.095497652888298
0.45935815572739	-0.244573533535	-0.23468500375748	0.21161818504333	-0.68631160259247	0.0023404881358147	-0.040056467056274	0.078313648700714	-0.097028881311417
0.46021619439125	-0.24171620607376	-0.23225004971027	0.21161669492722	-0.68541955947876	0.0021726191043854	-0.040120542049408	0.078270941972733	-0.097195580601692
0.46425253152847	-0.21744252741337	-0.21119397878647	0.21168994903564	-0.68392133712769	0.00085961073637009	-0.040382087230682	0.078080207109451	-0.098628163337708
0.46644130349159	-0.19083762168884	-0.18615847826004	0.21206113696098	-0.68365943431854	0.00035736709833145	-0.040734350681305	0.078247964382172	-0.099803358316422
0.44513440132141	-0.18797396123409	-0.17971816658974	0.21273303031921	-0.68447649478912	0.00036045908927917	-0.039887249469757	0.079634964466095	-0.09907940775156
0.41996306180954	-0.18765300512314	-0.17530269920826	0.21315389871597	-0.68514686822891	0.00036218017339706	-0.038090169429779	0.081293314695358	-0.098677098751068
0.3943153321743	-0.18759416043758	-0.172078743577	0.21322464942932	-0.68558114767075	0.00036301463842392	-0.035990953445435	0.082713037729263	-0.098599277436733
0.36884263157845	-0.18754835426807	-0.16920131444931	0.21318946778774	-0.68579518795013	0.00036346912384033	-0.033867716789246	0.083967417478561	-0.098586373031139
0.34364548325539	-0.18748259544373	-0.1661151945591	0.21312421560287	-0.68592071533203	0.00036434084177017	-0.031796514987946	0.085140973329544	-0.098579987883568
0.31870186328888	-0.18738609552383	-0.1625047326088	0.21304373443127	-0.68605488538742	0.00036550313234329	-0.029759466648102	0.086297690868378	-0.098570808768272
0.29400271177292	-0.18724863231182	-0.15841320157051	0.2129539847374	-0.68619912862778	0.00036700069904327	-0.027732610702515	0.087440460920334	-0.098562709987164
0.26955646276474	-0.18706078827381	-0.15378877520561	0.21286083757877	-0.6863471865654	0.00036872923374176	-0.02570629119873	0.088580548763275	-0.098553068935871
0.26683577895164	-0.18704058229923	-0.15342874825001	0.21282112598419	-0.68577396869659	0.00036878883838654	-0.025404572486877	0.08869794011116	-0.098558813333511
0.24544030427933	-0.18680873513222	-0.14876690506935	0.21280135214329	-0.6863648891449	0.00037118047475815	-0.023860931396484	0.089655995368958	-0.098525777459145
0.22169317305088	-0.18648605048656	-0.14291556179523	0.21268959343433	-0.68676835298538	0.00037331879138947	-0.021787524223328	0.090830236673355	-0.098519764840603
0.19803285598755	-0.18607421219349	-0.13659039139748	0.21257136762142	-0.68697732686996	0.00037571042776108	-0.019675850868225	0.091995924711227	-0.098509021103382
0.17476736009121	-0.18556042015553	-0.1297885030508	0.21245335042477	-0.68710494041443	0.0003785565495491	-0.017609179019928	0.093137830495834	-0.098494745790958
0.15189960598946	-0.18493065237999	-0.12241263687611	0.21233752369881	-0.68722063302994	0.00038186460733414	-0.015573382377625	0.094275683164597	-0.098476462066174
0.12941698729992	-0.18417009711266	-0.11446561664343	0.21222062408924	-0.68734049797058	0.00038567185401917	-0.013547420501709	0.095412969589233	-0.098455317318439
0.10731995850801	-0.18326316773891	-0.10594438016415	0.21210232377052	-0.68746495246887	0.00038997828960419	-0.011522173881531	0.096551030874252	-0.098431646823883
0.10483381152153	-0.18316596746445	-0.1051916256547	0.21203723549843	-0.68681395053864	0.00039035081863403	-0.011212766170502	0.096651583909988	-0.09844097495079
0.085702985525131	-0.18218418955803	-0.097079269587994	0.21203279495239	-0.68743562698364	0.00039496272802353	-0.0096825361251831	0.097636818885803	-0.098403587937355
0.06451890617609	-0.18094763159752	-0.087161660194397	0.2119056135416	-0.68783897161484	0.00040010362863541	-0.007617175579071	0.098823547363281	-0.098367765545845
0.043513771146536	-0.17950910329819	-0.076814241707325	0.21175062656403	-0.68803364038467	0.00040572136640549	-0.0054986476898193	0.099982768297195	-0.098337724804878
0.022985963150859	-0.17786018550396	-0.06599323451519	0.21160620450974	-0.6881577372551	0.00041195750236511	-0.0034269690513611	0.10112026333809	-0.098307125270367
0.0029257924761623	-0.1759859919548	-0.054596588015556	0.21146804094315	-0.6882695555687	0.00041874498128891	-0.0013865828514099	0.10225331783295	-0.098274193704128
-0.016693482175469	-0.17386980354786	-0.042595341801643	0.21133290231228	-0.68838167190552	0.00042621791362762	0.00064414739608765	0.10338759422302	-0.098238296806812
-0.018955806270242	-0.17364224791527	-0.041556522250175	0.21122807264328	-0.68772011995316	0.00042682141065598	0.00097721815109253	0.10346183180809	-0.098257578909397
-0.035775352269411	-0.17147168517113	-0.030248921364546	0.21125584840775	-0.68833494186401	0.00043439865112305	0.002485990524292	0.10448142886162	-0.098211638629436
-0.054443519562483	-0.1688474714756	-0.016798229888082	0.21113626658916	-0.68870562314987	0.00044339895248413	0.0045572519302368	0.10566237568855	-0.098153457045555
-0.07292128354311	-0.1659140586853	-0.0028611465822905	0.21098287403584	-0.6888575553894	0.00045280903577805	0.0066906213760376	0.1068089902401	-0.098107121884823
-0.090882316231728	-0.16267429292202	0.011602217331529	0.21085901558399	-0.68896949291229	0.00046306848526001	0.0087605118751526	0.10794487595558	-0.098051562905312
-0.10839857906103	-0.15911443531513	0.026696775108576	0.21073883771896	-0.68906712532043	0.00047352910041809	0.010809242725372	0.10908043384552	-0.097999632358551
-0.12548783421516	-0.15521886944771	0.042408376932144	0.2106194794178	-0.68915492296219	0.00048476457595825	0.012850940227509	0.11021229624748	-0.097948975861073
-0.14215509593487	-0.15097206830978	0.058721873909235	0.21050652861595	-0.68924301862717	0.00049691647291183	0.014880776405334	0.11133721470833	-0.09790163487196
-0.15842078626156	-0.14635874330997	0.075692981481552	0.21040879189968	-0.68934631347656	0.00050776451826096	0.016908228397369	0.11246457695961	-0.097847051918507
-0.17430277168751	-0.14136293530464	0.093387708067894	0.2103119790554	-0.68946725130081	0.00050899386405945	0.018959224224091	0.11359629034996	-0.097785390913486
-0.1897709518671	-0.13596867024899	0.11177755892277	0.21025912463665	-0.6895495057106	0.00053096562623978	0.020995140075684	0.1147333085537	-0.097718313336372
-0.19164583086967	-0.13538974523544	0.11358778178692	0.21015846729279	-0.68897616863251	0.00054150819778442	0.02135968208313	0.11479678750038	-0.097731672227383
-0.2047180980444	-0.1300977319479	0.13057601451874	0.21032199263573	-0.68945413827896	0.00055360794067383	0.022829651832581	0.11585107445717	-0.097682230174541
-0.21937017142773	-0.12391308695078	0.15036708116531	0.21027462184429	-0.68965375423431	0.00057874619960785	0.024895966053009	0.11699959635735	-0.097599253058434
-0.23386242985725	-0.11723026633263	0.17081017792225	0.21009323000908	-0.68969988822937	0.00061278790235519	0.027040064334869	0.11810079216957	-0.097540721297264
-0.23567110300064	-0.11651246994734	0.17275127768517	0.20992739498615	-0.68900954723358	0.00061541795730591	0.027430146932602	0.11813560128212	-0.097567714750767
-0.24784402549267	-0.10999818146229	0.19157657027245	0.20997315645218	-0.68948042392731	0.00064867734909058	0.028977811336517	0.11915817856789	-0.097538128495216
-0.26144972443581	-0.10242556780577	0.21368768811226	0.20986710488796	-0.68970823287964	0.00068934261798859	0.031087309122086	0.12030798196793	-0.097432672977448
-0.27488860487938	-0.094285450875759	0.236552760005	0.20972473919392	-0.68973922729492	0.000730961561203	0.033236801624298	0.12142232060432	-0.097346529364586
-0.28791019320488	-0.085610546171665	0.26010310649872	0.20958861708641	-0.68972414731979	0.00077439099550247	0.03532350063324	0.12252801656723	-0.097271785140038
-0.2999969124794	-0.076383478939533	0.27948507666588	0.20911300182343	-0.68969386816025	0.00079716742038727	0.03663045167923	0.12294629216194	-0.098119616508484
-0.30147805809975	-0.075392939150333	0.2764245569706	0.20835611224174	-0.68930286169052	0.00077793002128601	0.036415576934814	0.12209194898605	-0.099258460104465
-0.30068388581276	-0.11521815508604	0.2307616174221	0.2073600590229	-0.68781459331512	0.0012905895709991	0.036232650279999	0.12078174948692	-0.097962453961372
-0.29484701156616	-0.16115541756153	0.18060477077961	0.20713722705841	-0.68479084968567	0.0034814216196537	0.0352942943573	0.12014645338058	-0.095507778227329
-0.28458008170128	-0.20867075026035	0.12583111226559	0.20698563754559	-0.68073171377182	0.0058430880308151	0.033686995506287	0.11927729845047	-0.093013122677803
-0.28347864747047	-0.21377249062061	0.1198642924428	0.20687620341778	-0.67966812849045	0.0060068145394325	0.033506900072098	0.11915898323059	-0.09276706725359
-0.26987507939339	-0.25694635510445	0.067010022699833	0.20674639940262	-0.6760750412941	0.0081730410456657	0.031471490859985	0.1180574297905	-0.090608559548855
-0.25080543756485	-0.3033227622509	0.0073077753186226	0.20656602084637	-0.67089402675629	0.010293535888195	0.028665214776993	0.11654543876648	-0.088422924280167
-0.24876095354557	-0.30830252170563	0.00082993530668318	0.20646034181118	-0.66969192028046	0.010447479784489	0.028363466262817	0.11635911464691	-0.088204406201839
-0.22688144445419	-0.34873190522194	-0.054180704057217	0.20629519224167	-0.66491627693176	0.012261956930161	0.02529963850975	0.11469769477844	-0.086403861641884
-0.19860258698463	-0.39014592766762	-0.11355267465115	0.2060711979866	-0.65857714414597	0.013930410146713	0.021481841802597	0.11262512207031	-0.084670066833496
-0.16542176902294	-0.42787483334541	-0.17113766074181	0.20583458244801	-0.65160322189331	0.015323780477047	0.017227053642273	0.11029797792435	-0.083199061453342
-0.12755587697029	-0.46048477292061	-0.22492797672749	0.20557095110416	-0.64426475763321	0.016451738774776	0.012641280889511	0.10778185725212	-0.082018703222275
-0.085168085992336	-0.48696717619896	-0.27351886034012	0.20528864860535	-0.63664191961288	0.017279781401157	0.0077959001064301	0.10511863231659	-0.081159077584743
-0.080661244690418	-0.4898107945919	-0.2787798345089	0.20515839755535	-0.63523191213608	0.017314553260803	0.0073068141937256	0.10480642318726	-0.081075623631477
-0.038204308599234	-0.50679415464401	-0.31622830033302	0.2049046009779	-0.62878066301346	0.017826810479164	0.0027545690536499	0.10231375694275	-0.080633550882339
0.011558001860976	-0.51845687627792	-0.3503737449646	0.20458216965199	-0.6209928393364	0.017972767353058	-0.002325564622879	0.099518060684204	-0.080471858382225
0.016864193603396	-0.5197092294693	-0.35406446456909	0.20442083477974	-0.61965000629425	0.01794558018446	-0.0028393864631653	0.099195927381516	-0.080455958843231
0.064920596778393	-0.5225458741188	-0.37698036432266	0.20414546132088	-0.61313551664352	0.017809301614761	-0.0074448883533478	0.096659123897552	-0.080647379159927
0.11904495954514	-0.51839739084244	-0.39405715465546	0.20383983850479	-0.60538268089294	0.017239660024643	-0.01241859793663	0.093902260065079	-0.081176936626434
0.17396771907806	-0.50660389661789	-0.40241882205009	0.20352882146835	-0.59770965576172	0.016341477632523	-0.017235845327377	0.091212213039398	-0.082040429115295
0.22783046960831	-0.48760160803795	-0.40197741985321	0.20321054756641	-0.59038686752319	0.015147984027863	-0.021778583526611	0.088662892580032	-0.083229042589664
0.27910256385803	-0.46213200688362	-0.39321288466454	0.20290695130825	-0.58350974321365	0.013643160462379	-0.025971114635468	0.086302816867828	-0.084715500473976
0.32631897926331	-0.43108573555946	-0.37689718604088	0.20263355970383	-0.5771017074585	0.011876456439495	-0.029743254184723	0.084174156188965	-0.086476013064384
0.36815881729126	-0.39541324973106	-0.35399594902992	0.20239128172398	-0.57124108076096	0.0098681524395943	-0.03302988409996	0.082313656806946	-0.088481649756432
0.37261587381363	-0.39158350229263	-0.35153621435165	0.20229032635689	-0.57008683681488	0.0096451938152313	-0.033362150192261	0.082103908061981	-0.088698044419289
0.403883010149	-0.35565906763077	-0.32529982924461	0.20212517678738	-0.56604903936386	0.0076843202114105	-0.035772770643234	0.080746561288834	-0.090715825557709
0.43148985505104	-0.31393405795097	-0.29265800118446	0.20203730463982	-0.56144690513611	0.0052930265665054	-0.037919700145721	0.079529494047165	-0.093080841004848
0.45140981674194	-0.270005017519	-0.25640109181404	0.2019210755825	-0.55743980407715	0.0027690157294273	-0.039451420307159	0.078650593757629	-0.095591828227043
0.4627138376236	-0.22498680651188	-0.21824817359447	0.20192350447178	-0.55475813150406	0.00035682320594788	-0.040171027183533	0.078092455863953	-0.098294608294964
0.46388718485832	-0.22015288472176	-0.21378682553768	0.2021359950304	-0.55447727441788	0.00035655498504639	-0.040232241153717	0.078088700771332	-0.098579913377762
0.46407780051231	-0.21963378787041	-0.21317856013775	0.20223315060139	-0.55439031124115	0.0003567710518837	-0.040293872356415	0.078078597784042	-0.098616018891335
0.46659487485886	-0.19107276201248	-0.18599557876587	0.20300590991974	-0.5541096329689	0.00035766512155533	-0.040843546390533	0.078334629535675	-0.099581345915794
0.44534569978714	-0.18799932301044	-0.18004921078682	0.20398381352425	-0.55467021465302	0.00036062300205231	-0.039996862411499	0.079562067985535	-0.09902223944664
0.4201597571373	-0.18765564262867	-0.17664113640785	0.20483136177063	-0.55521237850189	0.00036261230707169	-0.038105636835098	0.081034749746323	-0.098798684775829
0.39444044232368	-0.18759462237358	-0.17311784625053	0.20555272698402	-0.5552631020546	0.00036393851041794	-0.03599089384079	0.082552313804626	-0.098589472472668
0.36899396777153	-0.18754835426807	-0.16954888403416	0.20603488385677	-0.55515688657761	0.00036528706550598	-0.033930450677872	0.083905577659607	-0.098535254597664
0.34387108683586	-0.18748261034489	-0.1660041809082	0.20634329319	-0.55508035421371	0.00036663562059402	-0.031929552555084	0.085131734609604	-0.098513245582581
0.31900563836098	-0.1873859167099	-0.1622918844223	0.20658954977989	-0.55504679679871	0.00036805123090744	-0.029942959547043	0.086291372776031	-0.098501577973366
0.29440677165985	-0.18724854290485	-0.15779089927673	0.20670087635517	-0.55511462688446	0.00037020444869995	-0.02799665927887	0.087482362985611	-0.098470285534859
0.270014077425	-0.18706089258194	-0.15311650931835	0.20673377811909	-0.55523651838303	0.00037205219268799	-0.026010930538177	0.088624328374863	-0.098464138805866
0.24583698809147	-0.18681089580059	-0.14808151125908	0.20678201317787	-0.55534929037094	0.0003739520907402	-0.023977428674698	0.089749664068222	-0.098463118076324
0.22194980084896	-0.18648599088192	-0.14241614937782	0.2068337649107	-0.55545145273209	0.0003763884305954	-0.021939933300018	0.090887993574142	-0.098455704748631
0.1983880251646	-0.18607401847839	-0.13618110120296	0.2068804949522	-0.55554831027985	0.00037895143032074	-0.01990669965744	0.092027366161346	-0.098446041345596
0.17516982555389	-0.18556018173695	-0.1293933391571	0.20692701637745	-0.55564039945602	0.00038199871778488	-0.017875522375107	0.093165725469589	-0.098433442413807
0.17240889370441	-0.18550509214401	-0.1284891217947	0.20681259036064	-0.55506676435471	0.00038201361894608	-0.017472803592682	0.093341141939163	-0.098429583013058
0.15229499340057	-0.18492458760738	-0.12221577763557	0.20694923400879	-0.55555242300034	0.0003855973482132	-0.015956878662109	0.094261527061462	-0.098407752811909
0.12994608283043	-0.18416930735111	-0.11443786323071	0.20714588463306	-0.55574375391006	0.00038908421993256	-0.013882428407669	0.09538534283638	-0.098410062491894
0.10773126780987	-0.18326306343079	-0.10584405064583	0.20735278725624	-0.55575221776962	0.0003933385014534	-0.01176655292511	0.09654712677002	-0.098397150635719
0.085987739264965	-0.1821950674057	-0.09673672914505	0.20756110548973	-0.55571043491364	0.00039801001548767	-0.0097100138664246	0.09769269824028	-0.098376244306564
0.083391763269901	-0.18207983672619	-0.095436289906502	0.20760715007782	-0.55503386259079	0.00039831548929214	-0.0093134045600891	0.097874671220779	-0.098365172743797
0.064690589904785	-0.18093648552895	-0.087537162005901	0.20786063373089	-0.55536836385727	0.00040294229984283	-0.0078028440475464	0.098752498626709	-0.098361626267433
0.043934740126133	-0.17950795590878	-0.077202066779137	0.20809122920036	-0.55553841590881	0.00040890276432037	-0.005748450756073	0.099911987781525	-0.098339311778545
0.023352475836873	-0.17786008119583	-0.066141955554485	0.20829267799854	-0.55552399158478	0.0004153773188591	-0.0036391019821167	0.10108932852745	-0.09830766916275
0.0032421874348074	-0.17598588764668	-0.054703146219254	0.2085028141737	-0.55543208122253	0.00042213499546051	-0.0015669465065002	0.10223072767258	-0.098281070590019
-0.016388449817896	-0.1738697886467	-0.042715094983578	0.20872646570206	-0.55532413721085	0.00042971223592758	0.00047239661216736	0.1033650636673	-0.098247818648815
-0.018711855635047	-0.17364236712456	-0.040956929326057	0.20877349376678	-0.55459761619568	0.00043047964572906	0.00083941221237183	0.10355389118195	-0.098219767212868
-0.035566426813602	-0.17147147655487	-0.030574511736631	0.2090171277523	-0.55487608909607	0.00043723732233047	0.002379834651947	0.10442972183228	-0.098232582211494
-0.054221026599407	-0.1688470095396	-0.017245806753635	0.20925909280777	-0.55498075485229	0.00044584274291992	0.0044413208961487	0.10559132695198	-0.09818484634161
-0.072687372565269	-0.16591428220272	-0.0031558927148581	0.20948556065559	-0.55488806962967	0.00045568495988846	0.0065613687038422	0.10676303505898	-0.098134726285934
-0.090656951069832	-0.16267427802086	0.011586120352149	0.20973375439644	-0.55473452806473	0.00046622008085251	0.0086415708065033	0.10793793201447	-0.098080173134804
-0.10823837667704	-0.15911459922791	0.026946421712637	0.21000847220421	-0.5546116232872	0.00047731399536133	0.010760426521301	0.10910964012146	-0.098013162612915
-0.11034264415503	-0.15873201191425	0.029169859364629	0.21010306477547	-0.55396962165833	0.00047838687896729	0.011146634817123	0.10930752754211	-0.097963236272335
-0.12512497603893	-0.15517766773701	0.042145512998104	0.21050730347633	-0.55408209562302	0.00048813968896866	0.012563019990921	0.11018577218056	-0.097990356385708
-0.14180262386799	-0.1509677618742	0.058808740228415	0.21087598800659	-0.55407458543777	0.00050131231546402	0.014699041843414	0.11136412620544	-0.097916185855865
-0.15825664997101	-0.14635837078094	0.076203271746635	0.2111704647541	-0.55394339561462	0.00051081925630569	0.016864866018295	0.11253780126572	-0.09784085303545
-0.17420598864555	-0.1413628757	0.09396118670702	0.21145050227642	-0.55377346277237	0.00050637871026993	0.018950968980789	0.11366897821426	-0.097792595624924
-0.18970100581646	-0.13596883416176	0.11226187646389	0.21175192296505	-0.55359828472137	0.00053184479475021	0.021003037691116	0.11478862166405	-0.097731485962868
-0.20487651228905	-0.13015975058079	0.1311724036932	0.21201461553574	-0.55346190929413	0.00055360049009323	0.023094534873962	0.11588740348816	-0.097675785422325
-0.20668403804302	-0.12953598797321	0.13351225852966	0.21197271347046	-0.55289101600647	0.00056154280900955	0.0234295129776	0.11603179574013	-0.09764226526022
-0.21936097741127	-0.12385261058807	0.15013752877712	0.21243631839752	-0.55300778150558	0.00057828426361084	0.024844288825989	0.11693802475929	-0.097689256072044
-0.2337633818388	-0.11722382903099	0.17077401280403	0.21280969679356	-0.55299162864685	0.0006144717335701	0.027018964290619	0.11807703971863	-0.097604334354401
-0.24780982732773	-0.11007460206747	0.19237883388996	0.21294745802879	-0.55291050672531	0.00065432488918304	0.029125362634659	0.119249522686	-0.097507409751415
-0.24953931570053	-0.10930682718754	0.19509023427963	0.2127849906683	-0.55232298374176	0.00065886229276657	0.029516279697418	0.11939418315887	-0.097464129328728
-0.26124370098114	-0.1023513302207	0.21369083225727	0.21303768455982	-0.55245339870453	0.00069022178649902	0.030924588441849	0.12030962109566	-0.097522474825382
-0.27459648251534	-0.094277307391167	0.23681236803532	0.21320140361786	-0.55244827270508	0.00073399767279625	0.033099472522736	0.12147283554077	-0.097406059503555
-0.28763887286186	-0.085609711706638	0.26015111804008	0.21316811442375	-0.55236208438873	0.00077687576413155	0.035197168588638	0.12253567576408	-0.097396276891232
-0.29997351765633	-0.076383545994759	0.27876392006874	0.21248355507851	-0.55241400003433	0.00079695880413055	0.036612302064896	0.12277808785439	-0.09835883975029
-0.31206542253494	-0.066580168902874	0.2970082461834	0.21183213591576	-0.55279177427292	0.00081028044223785	0.037937134504318	0.12282595038414	-0.099520787596703
-0.31372177600861	-0.065527841448784	0.29881778359413	0.21163254976273	-0.55292892456055	0.00081130862236023	0.038279354572296	0.1227300465107	-0.099646046757698
-0.31381350755692	-0.095939107239246	0.26472845673561	0.21061895787716	-0.55215948820114	0.0014035515487194	0.038292616605759	0.12184223532677	-0.098571486771107
-0.31108897924423	-0.13119891285896	0.22660045325756	0.21036297082901	-0.55006784200668	0.0034079775214195	0.0378437936306	0.12140554189682	-0.096623629331589
-0.30600115656853	-0.16807319223881	0.18430799245834	0.21013712882996	-0.54680162668228	0.0053645893931389	0.036943882703781	0.12075343728065	-0.094672605395317
-0.29876390099525	-0.20580306649208	0.13864926993847	0.20979318022728	-0.54302054643631	0.0072198025882244	0.035696238279343	0.11983469128609	-0.092776603996754
-0.28932040929794	-0.24386967718601	0.090315014123917	0.20934334397316	-0.53887397050858	0.0089984536170959	0.034111320972443	0.11865788698196	-0.090953685343266
-0.28829678893089	-0.24795722961426	0.085152477025986	0.20920522511005	-0.53790831565857	0.009188674390316	0.033941805362701	0.11853131651878	-0.09074979275465
-0.2775567471981	-0.28219991922379	0.039499510079622	0.20869043469429	-0.53449839353561	0.010722696781158	0.032214999198914	0.11722373962402	-0.089191943407059
-0.26353254914284	-0.31899791955948	-0.01167103741318	0.2081136405468	-0.52972763776779	0.012277998030186	0.029990136623383	0.11557507514954	-0.087607927620411
-0.2469951659441	-0.35490483045578	-0.063847906887531	0.20750665664673	-0.52440017461777	0.013696894049644	0.027473092079163	0.11369663476944	-0.086135521531105
-0.22793704271317	-0.38906294107437	-0.11586827039719	0.20682519674301	-0.51876693964005	0.015002876520157	0.024703025817871	0.11162438988686	-0.084798738360405
-0.20625035464764	-0.42088854312897	-0.16702230274677	0.20603173971176	-0.51279711723328	0.016122698783875	0.021697074174881	0.1093758046627	-0.083618275821209
-0.18188790977001	-0.44983139634132	-0.2165744304657	0.2052326053381	-0.50662505626678	0.017077013850212	0.018493592739105	0.10697093605995	-0.082611478865147
-0.15477815270424	-0.47535869479179	-0.26381704211235	0.20442871749401	-0.50023543834686	0.017855480313301	0.015118807554245	0.10443517565727	-0.081786341965199
-0.15187166631222	-0.47809970378876	-0.26889526844025	0.20438462495804	-0.49897050857544	0.017900243401527	0.014768719673157	0.10415184497833	-0.081696294248104
-0.12467054277658	-0.49726024270058	-0.30858188867569	0.2035927772522	-0.49373614788055	0.018451139330864	0.011602878570557	0.10176306962967	-0.081139974296093
-0.092289365828037	-0.5142280459404	-0.34869781136513	0.202755600214	-0.48712068796158	0.018845431506634	0.008008599281311	0.099071145057678	-0.080710604786873
-0.05703716352582	-0.52666652202606	-0.38497918844223	0.20191165804863	-0.4802331328392	0.01903397589922	0.0043328702449799	0.096302479505539	-0.080473870038986
-0.053255695849657	-0.52800232172012	-0.38887459039688	0.20189648866653	-0.47884449362755	0.01901426166296	0.0039539635181427	0.095994859933853	-0.080444388091564
-0.018997840583324	-0.534219622612	-0.41690021753311	0.201062977314	-0.47339323163033	0.019031375646591	0.00063300132751465	0.093477666378021	-0.080433949828148
0.020574552938342	-0.53627985715866	-0.44282630085945	0.20020888745785	-0.4666300714016	0.018815964460373	-0.0030189454555511	0.090718954801559	-0.080605164170265
0.024857645854354	-0.53650104999542	-0.44561764597893	0.20023839175701	-0.46507298946381	0.018748186528683	-0.0034072697162628	0.090410381555557	-0.080620497465134
0.06267061829567	-0.53322243690491	-0.46380791068077	0.19944599270821	-0.45946064591408	0.018396303057671	-0.0066632032394409	0.087935566902161	-0.080977044999599
0.10532680898905	-0.52499324083328	-0.47852730751038	0.19862224161625	-0.45261704921722	0.017784662544727	-0.010179817676544	0.085269600152969	-0.081544958055019
0.14900550246239	-0.51190429925919	-0.48767098784447	0.19784101843834	-0.44573804736137	0.016977116465569	-0.013591557741165	0.082667797803879	-0.082306131720543
0.19266025722027	-0.49431896209717	-0.49112302064896	0.19707877933979	-0.4390971660614	0.015995055437088	-0.016835600137711	0.080181390047073	-0.083250939846039
0.19734536111355	-0.49243116378784	-0.49148964881897	0.19706247746944	-0.43763896822929	0.01586639136076	-0.017169326543808	0.079904824495316	-0.083349816501141
0.23589073121548	-0.47250866889954	-0.48911008238792	0.19636003673077	-0.43271207809448	0.014865055680275	-0.019884079694748	0.077818065881729	-0.084378786385059
0.27665305137634	-0.44758835434914	-0.48188880085945	0.1956849694252	-0.42668715119362	0.013550959527493	-0.022694110870361	0.075665026903152	-0.08565341681242
0.31529235839844	-0.41956332325935	-0.46995890140533	0.19506494700909	-0.42079105973244	0.012078173458576	-0.025268346071243	0.073681056499481	-0.087086036801338
0.35065498948097	-0.38911610841751	-0.45378428697586	0.19449090957642	-0.4153034389019	0.010480605065823	-0.027554869651794	0.071908861398697	-0.08865512162447
0.38200491666794	-0.35677322745323	-0.43386888504028	0.19397693872452	-0.41024386882782	0.0087768882513046	-0.029537111520767	0.070369601249695	-0.090341471135616
0.38537174463272	-0.35330018401146	-0.43172982335091	0.19396281242371	-0.40900102257729	0.0085776746273041	-0.029743045568466	0.070195883512497	-0.090523220598698
0.40899011492729	-0.32263171672821	-0.41052117943764	0.19354403018951	-0.40554848313332	0.0070098340511322	-0.031188249588013	0.069069117307663	-0.092148922383785
0.43028527498245	-0.28820183873177	-0.38492071628571	0.19318035244942	-0.4013038277626	0.0051207914948463	-0.032510995864868	0.068041354417801	-0.094007171690464
0.4462876021862	-0.25287568569183	-0.35691848397255	0.19288247823715	-0.39734435081482	0.0031574219465256	-0.033490896224976	0.067272990942001	-0.095944985747337
0.45645681023598	-0.21728591620922	-0.32712656259537	0.19258511066437	-0.39437538385391	0.0013186857104301	-0.03411653637886	0.066781610250473	-0.097923442721367
0.46019795536995	-0.18180985748768	-0.29559105634689	0.19252480566502	-0.39309820532799	0.00036733597517014	-0.034037530422211	0.066894739866257	-0.099694974720478
0.46098572015762	-0.17603382468224	-0.28977787494659	0.1926938444376	-0.39265960454941	0.0003664493560791	-0.034321367740631	0.066919535398483	-0.099890746176243
0.43544322252274	-0.17561779916286	-0.28678572177887	0.19337482750416	-0.39322462677956	0.00035984814167023	-0.03336825966835	0.068102449178696	-0.099245063960552
0.40593892335892	-0.17589211463928	-0.28429779410362	0.19375552237034	-0.39357846975327	0.0003557950258255	-0.031523048877716	0.069464981555939	-0.099043741822243
0.37608450651169	-0.1763492077589	-0.28201824426651	0.19393682479858	-0.39362215995789	0.00035400688648224	-0.029437929391861	0.07072439789772	-0.099040031433105
0.37268179655075	-0.17639799416065	-0.28161564469337	0.19390496611595	-0.39314302802086	0.00035399943590164	-0.029059231281281	0.070932298898697	-0.099050223827362
0.34644252061844	-0.17693136632442	-0.27926138043404	0.19402985274792	-0.39353761076927	0.00035150349140167	-0.027566969394684	0.071897834539413	-0.099013634026051
0.31737351417542	-0.17760653793812	-0.27642551064491	0.19409003853798	-0.39375582337379	0.00034912675619125	-0.025493592023849	0.073063433170319	-0.099027223885059
0.28831744194031	-0.17837403714657	-0.27315574884415	0.19408558309078	-0.39380642771721	0.00034717470407486	-0.023358017206192	0.074230223894119	-0.099040925502777
0.25971338152885	-0.17921522259712	-0.26925486326218	0.19410009682178	-0.39373904466629	0.00034643709659576	-0.021308094263077	0.075386017560959	-0.099042564630508
0.23151804506779	-0.18011218309402	-0.26487177610397	0.19407089054585	-0.39369732141495	0.00034605711698532	-0.019278407096863	0.076529264450073	-0.099040426313877
0.2037698328495	-0.18104574084282	-0.25996559858322	0.19403083622456	-0.39365181326866	0.00034593790769577	-0.017269641160965	0.077666580677032	-0.099038630723953
0.17646980285645	-0.18199647963047	-0.25453990697861	0.19400124251842	-0.39359033107758	0.0003458634018898	-0.01525205373764	0.078803926706314	-0.09903609007597
0.14965842664242	-0.1829426586628	-0.24855175614357	0.19395911693573	-0.39351439476013	0.00034592300653458	-0.01323539018631	0.07994532585144	-0.099031209945679
0.14660127460957	-0.18304404616356	-0.24747022986412	0.19384159147739	-0.39299240708351	0.00034507364034653	-0.01288104057312	0.080146312713623	-0.099028363823891
0.12341880053282	-0.18387338519096	-0.2422689050436	0.193907558918	-0.39328444004059	0.00034719705581665	-0.011436015367508	0.081028908491135	-0.099006682634354
0.097677685320377	-0.18473456799984	-0.23495541512966	0.19384258985519	-0.39357167482376	0.00034721940755844	-0.0092827677726746	0.082221508026123	-0.099008187651634
0.072340741753578	-0.18553261458874	-0.22724390029907	0.19370178878307	-0.39358472824097	0.00034773349761963	-0.0071605741977692	0.083382159471512	-0.099004469811916
0.047659773379564	-0.18623630702496	-0.21901875734329	0.19354212284088	-0.39354640245438	0.00034909695386887	-0.0051197111606598	0.084530085325241	-0.098993688821793
0.044964835047722	-0.18631169199944	-0.21802847087383	0.19336561858654	-0.39274913072586	0.00034900009632111	-0.0048552453517914	0.084662437438965	-0.09899977594614
0.023603999987245	-0.18682952225208	-0.21081393957138	0.19335322082043	-0.39324861764908	0.00035146623849869	-0.0032783448696136	0.085584610700607	-0.09898629039526
0.00019869342213497	-0.18726663291454	-0.20136931538582	0.1932682543993	-0.39348649978638	0.0003531351685524	-0.0011776089668274	0.086752653121948	-0.09896956384182
-0.022821690887213	-0.18754658102989	-0.19133554399014	0.19311614334583	-0.39347341656685	0.00035554170608521	0.00093096494674683	0.087915688753128	-0.098955295979977
-0.045179523527622	-0.18764089047909	-0.18085515499115	0.19294393062592	-0.39340001344681	0.00035865604877472	0.0029764771461487	0.089059114456177	-0.098937891423702
-0.066914603114128	-0.18752631545067	-0.16988790035248	0.19276651740074	-0.39332616329193	0.0003623366355896	0.0049949884414673	0.090190023183823	-0.098919451236725
-0.088080234825611	-0.18718327581882	-0.15838295221329	0.19259652495384	-0.39324930310249	0.00036649405956268	0.0070213079452515	0.091313391923904	-0.098900221288204
-0.10866935551167	-0.1865901350975	-0.1462674587965	0.1924311965704	-0.39316496253014	0.00037126988172531	0.0090512335300446	0.092439502477646	-0.098878011107445
-0.12869895994663	-0.18572692573071	-0.13354253768921	0.19226169586182	-0.39306044578552	0.00037673860788345	0.011089444160461	0.093566834926605	-0.098853670060635
-0.14814636111259	-0.18457488715649	-0.12021351605654	0.19207701086998	-0.39292770624161	0.0003829151391983	0.013115108013153	0.094695508480072	-0.098827823996544
-0.16702947020531	-0.18311531841755	-0.10635843873024	0.1919060498476	-0.39279490709305	0.0003897026181221	0.015134304761887	0.095813438296318	-0.098802492022514
-0.16903495788574	-0.18295864760876	-0.10483384877443	0.19168245792389	-0.39194342494011	0.0003906711935997	0.015349090099335	0.095932856202126	-0.098806507885456
-0.18526701629162	-0.18131385743618	-0.092215240001678	0.19166103005409	-0.39238497614861	0.0003972128033638	0.016958057880402	0.096911638975143	-0.098786436021328
-0.20306806266308	-0.17920146882534	-0.07685774564743	0.19155134260654	-0.39250975847244	0.00040487945079803	0.019089818000793	0.098064124584198	-0.098730832338333
-0.22045904397964	-0.17671690881252	-0.060878869146109	0.19135580956936	-0.39237800240517	0.00041471421718597	0.02119567990303	0.099208354949951	-0.09868747740984
-0.22234274446964	-0.17645017802715	-0.059154264628887	0.19108992815018	-0.39145344495773	0.00041574239730835	0.021442651748657	0.09931880235672	-0.098698981106281
-0.23718570172787	-0.17382702231407	-0.044935259968042	0.19105419516563	-0.39180919528008	0.00042439997196198	0.023062974214554	0.10028749704361	-0.09868785738945
-0.25344300270081	-0.1706006526947	-0.027744721621275	0.19091166555882	-0.39185383915901	0.00043516606092453	0.025167107582092	0.10143178701401	-0.098631232976913
-0.26935163140297	-0.16694504022598	-0.0099593428894877	0.19068410992622	-0.39165371656418	0.00044694542884827	0.027269542217255	0.10255396366119	-0.098590195178986
-0.28475764393806	-0.16286644339561	0.0082417502999306	0.19047091901302	-0.39139387011528	0.00045890361070633	0.029334083199501	0.10364457964897	-0.098561175167561
-0.29966902732849	-0.15835179388523	0.027078403159976	0.1902859210968	-0.39114543795586	0.0004722848534584	0.031371906399727	0.10473854839802	-0.098527021706104
-0.31413501501083	-0.15338632464409	0.046609200537205	0.19011263549328	-0.39090117812157	0.00048626959323883	0.03340657055378	0.10583581030369	-0.098490744829178
-0.32812824845314	-0.14795488119125	0.066863439977169	0.18993858993053	-0.39066430926323	0.00050168484449387	0.035417079925537	0.1069465726614	-0.09844908863306
-0.32968544960022	-0.14737176895142	0.06889096647501	0.18978735804558	-0.38976123929024	0.0005030632019043	0.035663768649101	0.10702456533909	-0.09847067296505
-0.34165745973587	-0.14198018610477	0.087295137345791	0.18982881307602	-0.39009547233582	0.00049368292093277	0.037277013063431	0.10800476372242	-0.098465889692307
-0.35479560494423	-0.13562789559364	0.10923989862204	0.18974757194519	-0.39015933871269	0.00053516775369644	0.039351865649223	0.10915736854076	-0.098377756774426
-0.35634911060333	-0.1349456012249	0.11167936772108	0.18958833813667	-0.3893116414547	0.0005372166633606	0.039667338132858	0.10925450921059	-0.098378248512745
-0.3676765859127	-0.1286393404007	0.13146732747555	0.18961437046528	-0.38959059119225	0.00054650008678436	0.041329443454742	0.11023089289665	-0.098370984196663
-0.37990838289261	-0.1212537959218	0.15140037238598	0.18926805257797	-0.38955843448639	0.00057100504636765	0.042992144823074	0.11086279153824	-0.098908059298992
-0.38124215602875	-0.12046105414629	0.15320417284966	0.1891328394413	-0.38926431536674	0.00057096034288406	0.04316771030426	0.1108576208353	-0.098997332155704
-0.38132581114769	-0.12037585675716	0.15317685902119	0.18908908963203	-0.38930493593216	0.00057194381952286	0.04313887655735	0.11084035038948	-0.099018335342407
-0.38135996460915	-0.12036652863026	0.15319645404816	0.18903583288193	-0.38935053348541	0.00057032704353333	0.043149620294571	0.11083649098873	-0.099020048975945
-0.38139393925667	-0.12036575376987	0.15320558845997	0.18899162113667	-0.38935893774033	0.00057041645050049	0.043169438838959	0.11082963645458	-0.09902086108923
-0.38141632080078	-0.1203658208251	0.1532598733902	0.1889300942421	-0.38936045765877	0.00057392567396164	0.043181896209717	0.11083278059959	-0.099017821252346
-0.38143193721771	-0.12036567181349	0.15332858264446	0.18887941539288	-0.38934752345085	0.00057441741228104	0.043199509382248	0.1108351200819	-0.099017836153507
-0.38137474656105	-0.12036586552858	0.15333269536495	0.18889497220516	-0.38930755853653	0.00057119131088257	0.043188124895096	0.11084352433681	-0.0990105047822
-0.38134613633156	-0.12036591023207	0.15337097644806	0.18891721963882	-0.38926708698273	0.0005725622177124	0.043175905942917	0.11085572838783	-0.099004179239273
-0.38133564591408	-0.12036574631929	0.15336674451828	0.18892730772495	-0.38921710848808	0.00056934356689453	0.043172150850296	0.11085650324821	-0.099005796015263
-0.38133773207664	-0.12036565691233	0.15338754653931	0.18893148005009	-0.38917353749275	0.00057137757539749	0.043176159262657	0.11085841059685	-0.099003531038761
-0.38130110502243	-0.12036561220884	0.15339076519012	0.18893833458424	-0.38911002874374	0.00057137012481689	0.043161451816559	0.11086486279964	-0.099003225564957
-0.38134104013443	-0.1203655526042	0.15339164435863	0.18894329667091	-0.3890486061573	0.00057165324687958	0.043170392513275	0.11086265742779	-0.099000878632069
-0.38139224052429	-0.12036541104317	0.15335983037949	0.18891903758049	-0.38902032375336	0.00057237595319748	0.043172478675842	0.11085790395737	-0.09900064766407
-0.38137459754944	-0.12036552280188	0.15333098173141	0.18888917565346	-0.38899019360542	0.00057221949100494	0.043160676956177	0.11085782945156	-0.099002800881863
-0.38137021660805	-0.12036573886871	0.15332616865635	0.18887051939964	-0.38895696401596	0.00056847184896469	0.043157130479813	0.11085838079453	-0.099004223942757
-0.38136407732964	-0.12036561965942	0.15332837402821	0.188854560256	-0.38892516493797	0.00057019293308258	0.043154746294022	0.11086016893387	-0.099002793431282
-0.38135761022568	-0.12036570161581	0.15331554412842	0.18883539736271	-0.38889139890671	0.00056834518909454	0.043150961399078	0.11085918545723	-0.09900488704443
-0.38132452964783	-0.12036564946175	0.15333276987076	0.18884438276291	-0.38883155584335	0.00057117640972137	0.043147176504135	0.11086364090443	-0.099001802504063
-0.38133415579796	-0.12036556005478	0.15333607792854	0.18884605169296	-0.38877302408218	0.00057116150856018	0.043153420090675	0.11086158454418	-0.099001951515675
-0.38132899999619	-0.12036569416523	0.15332950651646	0.18885047733784	-0.38871252536774	0.00056832283735275	0.043147027492523	0.1108625382185	-0.099004969000816
-0.38134741783142	-0.12036558240652	0.15334175527096	0.18884068727493	-0.38867172598839	0.00057122856378555	0.043152093887329	0.11086341738701	-0.099000997841358
-0.38133227825165	-0.12036563456059	0.15333873033524	0.18883860111237	-0.38862431049347	0.00057319551706314	0.043147265911102	0.11086490750313	-0.099000431597233
