0.0090757114812732	-0.39531707763672	-0.55152404308319	-0.0021133488044143	-0.99377584457397	0.026003502309322	-0.00053340569138527	0.067141473293304	-0.086896523833275
0.0041250898502767	-0.50960671901703	-0.50903224945068	-0.0044802874326706	-0.980144739151	0.014362469315529	-0.00026647001504898	0.081536054611206	-0.082135647535324
0.013235995545983	-0.15042868256569	-0.44722467660904	0.0014863777905703	-1.0121583938599	0.00076154619455338	-0.00046835793182254	0.055804371833801	-0.097651466727257
0.01383947301656	-0.16671937704086	-0.47333970665932	0.00088183209300041	-1.0199927091599	0.00077430903911591	-0.0010636737570167	0.054109334945679	-0.096850395202637
0.013744370080531	-0.21064980328083	-0.49212124943733	0.00032651517540216	-1.0181355476379	0.0031871050596237	-0.0007523437961936	0.056613922119141	-0.094682842493057
0.012840581126511	-0.25306135416031	-0.51283943653107	0.00027040392160416	-1.0146782398224	0.0053103640675545	-0.00068506971001625	0.058423757553101	-0.09281712025404
0.01184749789536	-0.29265183210373	-0.52992480993271	0.00049078464508057	-1.0107692480087	0.007063664495945	-0.00063607096672058	0.060231328010559	-0.091158904135227
0.010873671621084	-0.32991045713425	-0.54300564527512	0.00068874843418598	-1.0066682100296	0.0086124688386917	-0.00059652421623468	0.062181115150452	-0.089647963643074
0.0098972581326962	-0.3650176525116	-0.55210167169571	0.00086593069136143	-1.0023694038391	0.010049276053905	-0.00055812299251556	0.064311623573303	-0.088255830109119
0.0089147407561541	-0.39786097407341	-0.55716222524643	0.001069188117981	-0.99787044525146	0.011389955878258	-0.00051765469834208	0.066633403301239	-0.086972430348396
0.0079243462532759	-0.42810386419296	-0.55807876586914	0.0013061016798019	-0.99319040775299	0.012598916888237	-0.00046960124745965	0.069141864776611	-0.085794009268284
0.0069559989497066	-0.45535904169083	-0.55470830202103	0.0015534376725554	-0.98832654953003	0.013719506561756	-0.00042119063436985	0.07183450460434	-0.084719978272915
0.00599480047822	-0.47916832566261	-0.546959400177	0.0019243331626058	-0.98334759473801	0.01469736546278	-0.00036711664870381	0.074694812297821	-0.083749763667583
0.005066305398941	-0.49914434552193	-0.53476226329803	0.0023307045921683	-0.97819530963898	0.015579625964165	-0.00031125452369452	0.077708959579468	-0.082887023687363
0.0041791754774749	-0.51497030258179	-0.51811999082565	0.0027317712083459	-0.9728821516037	0.016359053552151	-0.00025546178221703	0.080861389636993	-0.082135654985905
0.0033314172178507	-0.5264185667038	-0.49710005521774	0.0031347773037851	-0.96743410825729	0.017026700079441	-0.00019832886755466	0.084131002426147	-0.081499643623829
0.0025251312181354	-0.53337013721466	-0.47183057665825	0.0035447194240987	-0.96187210083008	0.017576828598976	-0.0001399414613843	0.087498366832733	-0.080982856452465
0.001762829371728	-0.53580403327942	-0.4424966275692	0.003962570335716	-0.95621651411057	0.018005788326263	-8.0334953963757e-05	0.090943217277527	-0.080588161945343
0.0010458620963618	-0.53380084037781	-0.4093342423439	0.0043867598287761	-0.95048886537552	0.01831080019474	-2.0156614482403e-05	0.094442903995514	-0.080317780375481
0.00037310452898964	-0.52751272916794	-0.3726153075695	0.0048150261864066	-0.94471001625061	0.018487751483917	4.0766783058643e-05	0.097977697849274	-0.080173902213573
-0.00025999351055361	-0.51715868711472	-0.33263918757439	0.0052306214347482	-0.93889445066452	0.018532760441303	0.00010383501648903	0.1015248298645	-0.080156750977039
-0.00083671160973608	-0.50299769639969	-0.28972426056862	0.0056200604885817	-0.93306231498718	0.018464311957359	0.00016181729733944	0.1050631403923	-0.080266132950783
-0.00135993945878	-0.4853190779686	-0.24420005083084	0.0060378490015864	-0.92726272344589	0.018278688192368	0.00021437928080559	0.10857135057449	-0.080502040684223
-0.0018773077754304	-0.46443092823029	-0.19641068577766	0.0064724385738373	-0.92157793045044	0.017968147993088	0.00028020888566971	0.11202490329742	-0.080859363079071
-0.0023264500778168	-0.44064602255821	-0.14667186141014	0.0068373521789908	-0.91592037677765	0.017539635300636	0.00033365003764629	0.11540681123734	-0.081338092684746
-0.0027469710912555	-0.41427862644196	-0.095330461859703	0.0072194039821625	-0.91034227609634	0.016990914940834	0.00038822926580906	0.11869484186172	-0.081934005022049
-0.0031333316583186	-0.38563895225525	-0.042735069990158	0.0076074618846178	-0.90488392114639	0.016314767301083	0.00044083967804909	0.12186586856842	-0.082647539675236
-0.0034821524750441	-0.35503271222115	0.010823518969119	0.0079954089596868	-0.89955365657806	0.015537850558758	0.00049121119081974	0.12490755319595	-0.083464153110981
-0.0037996566388756	-0.32275941967964	0.064971007406712	0.0083839539438486	-0.89437079429626	0.014642599970102	0.00053945556282997	0.12779635190964	-0.084384985268116
-0.0040849684737623	-0.28911310434341	0.11937407404184	0.008767506107688	-0.88933980464935	0.013649471104145	0.00058440491557121	0.13051509857178	-0.085404232144356
-0.0043396856635809	-0.25438636541367	0.17368516325951	0.0091464100405574	-0.88448709249496	0.012562174350023	0.00062613561749458	0.13304781913757	-0.086514592170715
-0.0045659579336643	-0.21886977553368	0.22754429280758	0.0095200538635254	-0.87983053922653	0.011387005448341	0.00066459178924561	0.13537901639938	-0.087709091603756
-0.0047636996023357	-0.18285661935806	0.28057599067688	0.0098841674625874	-0.87538379430771	0.010132297873497	0.00069921836256981	0.13749516010284	-0.088980168104172
-0.0049350904300809	-0.14664703607559	0.33238396048546	0.010238621383905	-0.87116032838821	0.0088054351508617	0.00073020160198212	0.13938248157501	-0.090320087969303
-0.0050807250663638	-0.11054829508066	0.38254949450493	0.010582435876131	-0.86717188358307	0.007414598017931	0.00075697712600231	0.14103049039841	-0.091720372438431
-0.0052007720805705	-0.074878223240376	0.43063122034073	0.010914266109467	-0.86342805624008	0.0059678256511688	0.0007796436548233	0.14242857694626	-0.093172669410706
-0.0052970312535763	-0.039967346936464	0.47615864872932	0.011232651770115	-0.85993760824203	0.0044741407036781	0.00079803168773651	0.14356797933578	-0.094667658209801
-0.0053691314533353	-0.0061578089371324	0.51864016056061	0.011536725796759	-0.8567076921463	0.0029420182108879	0.00081190653145313	0.14444231987	-0.096197001636028
-0.0054300492629409	0.026200519874692	0.55820727348328	0.011813513934612	-0.85369193553925	0.0014317519962788	0.00082944706082344	0.14514201879501	-0.097780257463455
-0.0053990418091416	0.056755945086479	0.5941179394722	0.01201210077852	-0.85150349140167	0.0014439895749092	0.00094972550868988	0.14578354358673	-0.098665170371532
-0.0053316918201745	0.085164070129395	0.62826061248779	0.012827269732952	-0.84998697042465	0.0014678724110126	0.0012904349714518	0.14666241407394	-0.099147334694862
-0.0046494910493493	0.05910999327898	0.57888329029083	0.012565652839839	-0.85085546970367	0.0014199987053871	0.0011355336755514	0.14501667022705	-0.09814028441906
-0.0048071178607643	0.032819490879774	0.5209664106369	0.012232288718224	-0.85248136520386	0.0013395398855209	0.0010755397379398	0.14191180467606	-0.098543740808964
-0.0047821626067162	0.0098014185205102	0.47007739543915	0.011901175603271	-0.8533838391304	0.0012648887932301	0.0010150838643312	0.13908016681671	-0.098759993910789
-0.0046211993321776	-0.010530239902437	0.4251434803009	0.011639476753771	-0.85377615690231	0.0011979416012764	0.00097229517996311	0.13658201694489	-0.098775289952755
-0.0043915878050029	-0.028806144371629	0.38381364941597	0.011377095244825	-0.85406827926636	0.001135129481554	0.00091745518147945	0.13421791791916	-0.098753049969673
-0.0041457656770945	-0.045455545186996	0.34490466117859	0.011109623126686	-0.85435777902603	0.0010737404227257	0.00086438097059727	0.13190007209778	-0.098739489912987
-0.003904459066689	-0.0607625618577	0.3078755736351	0.010853964835405	-0.85464799404144	0.0010138228535652	0.0008230023086071	0.12960511445999	-0.098734430968761
-0.0039156400598586	-0.074913628399372	0.27135455608368	0.010775089263916	-0.85516810417175	0.00094899907708168	0.00088019482791424	0.12715673446655	-0.098851174116135
-0.0034745880402625	-0.088035643100739	0.23792777955532	0.010722184553742	-0.85558569431305	0.00089368224143982	0.00077998079359531	0.12497645616531	-0.098819613456726
-0.0034532018471509	-0.10021470487118	0.20520351827145	0.010882006026804	-0.85571098327637	0.00083630532026291	0.00089029036462307	0.12276929616928	-0.09874501824379
-0.0031781382858753	-0.11151238530874	0.17314377427101	0.011105858720839	-0.85599160194397	0.00077774375677109	0.00088525749742985	0.12047636508942	-0.098769493401051
-0.0028540450148284	-0.12197087705135	0.14231126010418	0.011323481798172	-0.85627198219299	0.0007198378443718	0.0008527971804142	0.11822026968002	-0.098774507641792
-0.0025377259589732	-0.13162179291248	0.11237813532352	0.011533932760358	-0.85653853416443	0.00066216289997101	0.00082538276910782	0.11596119403839	-0.098781011998653
-0.002212445018813	-0.14048802852631	0.08332221955061	0.011740623041987	-0.85678106546402	0.00060443580150604	0.00079565122723579	0.11370229721069	-0.09878808259964
-0.0018766624853015	-0.14858531951904	0.055114008486271	0.011945025064051	-0.85700213909149	0.00054692476987839	0.00076257064938545	0.111443400383	-0.098795175552368
-0.0015333002666011	-0.15592527389526	0.027714120224118	0.012146592140198	-0.85720235109329	0.00048923492431641	0.00072942860424519	0.10918438434601	-0.098803125321865
-0.00118382810615	-0.16251558065414	0.0010870730038732	0.012342649511993	-0.8573802113533	0.00043164193630219	0.00069908611476421	0.10692209005356	-0.098812885582447
-0.00082137930439785	-0.16836106777191	-0.024774443358183	0.012530319392681	-0.85753089189529	0.0003737136721611	0.00066998042166233	0.10465931892395	-0.098823703825474
-0.000433864624938	-0.17346332967281	-0.049864917993546	0.012713581323624	-0.85765939950943	0.00031594932079315	0.00063395872712135	0.10239905118942	-0.098833382129669
-2.8602362363017e-05	-0.17782270908356	-0.07424184679985	0.012894948013127	-0.85777300596237	0.00025457888841629	0.00058942101895809	0.10013258457184	-0.098853848874569
0.00037442217580974	-0.18143710494041	-0.097210183739662	0.013139462098479	-0.85778075456619	0.00026296824216843	0.0006148312240839	0.097974300384521	-0.098805092275143
0.00080506782978773	-0.18430304527283	-0.12018143385649	0.013331948779523	-0.85784643888474	0.00028254836797714	0.00059343874454498	0.095719158649445	-0.098806016147137
0.0012769312597811	-0.18641529977322	-0.1426295787096	0.013504181057215	-0.85792428255081	0.00030357390642166	0.00050691515207291	0.093425035476685	-0.098838910460472
0.0017743674106896	-0.18776728212833	-0.16421656310558	0.013689558953047	-0.85798132419586	0.00032824277877808	0.0004239734262228	0.09115344285965	-0.098855897784233
0.00226607080549	-0.18835183978081	-0.18509115278721	0.01387897413224	-0.85802561044693	0.00035161525011063	0.00037223845720291	0.088882863521576	-0.098868988454342
0.0027877693064511	-0.18816010653973	-0.20518286526203	0.014060295186937	-0.85803025960922	0.00038664042949677	0.0003357045352459	0.086630582809448	-0.098859958350658
0.003333630040288	-0.18718375265598	-0.2246306091547	0.014229110442102	-0.85802894830704	0.00041378289461136	0.00029713287949562	0.084363996982574	-0.09887070953846
0.0039174715057015	-0.18541170656681	-0.24335971474648	0.014392573386431	-0.8580202460289	0.0004408210515976	0.00025321543216705	0.082097947597504	-0.098882921040058
0.0045489626936615	-0.18283401429653	-0.26133400201797	0.014561785385013	-0.85801702737808	0.00046750903129578	0.00019623711705208	0.079838931560516	-0.09889393299818
0.0052153700962663	-0.17943991720676	-0.27858191728592	0.014749638736248	-0.85804271697998	0.00049427151679993	0.00013027898967266	0.077583134174347	-0.098904721438885
0.0058890404179692	-0.17521817982197	-0.29520457983017	0.014936905354261	-0.85807609558105	0.00052125751972198	8.3895400166512e-05	0.075312972068787	-0.098918050527573
0.0066113667562604	-0.17015762627125	-0.31109198927879	0.015121005475521	-0.85810017585754	0.00054828822612762	3.9057806134224e-05	0.073043823242188	-0.098931007087231
0.0073756533674896	-0.16424763202667	-0.32625380158424	0.015305869281292	-0.85813277959824	0.00057530403137207	-4.8168003559113e-06	0.070773541927338	-0.098946049809456
0.0081777209416032	-0.15747711062431	-0.34073710441589	0.015468753874302	-0.85814225673676	0.00060258060693741	-3.14861536026e-05	0.068493247032166	-0.0989610850811
0.0090491939336061	-0.14983569085598	-0.35444864630699	0.015613190829754	-0.85812389850616	0.00062983483076096	-6.1191618442535e-05	0.066215991973877	-0.098975487053394
0.0099923592060804	-0.1413137614727	-0.36738538742065	0.015748679637909	-0.85808169841766	0.0006568506360054	-9.7248703241348e-05	0.063941836357117	-0.098988555371761
0.010009250603616	-0.14155769348145	-0.36580488085747	0.015861913561821	-0.85694169998169	0.00065326690673828	-0.00015442632138729	0.064112722873688	-0.099028512835503
0.010982976295054	-0.13255606591702	-0.37644574046135	0.015920758247375	-0.85752487182617	0.00067742913961411	-0.00017941184341908	0.062110364437103	-0.09905182570219
0.010941080749035	-0.13264487683773	-0.37660095095634	0.015958305448294	-0.85665720701218	0.00067764520645142	-0.00017303973436356	0.062057971954346	-0.099056094884872
0.012010790407658	-0.12261508405209	-0.38736253976822	0.015978291630745	-0.85724264383316	0.00070340931415558	-0.00019427016377449	0.059928953647614	-0.099071681499481
0.01200314052403	-0.12261890619993	-0.38778209686279	0.01600581407547	-0.85636335611343	0.00070390105247498	-0.0002057570964098	0.059836268424988	-0.099070690572262
0.012067267671227	-0.12318624556065	-0.38426905870438	0.01591369509697	-0.85660570859909	0.00069891661405563	-0.00046409852802753	0.060208737850189	-0.099469482898712
0.01174346730113	-0.15348136425018	-0.41116034984589	0.015759885311127	-0.85669839382172	0.00070265680551529	-0.00061996653676033	0.059960424900055	-0.098470732569695
0.011560008861125	-0.18617990612984	-0.4366692006588	0.015824899077415	-0.85514742136002	0.0014806613326073	-0.00063984096050262	0.060299217700958	-0.09693206101656
0.011224378831685	-0.21914334595203	-0.45901724696159	0.0160041321069	-0.85244995355606	0.0030117183923721	-0.0006228256970644	0.061044096946716	-0.095311254262924
0.010778027586639	-0.25224232673645	-0.47862905263901	0.016213962808251	-0.84938913583755	0.0045552998781204	-0.00060160644352436	0.062049150466919	-0.093746654689312
0.010226894170046	-0.28533735871315	-0.49543333053589	0.016426984220743	-0.84612548351288	0.0060651749372482	-0.0005757249891758	0.06330019235611	-0.092242456972599
0.0095942979678512	-0.31814289093018	-0.50927096605301	0.016626548022032	-0.84263956546783	0.0075139328837395	-0.00054783187806606	0.064791798591614	-0.090802557766438
0.0088913096114993	-0.35026243329048	-0.51990509033203	0.016824550926685	-0.83889943361282	0.0089086294174194	-0.00051506049931049	0.066521048545837	-0.089425191283226
0.0081340968608856	-0.38122087717056	-0.52713757753372	0.017021756619215	-0.83494013547897	0.01023868471384	-0.00047796592116356	0.068474173545837	-0.088117122650146
0.0073514892719686	-0.4104984998703	-0.53075551986694	0.017225151881576	-0.83075857162476	0.011475391685963	-0.00043999776244164	0.070633172988892	-0.086892776191235
0.0065224152058363	-0.43756502866745	-0.53052484989166	0.017403211444616	-0.82632756233215	0.01263677328825	-0.00038945116102695	0.072991549968719	-0.085748791694641
0.0057199969887733	-0.46190723776817	-0.5262668132782	0.017502119764686	-0.82163792848587	0.013722881674767	-0.00034685805439949	0.075535535812378	-0.084694489836693
0.0049148541875184	-0.48305889964104	-0.51788061857224	0.017640324309468	-0.81677573919296	0.01471022516489	-0.00030018575489521	0.078244388103485	-0.083737552165985
0.0041172262281179	-0.50062614679337	-0.5052969455719	0.017818534746766	-0.81175398826599	0.01559691131115	-0.00024888105690479	0.081103563308716	-0.082883290946484
0.0041671930812299	-0.49885708093643	-0.50491219758987	0.017751131206751	-0.81107199192047	0.015524357557297	-0.00025117956101894	0.081002116203308	-0.082972623407841
0.0034396140836179	-0.51205784082413	-0.48899176716805	0.017866114154458	-0.80696958303452	0.01618304848671	-0.00020736455917358	0.083852112293243	-0.082266062498093
0.0026527864392847	-0.52238517999649	-0.46792334318161	0.018056629225612	-0.80169105529785	0.016928642988205	-0.00014798156917095	0.087037920951843	-0.08159589022398
0.0019131604349241	-0.52831244468689	-0.44285893440247	0.018245151266456	-0.79615825414658	0.017529055476189	-8.9444220066071e-05	0.090298235416412	-0.08105081319809
0.0012277014320716	-0.52981042861938	-0.41401609778404	0.018439007923007	-0.79058420658112	0.017975561320782	-3.4423545002937e-05	0.093606472015381	-0.080638259649277
0.00057977007236332	-0.52702045440674	-0.38158205151558	0.018665958195925	-0.78497493267059	0.018297761678696	2.2383406758308e-05	0.096953988075256	-0.080355599522591
-5.9679812693503e-05	-0.52013051509857	-0.34580188989639	0.018857903778553	-0.77930164337158	0.018445074558258	9.1405585408211e-05	0.10032433271408	-0.080204665660858
-0.00062353373505175	-0.50936979055405	-0.30693554878235	0.018909383565187	-0.77353543043137	0.018488101661205	0.00014692544937134	0.10370320081711	-0.080182373523712
-0.0011565478052944	-0.49499225616455	-0.26528713107109	0.01894998550415	-0.76777720451355	0.018413946032524	0.00020412914454937	0.10706949234009	-0.080287776887417
-0.0016530915163457	-0.47727355360985	-0.22115930914879	0.018988158553839	-0.76206463575363	0.018219739198685	0.00026076473295689	0.11040472984314	-0.080519184470177
-0.0021066819317639	-0.45650073885918	-0.1748581379652	0.019043741747737	-0.75640678405762	0.017904624342918	0.00031392090022564	0.11368888616562	-0.080874055624008
-0.0025318295229226	-0.43296602368355	-0.12669917941093	0.019107848405838	-0.75080597400665	0.017466865479946	0.00036841630935669	0.11690241098404	-0.08135050535202
-0.0029198650736362	-0.40696269273758	-0.076996050775051	0.019167115911841	-0.74529045820236	0.016910169273615	0.00041968934237957	0.12002664804459	-0.081944793462753
-0.0032832343131304	-0.37878078222275	-0.02607199922204	0.01921440847218	-0.73991358280182	0.016247991472483	0.00047242641448975	0.12304079532623	-0.082654595375061
-0.0035999831743538	-0.34870687127113	0.025785291567445	0.019230477511883	-0.73464661836624	0.015468895435333	0.00051671266555786	0.12593054771423	-0.083468794822693
-0.0035660257562995	-0.34974044561386	0.023285610601306	0.019111257046461	-0.73374962806702	0.015497088432312	0.00051504746079445	0.12576025724411	-0.083462081849575
-0.0038312436081469	-0.31944939494133	0.07345923781395	0.019098129123449	-0.72966319322586	0.014585938304663	0.00054560229182243	0.12838596105576	-0.084355868399143
-0.0041380319744349	-0.28567001223564	0.12773002684116	0.019195191562176	-0.72468733787537	0.013605039566755	0.00059857219457626	0.13107174634933	-0.085381925106049
-0.0043993280269206	-0.25097820162773	0.18159352242947	0.019254017621279	-0.71972727775574	0.012513093650341	0.00064495764672756	0.13355350494385	-0.086498819291592
-0.0046142255887389	-0.21573068201542	0.23460152745247	0.019267538562417	-0.71501523256302	0.011326167732477	0.00068119540810585	0.13581258058548	-0.087698362767696
-0.0048017757944763	-0.18013375997543	0.28655856847763	0.019271802157164	-0.71054935455322	0.010062631219625	0.0007136594504118	0.1378493309021	-0.088972330093384
-0.0049639283679426	-0.14441440999508	0.33720403909683	0.019279392436147	-0.70631772279739	0.0087316110730171	0.00074245687574148	0.13965833187103	-0.090312942862511
-0.0051016192883253	-0.10883019119501	0.38620907068253	0.019293388351798	-0.70232319831848	0.0073387250304222	0.00076760724186897	0.14123338460922	-0.091713018715382
-0.005083991214633	-0.11067991703749	0.38334268331528	0.019210778176785	-0.70140475034714	0.007434718310833	0.00077063962817192	0.14112710952759	-0.091642364859581
-0.0051693827845156	-0.076976239681244	0.42830541729927	0.019165225327015	-0.69860923290253	0.0059844702482224	0.00077353790402412	0.14239490032196	-0.093058973550797
-0.0052885408513248	-0.041452262550592	0.4744818508625	0.01924429833889	-0.69516378641129	0.0044802762567997	0.00079919397830963	0.14354687929153	-0.094584785401821
-0.0053751547820866	-0.0071845231577754	0.51740294694901	0.019325129687786	-0.69184589385986	0.0029227323830128	0.00081940926611423	0.14442527294159	-0.096138894557953
-0.0053660990670323	-0.0086815627291799	0.51529330015182	0.019287385046482	-0.69087594747543	0.00300482660532	0.00082514528185129	0.14437264204025	-0.096067108213902
-0.0053803408518434	0.022432025521994	0.55298691987991	0.019231921061873	-0.68876880407333	0.0014261864125729	0.00078598503023386	0.14499431848526	-0.097652144730091
-0.0053364960476756	0.054104745388031	0.59069138765335	0.019297365099192	-0.68662822246552	0.001444473862648	0.00093970540910959	0.14571708440781	-0.098582424223423
-0.0051910430192947	0.083444848656654	0.62611746788025	0.019539691507816	-0.68579852581024	0.001472570002079	0.0011760117486119	0.14664232730865	-0.099098049104214
-0.0047995233908296	0.058039914816618	0.57692843675613	0.019275242462754	-0.6869370341301	0.001417949795723	0.0011937273666263	0.14490324258804	-0.0981804728508
-0.0049722832627594	0.032157115638256	0.51965934038162	0.01893736794591	-0.68835258483887	0.0013377293944359	0.001187358982861	0.14180904626846	-0.098596781492233
-0.0049537783488631	0.0093918489292264	0.46905922889709	0.018603079020977	-0.68918943405151	0.0012624561786652	0.0011473158374429	0.13896727561951	-0.098851069808006
-0.0045995991677046	-0.010783568024635	0.42506128549576	0.018520945683122	-0.68928027153015	0.0011982619762421	0.0010580411180854	0.13660734891891	-0.098745718598366
-0.0043761879205704	-0.028962705284357	0.38359406590462	0.018267100676894	-0.6894416809082	0.001134566962719	0.00097797811031342	0.13420760631561	-0.098749451339245
-0.0041841487400234	-0.045552328228951	0.34476351737976	0.018008712679148	-0.68959391117096	0.001073632389307	0.00094020366668701	0.13189166784286	-0.098735697567463
-0.0039625563658774	-0.060822244733572	0.30779206752777	0.017751265317202	-0.6897383928299	0.0010136291384697	0.00089519005268812	0.1296015381813	-0.098727881908417
-0.003727063536644	-0.074950635433197	0.27236706018448	0.017497250810266	-0.68986296653748	0.000954270362854	0.00085098668932915	0.12732726335526	-0.098722703754902
-0.0038299928419292	-0.07403788715601	0.27470445632935	0.017647901549935	-0.68891102075577	0.00095890462398529	0.00097844190895557	0.12745916843414	-0.098732195794582
-0.0034241187386215	-0.086615480482578	0.24267913401127	0.017279652878642	-0.68978375196457	0.00090502575039864	0.00082905031740665	0.12541657686234	-0.098658956587315
-0.0032073701731861	-0.0992566421628	0.20788361132145	0.016944764181972	-0.6902095079422	0.00084220618009567	0.00077775958925486	0.12298738956451	-0.09871294349432
-0.0033173710107803	-0.098718516528606	0.20908468961716	0.017072150483727	-0.68925327062607	0.00084417313337326	0.00090115703642368	0.12302625179291	-0.098744980990887
-0.0028911416884512	-0.10981886088848	0.17865253984928	0.016705274581909	-0.69010359048843	0.00079017877578735	0.00075285136699677	0.12095874547958	-0.09867425262928
-0.0026522092521191	-0.12085378915071	0.14560598134995	0.016368452459574	-0.69051444530487	0.00072714686393738	0.00070166494697332	0.11850947141647	-0.098724164068699
-0.0027590533718467	-0.12044560909271	0.14654749631882	0.016485165804625	-0.68952852487564	0.0007287859916687	0.00081985257565975	0.11853325366974	-0.098756417632103
-0.0023224770557135	-0.13001398742199	0.11787497997284	0.016115808859468	-0.69037228822708	0.00067498534917831	0.00067947199568152	0.1164636015892	-0.098690323531628
-0.002055894350633	-0.13943295180798	0.086619563400745	0.015776265412569	-0.69077563285828	0.00061199814081192	0.00062619708478451	0.11400908231735	-0.098734088242054
-0.0021549491211772	-0.13908967375755	0.087419159710407	0.015863589942455	-0.68978941440582	0.00061311572790146	0.00073373410850763	0.11402171850204	-0.098771639168262
-0.0017242799513042	-0.14715358614922	0.060520876199007	0.015503708273172	-0.6906800866127	0.00055987387895584	0.00062689045444131	0.11197000741959	-0.098700650036335
-0.0014311347622424	-0.15498837828636	0.0309276022017	0.015143411234021	-0.69116133451462	0.00049679726362228	0.00058848923072219	0.10950744152069	-0.098743930459023
-0.0010910186683759	-0.16193170845509	0.0029227812774479	0.014797024428844	-0.69133913516998	0.0004357323050499	0.0005495073273778	0.10711777210236	-0.098769247531891
-0.0011180776637048	-0.16155086457729	0.0042502945289016	0.014827158302069	-0.6902768611908	0.00043836981058121	0.00060373125597835	0.10718977451324	-0.098799876868725
-0.00070776545908302	-0.16733832657337	-0.020044496282935	0.014444284141064	-0.69112056493759	0.00038567185401917	0.0005383207462728	0.10515809059143	-0.09874477237463
-0.00034929130924866	-0.17279204726219	-0.047081217169762	0.014044985175133	-0.69154638051987	0.00032270699739456	0.0004983707331121	0.10270404815674	-0.098783127963543
4.2950861825375e-05	-0.17740416526794	-0.072683036327362	0.013665415346622	-0.69167250394821	0.00025809556245804	0.00045570963993669	0.10031563043594	-0.098812945187092
0.00046257578651421	-0.18117807805538	-0.096233338117599	0.013305234722793	-0.69164437055588	0.00026398152112961	0.00047459919005632	0.098103523254395	-0.098769903182983
0.00088370800949633	-0.18414290249348	-0.11953391879797	0.012933681719005	-0.6916760802269	0.00028347223997116	0.00046175764873624	0.095818340778351	-0.098773404955864
0.0013405981007963	-0.18631611764431	-0.14218802750111	0.012542433105409	-0.69171494245529	0.00030364096164703	0.00039338553324342	0.093502819538116	-0.098813325166702
0.0018669904675335	-0.18770594894886	-0.16394178569317	0.012171367183328	-0.69170498847961	0.00032792985439301	0.00027892319485545	0.091213703155518	-0.098829761147499
0.0023551085032523	-0.1883140206337	-0.18482893705368	0.011816520243883	-0.69165635108948	0.00035126507282257	0.00022505829110742	0.088945865631104	-0.098836809396744
0.0023369989357889	-0.18807461857796	-0.18308857083321	0.011774503625929	-0.69047254323959	0.00035616010427475	0.00024541700258851	0.08909410238266	-0.098852410912514
0.0028407096397132	-0.18793222308159	-0.20155254006386	0.011420510709286	-0.69113397598267	0.00038003921508789	0.00020684907212853	0.087079226970673	-0.09883113950491
0.0033713399898261	-0.18703770637512	-0.22258092463017	0.011016791686416	-0.69137012958527	0.00040992349386215	0.00016506295651197	0.084630608558655	-0.098850138485432
0.0039665130898356	-0.18532103300095	-0.24231569468975	0.01063868124038	-0.69131547212601	0.00043800473213196	0.00010565668344498	0.082242131233215	-0.098868623375893
0.0039593889378011	-0.18523201346397	-0.24109190702438	0.010588834062219	-0.6901148557663	0.00043664127588272	0.000116853043437	0.082333743572235	-0.098903827369213
0.0045551313087344	-0.18281134963036	-0.25765386223793	0.010241405107081	-0.69069248437881	0.00046112388372421	7.5452029705048e-05	0.080303430557251	-0.098893627524376
0.0051749241538346	-0.17943394184113	-0.27661767601967	0.0098297009244561	-0.69085556268692	0.00049025565385818	4.9231573939323e-05	0.07783979177475	-0.098904691636562
0.0058806939050555	-0.17521531879902	-0.29421052336693	0.0094240726903081	-0.69074553251266	0.00051835179328918	-3.6507844924927e-06	0.075447201728821	-0.098917536437511
0.0066055050119758	-0.17015621066093	-0.31044912338257	0.0091183679178357	-0.69062858819962	0.00054575502872467	-4.2099505662918e-05	0.073134541511536	-0.098931834101677
0.0065655168145895	-0.17021238803864	-0.30919361114502	0.0091088004410267	-0.68947398662567	0.00054452568292618	-1.4249235391617e-06	0.073238432407379	-0.098976865410805
0.0074008447118104	-0.16457146406174	-0.32277095317841	0.008775819092989	-0.68999934196472	0.00056829303503036	-0.00011326465755701	0.071240365505219	-0.098972760140896
0.0081995725631714	-0.15770377218723	-0.33880504965782	0.0084358500316739	-0.6901673078537	0.00059736520051956	-0.00015794858336449	0.068769454956055	-0.098970547318459
0.0090684033930302	-0.14997833967209	-0.35348305106163	0.008108145557344	-0.69005525112152	0.00062573701143265	-0.00019878055900335	0.066363394260406	-0.098977543413639
0.0090180337429047	-0.15011985599995	-0.35248383879662	0.0080311466008425	-0.68883144855499	0.00062469393014908	-0.00014805793762207	0.066440999507904	-0.099021919071674
0.0099946465343237	-0.14193774759769	-0.36392864584923	0.0077222166582942	-0.68929100036621	0.00064870715141296	-0.00022804737091064	0.064432382583618	-0.099032945930958
0.011018475517631	-0.13232968747616	-0.3776533305645	0.0073995161801577	-0.68941098451614	0.0006774514913559	-0.00028395839035511	0.061962962150574	-0.099013306200504
0.012133408337831	-0.12186304479837	-0.39003247022629	0.0071319807320833	-0.68925893306732	0.00070549547672272	-0.00035738945007324	0.059553503990173	-0.099008686840534
0.01337430998683	-0.11055023223162	-0.39971408247948	0.0070616155862808	-0.68976497650146	0.00073231011629105	-0.00047554634511471	0.057391583919525	-0.099102228879929
0.013229486532509	-0.1108787804842	-0.39917415380478	0.0071513215079904	-0.68948620557785	0.0007331520318985	-0.00043107569217682	0.057422161102295	-0.099168747663498
0.013053133152425	-0.11174862086773	-0.39653488993645	0.0071393083781004	-0.68974506855011	0.00073091685771942	-0.00045637041330338	0.057653367519379	-0.099592946469784
0.012820686213672	-0.14227499067783	-0.42290997505188	0.0068677859380841	-0.68945449590683	0.00073192268610001	-0.0005772989243269	0.057562172412872	-0.098493851721287
0.012709517031908	-0.1752991527319	-0.44808286428452	0.0064660301432014	-0.68763023614883	0.0013101547956467	-0.00068044848740101	0.058008968830109	-0.0969482883811
0.012341028079391	-0.20871588587761	-0.47062081098557	0.0062983520328999	-0.68469494581223	0.002789095044136	-0.00067425705492496	0.058795154094696	-0.095323540270329
0.011806751601398	-0.24241144955158	-0.49053949117661	0.0061640860512853	-0.68121314048767	0.0041984543204308	-0.0006405171006918	0.059833467006683	-0.093763746321201
0.011202110908926	-0.27624759078026	-0.50772178173065	0.0059408256784081	-0.67758285999298	0.0056238248944283	-0.00061643682420254	0.061120271682739	-0.092264734208584
0.010501533746719	-0.30992764234543	-0.52197462320328	0.0057344110682607	-0.67376112937927	0.0070462375879288	-0.0005875751376152	0.062653362751007	-0.090825453400612
0.0097311669960618	-0.34304213523865	-0.53304785490036	0.0055498452857137	-0.66970133781433	0.0084202513098717	-0.00055447034537792	0.064428925514221	-0.089448779821396
0.0089052384719253	-0.3750946521759	-0.54070287942886	0.0053736809641123	-0.66541582345963	0.0097358450293541	-0.00051645003259182	0.066436350345612	-0.088138960301876
0.0089245373383164	-0.3733334839344	-0.53958141803741	0.0052331788465381	-0.66449904441833	0.0095887407660484	-0.00051330588757992	0.066405713558197	-0.08822825551033
0.0081274062395096	-0.4024809896946	-0.54354071617126	0.0051284972578287	-0.6610808968544	0.010740384459496	-0.00048142857849598	0.068513751029968	-0.087059795856476
0.007227024063468	-0.43172386288643	-0.54403805732727	0.0049723889678717	-0.6564719080925	0.012015827000141	-0.00043597631156445	0.070987343788147	-0.085866518318653
0.0072323838248849	-0.43059262633324	-0.54341351985931	0.0048707220703363	-0.65548008680344	0.011923141777515	-0.00043174624443054	0.070963799953461	-0.085920497775078
0.0063993744552135	-0.45557796955109	-0.53997349739075	0.0047566490247846	-0.65161663293839	0.012925893068314	-0.00039266981184483	0.073466897010803	-0.084897711873055
0.0054907989688218	-0.47915348410606	-0.53212904930115	0.0045629404485226	-0.6465722322464	0.014012880623341	-0.0003404263406992	0.076324999332428	-0.083880975842476
0.0046092341654003	-0.49873620271683	-0.51988810300827	0.0043387431651354	-0.64118206501007	0.014937967061996	-0.00028618052601814	0.079316973686218	-0.082982867956161
0.0037639325018972	-0.51398772001266	-0.5032764673233	0.0041282624006271	-0.6356999874115	0.015722706913948	-0.00023048929870129	0.082419872283936	-0.082209624350071
0.002959911711514	-0.52479934692383	-0.48236572742462	0.0039278832264245	-0.63014131784439	0.01638825237751	-0.0001741349697113	0.085625410079956	-0.08155982196331
0.0022020884789526	-0.53113412857056	-0.45729517936707	0.0037461835891008	-0.62449127435684	0.016937620937824	-0.00011876039206982	0.088919162750244	-0.081034272909164
0.0014749305555597	-0.53302389383316	-0.42825531959534	0.0035857986658812	-0.61875659227371	0.017365083098412	-5.926750600338e-05	0.092284262180328	-0.080633953213692
0.00079255149466917	-0.53057318925858	-0.39548254013062	0.0034118657931685	-0.61296117305756	0.017662212252617	1.862645149231e-09	0.095701038837433	-0.080360315740108
0.00013712560757995	-0.523945748806	-0.35923808813095	0.0031976783648133	-0.60714972019196	0.017837516963482	6.4326450228691e-05	0.099150955677032	-0.080213725566864
-0.00045267099631019	-0.51335954666138	-0.31982818245888	0.0029008034616709	-0.60136425495148	0.017863884568214	0.0001213513314724	0.10261058807373	-0.080195292830467
-0.00098747364245355	-0.49906924366951	-0.27754846215248	0.0026285089552402	-0.59556877613068	0.017770938575268	0.00017234124243259	0.10606008768082	-0.080302305519581
-0.0015241798246279	-0.48135498166084	-0.23270420730114	0.0024402672424912	-0.58959984779358	0.017569601535797	0.00023645348846912	0.10948312282562	-0.080533221364021
-0.0014803715748712	-0.48129820823669	-0.2343875169754	0.0023806635290384	-0.5887605547905	0.017466083168983	0.00023397989571095	0.10929846763611	-0.080584138631821
-0.0019267094321549	-0.46146935224533	-0.18942824006081	0.0022437162697315	-0.5839958190918	0.017153888940811	0.00028337351977825	0.1125203371048	-0.080930098891258
-0.0023891602177173	-0.43752452731133	-0.13923504948616	0.0020102160051465	-0.57806020975113	0.016751252114773	0.00034072063863277	0.11593425273895	-0.081392914056778
-0.0028159965295345	-0.41107925772667	-0.087744601070881	0.0018009133636951	-0.57209199666977	0.016179107129574	0.00039803609251976	0.119225025177	-0.08198007941246
-0.0031990974675864	-0.38249865174294	-0.035380616784096	0.0016300529241562	-0.56633806228638	0.015473902225494	0.00045142136514187	0.12236773967743	-0.082687646150589
-0.003162669017911	-0.38323587179184	-0.037414845079184	0.0015900218859315	-0.56548017263412	0.015429448336363	0.00044768117368221	0.1222175359726	-0.082692593336105
-0.003485738299787	-0.3541841506958	0.013232079334557	0.0014955317601562	-0.56104058027267	0.014674484729767	0.00049143470823765	0.12507349252701	-0.083480566740036
-0.0038112672045827	-0.32147738337517	0.068224973976612	0.0012896070256829	-0.55552953481674	0.013797305524349	0.00054055824875832	0.1280130147934	-0.084400691092014
-0.0041036014445126	-0.2875565290451	0.12306940555573	0.0011017629876733	-0.55007988214493	0.012770283967257	0.00058679468929768	0.13075125217438	-0.085423074662685
-0.0043568136170506	-0.25277903676033	0.17735217511654	0.00093965977430344	-0.54492580890656	0.011644396930933	0.00062789581716061	0.13327151536942	-0.08653736114502
-0.004574507009238	-0.21735969185829	0.23090277612209	0.00081307161599398	-0.5400099158287	0.010445490479469	0.00066299363970757	0.13557487726212	-0.087733909487724
-0.0045586447231472	-0.21885572373867	0.22826673090458	0.00086881965398788	-0.53912252187729	0.010456219315529	0.00066426768898964	0.13544321060181	-0.087694600224495
-0.0047363410703838	-0.1845877468586	0.27849617600441	0.00079694483429193	-0.53546941280365	0.0092421546578407	0.00069083645939827	0.13742715120316	-0.088928863406181
-0.0049079200252891	-0.14763712882996	0.3314171731472	0.00065123848617077	-0.53089416027069	0.0079165324568748	0.00071842409670353	0.13936567306519	-0.090287156403065
-0.0050725294277072	-0.1110088378191	0.38229584693909	0.00056772865355015	-0.52647590637207	0.0064795091748238	0.00075145810842514	0.14103895425797	-0.091706201434135
-0.0051986379548907	-0.075086504220963	0.43063524365425	0.00049533788114786	-0.52240890264511	0.0049845837056637	0.00077613815665245	0.14243942499161	-0.093173116445541
-0.0051855514757335	-0.076745718717575	0.42812436819077	0.00054509565234184	-0.52153015136719	0.0050182193517685	0.00077733397483826	0.14235258102417	-0.093110159039497
-0.0052703605033457	-0.043291103094816	0.47157138586044	0.00047255819663405	-0.51871657371521	0.0035492405295372	0.00078872591257095	0.14342260360718	-0.094572082161903
-0.0053467773832381	-0.0084565058350563	0.51549988985062	0.00034577213227749	-0.51510417461395	0.0019966512918472	0.00080199353396893	0.14434969425201	-0.09613373875618
-0.0053669149056077	0.024691302329302	0.55661404132843	0.00035273376852274	-0.51179027557373	0.0014292821288109	0.00085479766130447	0.14522916078568	-0.097424879670143
-0.0052652922458947	0.055754866451025	0.59382635354996	0.00065062288194895	-0.50930392742157	0.0014462396502495	0.00096863880753517	0.14598071575165	-0.098327420651913
-0.0052043064497411	0.084513358771801	0.62769538164139	0.00099441967904568	-0.50860732793808	0.00147470459342	0.0011833813041449	0.14675807952881	-0.099012613296509
-0.0046373126097023	0.058705102652311	0.57697111368179	0.0008241031318903	-0.50992107391357	0.0014160014688969	0.0010431036353111	0.14483761787415	-0.09827134013176
-0.0050113424658775	0.032568886876106	0.519750893116	0.00058547873049974	-0.51134240627289	0.0013371407985687	0.0011478774249554	0.14176905155182	-0.098649948835373
-0.0049837036058307	0.0096462396904826	0.46956127882004	0.00025781057775021	-0.51201575994492	0.0012637451291084	0.0011791810393333	0.13901424407959	-0.098809614777565
-0.0046847588382661	-0.010626080445945	0.42495438456535	-5.9586018323898e-05	-0.51225596666336	0.0011977031826973	0.0011016968637705	0.13655143976212	-0.098804779350758
-0.0044342307373881	-0.028865374624729	0.38377964496613	-0.00033673085272312	-0.51244252920151	0.0011350139975548	0.0010551325976849	0.13420391082764	-0.098772652447224
-0.0041889767162502	-0.045492328703403	0.34494602680206	-0.00061884149909019	-0.51262879371643	0.0010740235447884	0.0010066125541925	0.13189488649368	-0.098751693964005
-0.0041840388439596	-0.044772457331419	0.34692633152008	-0.00063809659332037	-0.51171290874481	0.0010780543088913	0.0010392479598522	0.13201099634171	-0.098744079470634
-0.0039087356999516	-0.059338014572859	0.31219065189362	-0.00091725634410977	-0.51262015104294	0.0010228343307972	0.0009650532156229	0.12993365526199	-0.098672904074192
-0.0036930521018803	-0.07394152879715	0.27497819066048	-0.0012338841333985	-0.51309502124786	0.00095938891172409	0.00091522932052612	0.12750422954559	-0.098725132644176
-0.0034498330205679	-0.087426193058491	0.23974560201168	-0.0015325974673033	-0.5132845044136	0.00089828670024872	0.0008722934871912	0.12514746189117	-0.098742097616196
-0.003181713167578	-0.099837325513363	0.20625284314156	-0.0018294313922524	-0.51341217756271	0.00083896517753601	0.00082379952073097	0.12284958362579	-0.098741322755814
-0.0029117160011083	-0.11127857118845	0.17406824231148	-0.0021261302754283	-0.51353675127029	0.00078026950359344	0.0007795337587595	0.12057161331177	-0.09874102473259
-0.0029340973123908	-0.11050117760897	0.17621496319771	-0.0021421043202281	-0.51250845193863	0.00078434497117996	0.00083084963262081	0.12070399522781	-0.098750784993172
-0.0026028521824628	-0.12063051015139	0.14713203907013	-0.0024278406053782	-0.51340371370316	0.0007314458489418	0.00074690021574497	0.11866253614426	-0.098687134683132
-0.002352666342631	-0.13072788715363	0.11527198553085	-0.002754557877779	-0.51385289430618	0.00066882371902466	0.00070203095674515	0.11622703075409	-0.098738081753254
-0.002385932020843	-0.13027794659138	0.11633624881506	-0.0027851592749357	-0.51283812522888	0.00067047029733658	0.00075754337012768	0.11626267433167	-0.098768621683121
-0.0020173804368824	-0.13904148340225	0.088607154786587	-0.0030744625255466	-0.51371544599533	0.00061704218387604	0.00066517665982246	0.11419653892517	-0.098707742989063
-0.0017436683410779	-0.14763490855694	0.058265913277864	-0.0034027546644211	-0.51415324211121	0.00055395811796188	0.00062192231416702	0.11174160242081	-0.098754219710827
-0.0014288955135271	-0.15533246099949	0.029533689841628	-0.0037195514887571	-0.51429057121277	0.00049320608377457	0.00058240443468094	0.1093612909317	-0.098777197301388
-0.0010842842748389	-0.16214868426323	0.0022654731292278	-0.0040298011153936	-0.51435750722885	0.00043421238660812	0.00053957849740982	0.10705083608627	-0.098784975707531
-0.00072500586975366	-0.16813424229622	-0.023941392078996	-0.0043398132547736	-0.51441538333893	0.00037562847137451	0.00049697235226631	0.10476571321487	-0.098791681230068
-0.00075460504740477	-0.16766238212585	-0.02214645780623	-0.0043909512460232	-0.51328659057617	0.00037954747676849	0.00055982917547226	0.10488951206207	-0.098813772201538
-0.00030530602089129	-0.17265123128891	-0.045496512204409	-0.0046718260273337	-0.51412332057953	0.00032700598239899	0.00045584514737129	0.10287475585938	-0.09876274317503
3.9140726585174e-05	-0.17728586494923	-0.071689091622829	-0.0049992138519883	-0.51451486349106	0.00026410818099976	0.00041484832763672	0.10042417049408	-0.098800346255302
0.00042658924940042	-0.18110208213329	-0.095855176448822	-0.0052939774468541	-0.51451909542084	0.00026292353868484	0.00043985247612	0.098135709762573	-0.098775520920753
0.00082892144564539	-0.18409557640553	-0.11938435584307	-0.0056112175807357	-0.51453959941864	0.0002814382314682	0.00042235478758812	0.095822036266327	-0.098789624869823
0.0012989811366424	-0.1862870901823	-0.14204369485378	-0.0059255640953779	-0.514564037323	0.00030440092086792	0.00035320222377777	0.093514919281006	-0.098812341690063
0.0017987893661484	-0.18768773972988	-0.16379810869694	-0.0062374966219068	-0.51456642150879	0.00032778829336166	0.00026893615722656	0.091231286525726	-0.098821349442005
0.0022952023427933	-0.18830282986164	-0.18478436768055	-0.0065308604389429	-0.51454275846481	0.00035078078508377	0.00020603835582733	0.088954389095306	-0.098828554153442
0.0028322851285338	-0.18812999129295	-0.20495772361755	-0.0068164188414812	-0.51447707414627	0.00038508325815201	0.00014481693506241	0.086689233779907	-0.098831735551357
0.0033626279328018	-0.18716490268707	-0.22443725168705	-0.0071084871888161	-0.51441031694412	0.00041189044713974	0.00010910257697105	0.084419071674347	-0.098845981061459
0.003316842019558	-0.18700480461121	-0.22284485399723	-0.0072032622992992	-0.51318770647049	0.00041065365076065	0.00017355382442474	0.084546685218811	-0.098882012069225
0.0040268679149449	-0.18534061312675	-0.24001054465771	-0.0073942467570305	-0.51374137401581	0.00043428689241409	-3.9748847484589e-06	0.082518637180328	-0.098875783383846
0.0046141832135618	-0.1827937066555	-0.25960001349449	-0.0075752530246973	-0.51381158828735	0.00046297907829285	-8.8714063167572e-05	0.080063879489899	-0.098890051245689
0.0052122268825769	-0.17941528558731	-0.27782967686653	-0.0077509870752692	-0.51359140872955	0.00049117207527161	-0.00012547522783279	0.077681124210358	-0.098903201520443
0.0058784033171833	-0.175203114748	-0.29477760195732	-0.0079289106652141	-0.51331466436386	0.00051835179328918	-0.00016328692436218	0.075370609760284	-0.098915532231331
0.006598437204957	-0.17014841735363	-0.31082114577293	-0.0081028752028942	-0.51303279399872	0.00054550915956497	-0.00020712614059448	0.073081076145172	-0.098930820822716
0.0073667294345796	-0.16424186527729	-0.32608440518379	-0.008274232968688	-0.51273411512375	0.00057253986597061	-0.00025210529565811	0.070796847343445	-0.098946265876293
0.0081899762153625	-0.1574734300375	-0.34059804677963	-0.0084602134302258	-0.5124095082283	0.00059960782527924	-0.00029969587922096	0.068512678146362	-0.098960787057877
0.0090574575588107	-0.14983355998993	-0.35426834225655	-0.0086284773424268	-0.51206231117249	0.00062661617994308	-0.00032840669155121	0.066240787506104	-0.098974131047726
0.0089357635006309	-0.1500302106142	-0.35262218117714	-0.0087279779836535	-0.51075261831284	0.00062491744756699	-0.00017502531409264	0.066417753696442	-0.099010996520519
0.0099968537688255	-0.14188222587109	-0.36420103907585	-0.0089109083637595	-0.51111596822739	0.00064875185489655	-0.00032570213079453	0.064384281635284	-0.099034801125526
0.011020888574421	-0.1322952657938	-0.37789979577065	-0.0090738236904144	-0.51101857423782	0.00067762285470963	-0.00040896609425545	0.061913907527924	-0.099016919732094
0.010870605707169	-0.13244196772575	-0.37712925672531	-0.0091830193996429	-0.5097479224205	0.00067715346813202	-0.00023858249187469	0.061978161334991	-0.099038943648338
0.012057930231094	-0.12248572707176	-0.38750919699669	-0.0094020552933216	-0.51009845733643	0.00070144981145859	-0.00037071481347084	0.059900403022766	-0.099069006741047
0.013273978605866	-0.11098559945822	-0.39883378148079	-0.009504958987236	-0.51053774356842	0.00073080509901047	-0.00042007118463516	0.057562470436096	-0.099030785262585
0.013115307316184	-0.11115229129791	-0.39750611782074	-0.0095091816037893	-0.51058983802795	0.00073248893022537	-0.00044461339712143	0.057538628578186	-0.09948568791151
0.013990505598485	-0.14185594022274	-0.42362746596336	-0.0096296314150095	-0.51031231880188	0.00073321163654327	-0.00074553489685059	0.057437479496002	-0.098486550152302
0.017035720869899	-0.1750682592392	-0.44831731915474	-0.0096258502453566	-0.50826317071915	0.0016437545418739	-0.00092769041657448	0.057966411113739	-0.096926011145115
0.022008918225765	-0.20864363014698	-0.47067272663116	-0.0099292416125536	-0.50517749786377	0.0032156556844711	-0.0012273676693439	0.05878472328186	-0.095301583409309
0.028697736561298	-0.24248363077641	-0.49043840169907	-0.010439187288284	-0.50178629159927	0.0047755390405655	-0.0016470924019814	0.059845685958862	-0.093735590577126
0.03684950619936	-0.27646562457085	-0.50742781162262	-0.011098215356469	-0.49821907281876	0.0062824115157127	-0.0021804086863995	0.061151504516602	-0.092232726514339
0.046201054006815	-0.31030112504959	-0.52141845226288	-0.011884786188602	-0.49444380402565	0.0077390074729919	-0.0028230883181095	0.062702924013138	-0.090790487825871
0.046048078685999	-0.30887848138809	-0.52020335197449	-0.012018335983157	-0.49360516667366	0.0076428204774857	-0.002809926867485	0.062707811594009	-0.090867221355438
0.055864337831736	-0.34065845608711	-0.53054237365723	-0.01276901550591	-0.49060121178627	0.0089417323470116	-0.0035270787775517	0.064405471086502	-0.089555904269218
0.066980592906475	-0.37378767132759	-0.53824043273926	-0.013738196343184	-0.48648127913475	0.010384522378445	-0.0043786279857159	0.066462337970734	-0.088198274374008
0.078524395823479	-0.40508455038071	-0.54203826189041	-0.014865383505821	-0.48198226094246	0.011679895222187	-0.005329005420208	0.068721503019333	-0.086933642625809
0.07819938659668	-0.40370315313339	-0.54127621650696	-0.014933900907636	-0.48108345270157	0.01158569008112	-0.0052984803915024	0.068688184022903	-0.087003156542778
0.089333586394787	-0.43113571405411	-0.54090309143066	-0.015946144238114	-0.47740644216537	0.012692593038082	-0.0062814578413963	0.071018189191818	-0.085898540914059
0.1012437492609	-0.45779955387115	-0.53630477190018	-0.017188519239426	-0.47258731722832	0.013876736164093	-0.0074072666466236	0.073707669973373	-0.084789127111435
0.11292389780283	-0.48082435131073	-0.52712261676788	-0.018533058464527	-0.46741682291031	0.014924623072147	-0.008597120642662	0.076555609703064	-0.083790004253387
0.12424920499325	-0.49971503019333	-0.51330554485321	-0.019955866038799	-0.46229910850525	0.015827119350433	-0.0098497234284878	0.07953467965126	-0.082910358905792
0.13513232767582	-0.51422208547592	-0.49482154846191	-0.021382983773947	-0.45708134770393	0.016636870801449	-0.011155232787132	0.082640945911407	-0.082146525382996
0.14550752937794	-0.52417570352554	-0.47175195813179	-0.022795297205448	-0.45173704624176	0.017325386404991	-0.012500822544098	0.085858792066574	-0.081502124667168
0.14487199485302	-0.52270376682281	-0.47186905145645	-0.022714648395777	-0.45085707306862	0.017239578068256	-0.012419935315847	0.085737645626068	-0.081585928797722
0.15435335040092	-0.52788907289505	-0.44565537571907	-0.024064041674137	-0.44645223021507	0.017746359109879	-0.013752739876509	0.088896036148071	-0.081094510853291
0.16397921741009	-0.52913224697113	-0.41343396902084	-0.025587726384401	-0.44095408916473	0.018252186477184	-0.015206724405289	0.092373907566071	-0.080663420259953
0.17297030985355	-0.52569007873535	-0.37727424502373	-0.027109999209642	-0.43522846698761	0.018611401319504	-0.016674555838108	0.095883905887604	-0.080363839864731
0.18130545318127	-0.51773512363434	-0.33752027153969	-0.02861337736249	-0.42950510978699	0.018819637596607	-0.018143057823181	0.099398970603943	-0.080200135707855
0.18902787566185	-0.50554198026657	-0.29441744089127	-0.030124127864838	-0.4237949848175	0.018893554806709	-0.019609723240137	0.1029089987278	-0.080169759690762
0.19616928696632	-0.48940971493721	-0.24824848771095	-0.031629849225283	-0.418098539114	0.018836699426174	-0.021067436784506	0.10639986395836	-0.080269172787666
0.20275439321995	-0.46965289115906	-0.19932869076729	-0.033122535794973	-0.41243898868561	0.01865154504776	-0.022506888955832	0.10985451936722	-0.080498248338699
0.20883071422577	-0.44659122824669	-0.14797566831112	-0.034596502780914	-0.40682005882263	0.018344566226006	-0.023927394300699	0.11325299739838	-0.080852687358856
0.2143989354372	-0.42054522037506	-0.094519652426243	-0.036004938185215	-0.40126466751099	0.017916291952133	-0.025311667472124	0.11657801270485	-0.081329070031643
0.21950002014637	-0.39183112978935	-0.039287775754929	-0.037376876920462	-0.39579254388809	0.017368625849485	-0.026657301932573	0.11980938911438	-0.08192390203476
0.22415921092033	-0.36075982451439	0.017377564683557	-0.038681924343109	-0.39042663574219	0.016689822077751	-0.027957838028669	0.12292471528053	-0.082636632025242
0.22838796675205	-0.3276341855526	0.075161330401897	-0.039910510182381	-0.38519975543022	0.015906199812889	-0.029199939221144	0.12591060996056	-0.083456262946129
0.23221856355667	-0.29275241494179	0.13374593853951	-0.04108564555645	-0.38010033965111	0.015022754669189	-0.030381560325623	0.12875056266785	-0.084375083446503
0.23566381633282	-0.25640833377838	0.1927482932806	-0.042188588529825	-0.37514898180962	0.014035627245903	-0.03149276971817	0.131422072649	-0.085392728447914
0.23873165249825	-0.21889328956604	0.25181213021278	-0.043222419917583	-0.37035340070724	0.012953322380781	-0.032522477209568	0.13390961289406	-0.086503259837627
0.24146223068237	-0.18050299584866	0.31059661507607	-0.044299304485321	-0.36572378873825	0.011797487735748	-0.0334747210145	0.1362007856369	-0.087697066366673
0.24386316537857	-0.14153896272182	0.36868426203728	-0.045330211520195	-0.36131757497787	0.010550335049629	-0.034341096878052	0.13827884197235	-0.088967606425285
0.24597539007664	-0.10231650620699	0.42563799023628	-0.04627463594079	-0.35714781284332	0.009245865046978	-0.035128496587276	0.14012643694878	-0.090311042964458
0.24772335588932	-0.063165962696075	0.48102787137032	-0.046914894133806	-0.35316935181618	0.0078836232423782	-0.03579705581069	0.14174583554268	-0.091711036860943
0.24917480349541	-0.024443533271551	0.53433322906494	-0.047398187220097	-0.34941673278809	0.0064522251486778	-0.036363173276186	0.14312028884888	-0.093163296580315
0.25034108757973	0.013470284640789	0.58500212430954	-0.047765646129847	-0.34590685367584	0.0049695447087288	-0.036826454102993	0.14424073696136	-0.094658307731152
0.25122064352036	0.050162691622972	0.63242244720459	-0.048008970916271	-0.34264725446701	0.0034458078444004	-0.037181455641985	0.14510104060173	-0.09618753939867
0.25181823968887	0.085192397236824	0.675936460495	-0.048123419284821	-0.33964362740517	0.0018903724849224	-0.037425592541695	0.14569595456123	-0.097741685807705
0.25169235467911	0.082914471626282	0.67272222042084	-0.047815971076488	-0.33869600296021	0.0019793473184109	-0.037376962602139	0.14563950896263	-0.097644060850143
0.25237119197845	0.11450577527285	0.71148818731308	-0.048214722424746	-0.3370589017868	0.0015971697866917	-0.037717334926128	0.14623159170151	-0.098656661808491
0.25260248780251	0.14597672224045	0.75093007087708	-0.048658367246389	-0.33633369207382	0.0016279816627502	-0.037835855036974	0.14719352126122	-0.099108070135117
0.25649660825729	0.11663805693388	0.69647765159607	-0.048517394810915	-0.33739346265793	0.0015732944011688	-0.037566006183624	0.14557427167892	-0.098165743052959
0.26076030731201	0.087052464485168	0.63515961170197	-0.04850821942091	-0.33865767717361	0.0014957711100578	-0.03737872838974	0.14267992973328	-0.098460629582405
0.26550632715225	0.061135027557611	0.58109605312347	-0.048701420426369	-0.33933186531067	0.0014219470322132	-0.037488926202059	0.13991650938988	-0.098624706268311
0.27022671699524	0.038224942982197	0.53317022323608	-0.048891700804234	-0.33958750963211	0.0013557486236095	-0.037621896713972	0.13741654157639	-0.09862408041954
0.27493360638618	0.017608752474189	0.48915526270866	-0.049120783805847	-0.339779317379	0.0012934356927872	-0.037723056972027	0.13503605127335	-0.098599322140217
0.27968642115593	-0.0012038156855851	0.44788917899132	-0.049338236451149	-0.33997404575348	0.0012331753969193	-0.037779897451401	0.13270765542984	-0.098586589097977
0.28458455204964	-0.018540659919381	0.40881448984146	-0.049547642469406	-0.34015879034996	0.0011744946241379	-0.037839472293854	0.13040509819984	-0.098579652607441
0.28962716460228	-0.034622821956873	0.3715578019619	-0.049752529710531	-0.340327501297	0.0011166408658028	-0.037894453853369	0.12812182307243	-0.098574697971344
0.28936418890953	-0.033569037914276	0.37406957149506	-0.049817509949207	-0.33931612968445	0.0011212602257729	-0.037911862134933	0.12826374173164	-0.098563745617867
0.29420602321625	-0.047949362546206	0.34024006128311	-0.049914859235287	-0.34021145105362	0.0010687261819839	-0.037858515977859	0.12620833516121	-0.0985157340765
0.29981777071953	-0.062475200742483	0.30407056212425	-0.050119087100029	-0.34069681167603	0.0010084174573421	-0.037924293428659	0.12378314137459	-0.098571836948395
0.30558529496193	-0.075962111353874	0.26982444524765	-0.050331678241491	-0.34088987112045	0.00095020979642868	-0.038018852472305	0.12142294645309	-0.098584234714508
0.31143116950989	-0.088440708816051	0.23722843825817	-0.050542123615742	-0.34101006388664	0.00089381635189056	-0.038082771003246	0.11912351846695	-0.09858176112175
0.31742808222771	-0.10000709444284	0.20591329038143	-0.050749965012074	-0.34112590551376	0.00083840638399124	-0.038131237030029	0.1168477833271	-0.098579987883568
0.32362148165703	-0.11073420196772	0.17569470405579	-0.050956249237061	-0.34124279022217	0.00078338384628296	-0.038178097456694	0.11457997560501	-0.098580971360207
0.33003211021423	-0.12067350745201	0.14647090435028	-0.051161132752895	-0.34135717153549	0.00072877109050751	-0.038226161152124	0.11231568455696	-0.098583653569221
0.32971501350403	-0.11991204321384	0.14865589141846	-0.051220178604126	-0.34025597572327	0.00073306262493134	-0.038241665810347	0.11246132850647	-0.098585069179535
0.33595025539398	-0.12876264750957	0.12205712497234	-0.051313582807779	-0.34112367033958	0.00068375468254089	-0.038202971220016	0.11043840646744	-0.09854131937027
0.34311208128929	-0.1375924795866	0.092963121831417	-0.051511902362108	-0.34159132838249	0.00062544643878937	-0.038269486278296	0.10800477862358	-0.09858825057745
0.35047376155853	-0.14563395082951	0.065337650477886	-0.051722478121519	-0.34176403284073	0.00056907534599304	-0.038354624062777	0.1056319475174	-0.09860710054636
0.35799679160118	-0.15288981795311	0.039043843746185	-0.051924865692854	-0.34186375141144	0.00051423162221909	-0.038420114666224	0.10332489013672	-0.098612442612648
0.36574751138687	-0.15940642356873	0.013741582632065	-0.052122075110674	-0.34195816516876	0.00046006590127945	-0.038470253348351	0.10104364156723	-0.098618388175964
0.37378111481667	-0.16521835327148	-0.01070972904563	-0.052316956222057	-0.34205174446106	0.00040648132562637	-0.03851629793644	0.098770558834076	-0.098626248538494
0.37338304519653	-0.16473077237606	-0.0088786156848073	-0.052381079643965	-0.34094187617302	0.00041001290082932	-0.038526214659214	0.098908573389053	-0.098638735711575
0.3812715113163	-0.16967652738094	-0.030886977910995	-0.052462417632341	-0.34176981449127	0.00036218017339706	-0.038498748093843	0.09689861536026	-0.098605953156948
0.3902875483036	-0.17436704039574	-0.055322367697954	-0.052645698189735	-0.3422144651413	0.00030463933944702	-0.038565494120121	0.094453394412994	-0.098643690347672
0.39958837628365	-0.17834985256195	-0.078416377305984	-0.052842698991299	-0.34235665202141	0.00025057792663574	-0.03864761069417	0.092068046331406	-0.098668701946735
0.40913712978363	-0.18162773549557	-0.099662601947784	-0.053007781505585	-0.34233537316322	0.00026845186948776	-0.038686878979206	0.089873701334	-0.098622657358646
0.41900593042374	-0.18422669172287	-0.12074826657772	-0.053159922361374	-0.34239864349365	0.0002862736582756	-0.038708511739969	0.087601006031036	-0.098625853657722
0.42929860949516	-0.18616753816605	-0.14114558696747	-0.053313188254833	-0.34247118234634	0.00030407309532166	-0.038739655166864	0.085312604904175	-0.098639570176601
0.440046697855	-0.1874647885561	-0.16085463762283	-0.053461354225874	-0.34256586432457	0.00032312422990799	-0.038803815841675	0.082995533943176	-0.098677456378937
0.45129346847534	-0.18812844157219	-0.17965634167194	-0.053592909127474	-0.34262889623642	0.00034136325120926	-0.038883566856384	0.080710858106613	-0.098689742386341
0.46299597620964	-0.18816643953323	-0.19775797426701	-0.053691141307354	-0.34266889095306	0.00036663562059402	-0.038932241499424	0.078444987535477	-0.098698280751705
0.47529521584511	-0.18758657574654	-0.2151859998703	-0.053788989782333	-0.3426970243454	0.00039149820804596	-0.039002731442451	0.076172918081284	-0.098703600466251
0.4747117459774	-0.18744353950024	-0.21366007626057	-0.053772207349539	-0.34159708023071	0.00039339810609818	-0.03903878480196	0.076307564973831	-0.098715521395206
0.4869499206543	-0.18632720410824	-0.22899459302425	-0.053768880665302	-0.34226876497269	0.00041594356298447	-0.039047047495842	0.074312061071396	-0.098702505230904
0.50086754560471	-0.18455992639065	-0.24653343856335	-0.053872369229794	-0.34260246157646	0.00044107437133789	-0.039085112512112	0.071860522031784	-0.098722159862518
0.51534909009933	-0.18218570947647	-0.26289209723473	-0.054000049829483	-0.34264913201332	0.00046538561582565	-0.039134539663792	0.069459795951843	-0.098741047084332
0.51486885547638	-0.18215847015381	-0.26183190941811	-0.054072350263596	-0.34153243899345	0.00046422332525253	-0.039173554629087	0.069531053304672	-0.098770804703236
0.52913022041321	-0.17933416366577	-0.2753629386425	-0.054083555936813	-0.34212702512741	0.00048580020666122	-0.039170771837234	0.067528367042542	-0.098769202828407
0.54531919956207	-0.17575825750828	-0.29084804654121	-0.054201018065214	-0.34242528676987	0.00051035732030869	-0.039211392402649	0.065079182386398	-0.098778419196606
0.56218731403351	-0.17162056267262	-0.3051749765873	-0.054337147623301	-0.34247002005577	0.00053403526544571	-0.039272144436836	0.062675416469574	-0.098789043724537
0.5797461271286	-0.16694675385952	-0.31834509968758	-0.054469630122185	-0.34243899583817	0.00055677443742752	-0.039328455924988	0.060347765684128	-0.09880006313324
0.59803664684296	-0.16175307333469	-0.32981452345848	-0.054272823035717	-0.34294480085373	0.00058019161224365	-0.039366129785776	0.058174312114716	-0.098912619054317
0.59707897901535	-0.16188487410545	-0.32959279417992	-0.054029911756516	-0.34315955638885	0.00058402121067047	-0.039224110543728	0.05799987912178	-0.099440686404705
0.58996361494064	-0.2122355401516	-0.37249031662941	-0.053482092916965	-0.34229391813278	0.00091291218996048	-0.038807701319456	0.058075159788132	-0.097424648702145
0.57283508777618	-0.26548933982849	-0.41047704219818	-0.053080715239048	-0.33895048499107	0.0034085065126419	-0.038278341293335	0.059469938278198	-0.09468450397253
0.54618793725967	-0.31727805733681	-0.44192299246788	-0.052340745925903	-0.33445653319359	0.0060490295290947	-0.037370000034571	0.06164425611496	-0.092040218412876
0.54550927877426	-0.31660571694374	-0.44023934006691	-0.052308812737465	-0.33336851000786	0.0059619769454002	-0.037387128919363	0.061778694391251	-0.092091336846352
0.51268351078033	-0.36318019032478	-0.46296235918999	-0.051435351371765	-0.32942628860474	0.0082214400172234	-0.036193326115608	0.064459532499313	-0.089787177741528
0.47170305252075	-0.40982899069786	-0.47923189401627	-0.050062343478203	-0.323804885149	0.010604463517666	-0.034566700458527	0.067974060773849	-0.087495021522045
0.47171029448509	-0.4086090028286	-0.47786626219749	-0.049988746643066	-0.32279142737389	0.010524652898312	-0.034581258893013	0.068017065525055	-0.087561935186386
0.42906421422958	-0.44765070080757	-0.48377615213394	-0.048635493963957	-0.31764444708824	0.012426011264324	-0.032795455306768	0.071893602609634	-0.085650771856308
0.38140648603439	-0.48282837867737	-0.4797525703907	-0.046722713857889	-0.3108167052269	0.014323383569717	-0.030594229698181	0.076562255620956	-0.0838458314538
0.33375126123428	-0.50902503728867	-0.46394672989845	-0.044591687619686	-0.30341050028801	0.015880271792412	-0.028198324143887	0.081649601459503	-0.08235664665699
0.28766125440598	-0.52481138706207	-0.43609040975571	-0.042321793735027	-0.29568639397621	0.01704914867878	-0.025644358247519	0.087059557437897	-0.081220239400864
0.24422353506088	-0.52947390079498	-0.39637976884842	-0.039998292922974	-0.2877531349659	0.017846092581749	-0.022992257028818	0.092707723379135	-0.080444887280464
0.24650645256042	-0.52727401256561	-0.39584133028984	-0.039933446794748	-0.28687638044357	0.017691507935524	-0.023177865892649	0.092539697885513	-0.080579727888107
0.20820382237434	-0.5210377573967	-0.34737280011177	-0.037918407469988	-0.28005921840668	0.018075741827488	-0.020630106329918	0.09806701540947	-0.080202698707581
0.17046792805195	-0.50419455766678	-0.28577452898026	-0.035430826246738	-0.27183958888054	0.01828208565712	-0.017817210406065	0.10406631231308	-0.080108731985092
0.17203725874424	-0.50302016735077	-0.28581899404526	-0.035209927707911	-0.27091136574745	0.018201433122158	-0.017960671335459	0.10394281148911	-0.080193437635899
0.14020004868507	-0.47720724344254	-0.21903496980667	-0.03314945846796	-0.26401162147522	0.017888568341732	-0.015378050506115	0.10954234004021	-0.080497227609158
0.10983059555292	-0.4410637319088	-0.14055079221725	-0.030752949416637	-0.25590994954109	0.017355091869831	-0.012637592852116	0.11539408564568	-0.08113207668066
0.083660714328289	-0.39713776111603	-0.056691452860832	-0.028442658483982	-0.24801290035248	0.016410820186138	-0.010051403194666	0.1209297478199	-0.082132063806057
0.06148475036025	-0.3469495177269	0.030748886987567	-0.026341374963522	-0.24058404564857	0.015108652412891	-0.0076753757894039	0.12605865299702	-0.08346713334322
0.042904924601316	-0.2919288277626	0.1202003583312	-0.024471731856465	-0.23370435833931	0.013503223657608	-0.0055324863642454	0.13071693480015	-0.085113659501076
0.027586717158556	-0.23348991572857	0.21002545952797	-0.022844400256872	-0.22737750411034	0.01163112744689	-0.0036471486091614	0.1348425000906	-0.087032616138458
0.015270385891199	-0.17305076122284	0.29845631122589	-0.021453328430653	-0.22164724767208	0.0095297694206238	-0.0020472928881645	0.13837504386902	-0.089185677468777
0.016799027100205	-0.1752517670393	0.29418942332268	-0.021427441388369	-0.22093398869038	0.0096080005168915	-0.0022568069398403	0.13814970850945	-0.089136630296707
0.0075147170573473	-0.11702726781368	0.37541821599007	-0.020473452284932	-0.21690741181374	0.0073098801076412	-0.0010088365525007	0.14090774953365	-0.091413922607899
-2.1425201339298e-05	-0.055438295006752	0.45776703953743	-0.019603285938501	-0.21244928240776	0.0048770755529404	4.9129128456116e-05	0.14323507249355	-0.093948811292648
-0.0049207792617381	0.0032869486603886	0.53182768821716	-0.018982850015163	-0.20860654115677	0.0022984333336353	0.00076332315802574	0.14479008316994	-0.096587091684341
-0.0069800936616957	0.057325214147568	0.59767723083496	-0.019109541550279	-0.20586502552032	0.0014528930187225	0.0011548921465874	0.14612391591072	-0.098392695188522
-0.0063501121476293	0.054419837892056	0.59300553798676	-0.019182192161679	-0.20585104823112	0.0014556087553501	0.0010619554668665	0.14602735638618	-0.098333977162838
-0.0059119388461113	0.049315474927425	0.58514076471329	-0.019124681130052	-0.20611315965652	0.0014467351138592	0.0010506827384233	0.14575277268887	-0.09826647490263
-0.0055633666925132	0.082271136343479	0.62431752681732	-0.019415199756622	-0.20556604862213	0.0014718510210514	0.00090544857084751	0.14665162563324	-0.09895471483469
-0.0053293574601412	0.057476915419102	0.57537049055099	-0.018884021788836	-0.20665779709816	0.0014169476926327	0.0011546984314919	0.14484450221062	-0.098129533231258
-0.0049709863960743	0.031824208796024	0.5199688076973	-0.018288165330887	-0.20761804282665	0.0013431571424007	0.0011063385754824	0.14200691878796	-0.098281368613243
-0.004842022433877	0.0091870995238423	0.46873900294304	-0.017853053286672	-0.20801961421967	0.0012686923146248	0.0010032597929239	0.13904964923859	-0.098673343658447
-0.0046931821852922	-0.010910127311945	0.4242932498455	-0.017610501497984	-0.20801734924316	0.0012035295367241	0.001026002690196	0.13656923174858	-0.098692297935486
-0.0044839815236628	-0.0290407538414	0.38332721590996	-0.017425019294024	-0.20799177885056	0.001141831278801	0.0010525714606047	0.1342306137085	-0.098662413656712
-0.0042252130806446	-0.045600675046444	0.34465086460114	-0.017259510233998	-0.20799885690212	0.0010815486311913	0.001049118116498	0.13193289935589	-0.098640158772469
-0.0040301368571818	-0.060852266848087	0.30774095654488	-0.017136968672276	-0.20805643498898	0.0010224282741547	0.0010977145284414	0.12964931130409	-0.098630771040916
-0.0036785537377	-0.074968963861465	0.27220556139946	-0.017018573358655	-0.20808915793896	0.00096248462796211	0.0010292716324329	0.12735450267792	-0.098649151623249
-0.003324264427647	-0.088069997727871	0.23805648088455	-0.016881674528122	-0.20806542038918	0.00090332701802254	0.00093095749616623	0.12507539987564	-0.098660327494144
-0.0030387407168746	-0.10023587197065	0.20515407621861	-0.016741748899221	-0.20802170038223	0.00084489583969116	0.00087065063416958	0.12281227111816	-0.098664842545986
-0.0027655835729092	-0.11152555793524	0.17331099510193	-0.016599152237177	-0.20797422528267	0.00078678131103516	0.00082246772944927	0.12055133283138	-0.098673023283482
-0.002483683405444	-0.12197890132666	0.14245416224003	-0.016453070566058	-0.20791994035244	0.00072853267192841	0.00077342987060547	0.11829191446304	-0.098682150244713
-0.0025115374010056	-0.12114775925875	0.14481833577156	-0.016826592385769	-0.2069026529789	0.00073254853487015	0.00071116909384727	0.11843939125538	-0.09868972748518
-0.0022948125842959	-0.13044853508472	0.11682170629501	-0.016520198434591	-0.20756116509438	0.00068075954914093	0.00079405307769775	0.11641821265221	-0.098629988729954
-0.0020199380815029	-0.1397018879652	0.085971377789974	-0.016323193907738	-0.207853525877	0.0006188228726387	0.0007843766361475	0.11399255692959	-0.098678201436996
-0.0017070801695809	-0.14809396862984	0.056602202355862	-0.016232542693615	-0.20790645480156	0.00055837631225586	0.00076401978731155	0.11162646114826	-0.098706193268299
-0.0013623164268211	-0.15562072396278	0.028629876673222	-0.016174474731088	-0.20791444182396	0.00049956142902374	0.00073234736919403	0.10932056605816	-0.098718665540218
-0.0012811576016247	-0.15508832037449	0.030385999009013	-0.016561850905418	-0.2069046497345	0.00050222128629684	0.00060232169926167	0.10942783951759	-0.09874215722084
-0.0010743495076895	-0.16152574121952	0.0055487942881882	-0.016370164230466	-0.20762577652931	0.0004505068063736	0.00072943605482578	0.10741485655308	-0.098683789372444
-0.00067958276486024	-0.16770577430725	-0.022233735769987	-0.01623797416687	-0.20794466137886	0.00038782507181168	0.00067899934947491	0.10495781898499	-0.098736807703972
-0.00027104682521895	-0.17305429279804	-0.048544481396675	-0.016175344586372	-0.20797261595726	0.00032683461904526	0.00061363354325294	0.10257060825825	-0.09876760840416
0.00013402455078904	-0.17756927013397	-0.073457799851894	-0.01613231934607	-0.20793227851391	0.00026731938123703	0.0005615558475256	0.10025735199451	-0.098784223198891
0.00054362352238968	-0.1812806725502	-0.096876055002213	-0.016102991998196	-0.20784464478493	0.00025633722543716	0.00054915249347687	0.098040133714676	-0.098773792386055
0.00057259586174041	-0.1809139996767	-0.09516516327858	-0.016489122062922	-0.20679631829262	0.00025378167629242	0.00046278163790703	0.098171830177307	-0.098789244890213
0.0008846195996739	-0.18373700976372	-0.11645805835724	-0.016333954408765	-0.20745852589607	0.00027473270893097	0.00057453289628029	0.096155226230621	-0.098748907446861
0.001374518731609	-0.18604302406311	-0.14044301211834	-0.016248449683189	-0.20770578086376	0.00030262023210526	0.00047868862748146	0.093708783388138	-0.098772071301937
0.0018927362980321	-0.18753507733345	-0.16313983500004	-0.016197264194489	-0.20766977965832	0.00033058226108551	0.00038572773337364	0.091314777731895	-0.098792813718319
0.0023802171926945	-0.18820795416832	-0.18450628221035	-0.016161674633622	-0.2075712531805	0.0003579705953598	0.00033846497535706	0.088991984724998	-0.098809130489826
0.0029041678644717	-0.18807120621204	-0.20487880706787	-0.0161287561059	-0.20746792852879	0.0003850907087326	0.00029126182198524	0.086702540516853	-0.098822586238384
0.002975185867399	-0.18789459764957	-0.20326152443886	-0.01641433686018	-0.20641179382801	0.0003822073340416	0.0001455582678318	0.086836531758308	-0.098846241831779
0.0033814006019384	-0.18701085448265	-0.22108399868011	-0.016218038275838	-0.20704737305641	0.00040747225284576	0.00023471564054489	0.084818303585052	-0.098835669457912
0.0039511765353382	-0.18530404567719	-0.24150864779949	-0.016087744385004	-0.20723429322243	0.00043664872646332	0.00020385161042213	0.082351416349411	-0.098859168589115
0.004596462007612	-0.18276742100716	-0.26051065325737	-0.015985222533345	-0.20714798569679	0.00046458095312119	0.00013175420463085	0.079963222146034	-0.098876550793648
0.0052578346803784	-0.17939889431	-0.27820825576782	-0.015863003209233	-0.20702084898949	0.00049186497926712	6.9262459874153e-05	0.077649787068367	-0.098891757428646
0.0059429416432977	-0.17519281804562	-0.29496562480927	-0.015719670802355	-0.20689761638641	0.00051881372928619	1.6143545508385e-05	0.075364202260971	-0.098905056715012
0.0066643510945141	-0.17014200985432	-0.31092616915703	-0.015567306429148	-0.20677582919598	0.00054576247930527	-2.8388574719429e-05	0.073087260127068	-0.098917841911316
0.0066802562214434	-0.17020359635353	-0.30941736698151	-0.015718467533588	-0.20571808516979	0.00054293125867844	-0.00013040192425251	0.073228195309639	-0.098952189087868
0.0073740179650486	-0.16456615924835	-0.32302737236023	-0.01544139161706	-0.20628413558006	0.00056760758161545	-8.721649646759e-05	0.07121604681015	-0.098965987563133
0.008163645863533	-0.15770044922829	-0.33898556232452	-0.015221580862999	-0.20643493533134	0.00059733539819717	-9.1563910245895e-05	0.068754523992538	-0.0989650785923
0.0090595772489905	-0.14997608959675	-0.35363307595253	-0.01502500846982	-0.20629976689816	0.00062558799982071	-0.00014077499508858	0.066351905465126	-0.098970837891102
0.0090457648038864	-0.15011878311634	-0.35247164964676	-0.015190964564681	-0.2051904797554	0.0006234347820282	-0.00018720142543316	0.066458091139793	-0.099000558257103
0.0099826110526919	-0.14193703234196	-0.36408942937851	-0.014938227832317	-0.2056435495615	0.00064826756715775	-0.00019271299242973	0.064417108893394	-0.099032178521156
0.010989419184625	-0.13232922554016	-0.37787574529648	-0.014689687639475	-0.20562796294689	0.00067760050296783	-0.0002264566719532	0.061934322118759	-0.099015310406685
0.012092341668904	-0.12186282873154	-0.38990068435669	-0.014531664550304	-0.20548909902573	0.00070559978485107	-0.00024287961423397	0.059579774737358	-0.099002622067928
0.013254579156637	-0.11055023223162	-0.39990872144699	-0.01438232511282	-0.20617896318436	0.00073372572660446	-0.00017500855028629	0.057417884469032	-0.099010303616524
0.014503416605294	-0.09836783260107	-0.40866440534592	-0.014279957860708	-0.2075077444315	0.00075879693031311	-0.00032646954059601	0.055123820900917	-0.099469773471355
0.014520431868732	-0.098771087825298	-0.40928408503532	-0.014325559139252	-0.2075072824955	0.0007631927728653	-0.00046438910067081	0.054976984858513	-0.09953173995018
0.012718122452497	-0.13862526416779	-0.44121366739273	-0.014514479786158	-0.2067956328392	0.00075935572385788	-0.00057000666856766	0.055216014385223	-0.098138339817524
0.0080224368721247	-0.18244750797749	-0.47316479682922	-0.014357250183821	-0.20442691445351	0.002455823123455	-0.00038648955523968	0.056022346019745	-0.095981985330582
0.00027318013599142	-0.22724138200283	-0.50053429603577	-0.013869469985366	-0.20079213380814	0.0044980198144913	5.3869560360909e-05	0.057350054383278	-0.093907132744789
-0.009860941208899	-0.2724811732769	-0.52339684963226	-0.013276837766171	-0.19664949178696	0.0064580887556076	0.00066203996539116	0.059093937277794	-0.091942667961121
-0.021799489855766	-0.31750190258026	-0.5412934422493	-0.012621933594346	-0.19217127561569	0.008302167057991	0.001418013125658	0.061240658164024	-0.090092271566391
-0.021691324189305	-0.31596285104752	-0.53974694013596	-0.012535933405161	-0.19126611948013	0.0081564486026764	0.0014157518744469	0.061268076300621	-0.09018661826849
-0.034226462244987	-0.35770574212074	-0.55155497789383	-0.011906791478395	-0.18749849498272	0.0098003074526787	0.0022611357271671	0.063678801059723	-0.088538952171803
-0.048396166414022	-0.40030485391617	-0.55836760997772	-0.011019326746464	-0.18237829208374	0.011522628366947	0.0033103581517935	0.066626250743866	-0.086875163018703
-0.062812335789204	-0.4390224814415	-0.5582902431488	-0.0099944900721312	-0.17673541605473	0.01309023052454	0.004486657679081	0.069907069206238	-0.085360825061798
-0.077029213309288	-0.47248131036758	-0.55084800720215	-0.0088786641135812	-0.170793607831	0.014392539858818	0.0057657435536385	0.073477774858475	-0.084022879600525
-0.090739376842976	-0.49966549873352	-0.53575760126114	-0.0078632747754455	-0.16460373997688	0.015565507113934	0.0071268156170845	0.077312052249908	-0.08286976069212
-0.10380621999502	-0.51977825164795	-0.5129508972168	-0.0067251855507493	-0.15821811556816	0.01656998693943	0.0085692666471004	0.081376597285271	-0.081898108124733
-0.11608488857746	-0.53231340646744	-0.48256695270538	-0.0054987259209156	-0.15163624286652	0.017375767230988	0.01007579639554	0.085628613829613	-0.081121690571308
-0.11531556397676	-0.53007715940475	-0.48234310746193	-0.0052433647215366	-0.15079590678215	0.017243713140488	0.0099933538585901	0.085482224822044	-0.081246815621853
-0.1262478530407	-0.53477627038956	-0.44651618599892	-0.0041447328403592	-0.14522278308868	0.017782732844353	0.011470672674477	0.089677199721336	-0.080709680914879
-0.13716574013233	-0.53263366222382	-0.4016195833683	-0.002936664968729	-0.13839170336723	0.018255956470966	0.013098661787808	0.094288766384125	-0.080301612615585
-0.14711219072342	-0.52290576696396	-0.35060200095177	-0.0016007320955396	-0.13131642341614	0.018481701612473	0.014742114581168	0.09892563521862	-0.080113157629967
-0.14655785262585	-0.52187168598175	-0.35130816698074	-0.0013037296012044	-0.1303975135088	0.018396146595478	0.014666253700852	0.098776742815971	-0.080197222530842
-0.15510058403015	-0.50593364238739	-0.29766643047333	-0.00012387055903673	-0.12459791451693	0.018343061208725	0.016212711110711	0.10316220670938	-0.080247901380062
-0.16345822811127	-0.48289549350739	-0.23556698858738	0.0010969787836075	-0.11765615642071	0.0181824862957	0.01786725781858	0.10783112794161	-0.080477274954319
-0.16308233141899	-0.48248800635338	-0.2363740503788	0.0012458814308047	-0.11665435135365	0.018166266381741	0.017805688083172	0.10772281140089	-0.080526001751423
-0.17014698684216	-0.45515158772469	-0.17380312085152	0.0022231955081224	-0.1108150780201	0.017714664340019	0.019325375556946	0.11203042417765	-0.080971695482731
-0.17694003880024	-0.42121359705925	-0.10369592905045	0.0031986245885491	-0.10392294824123	0.017124153673649	0.020904418081045	0.11651323735714	-0.081620566546917
-0.18292218446732	-0.38308247923851	-0.03148091584444	0.0041996240615845	-0.097072042524815	0.016308039426804	0.022408533841372	0.12076687067747	-0.08247184753418
-0.18812735378742	-0.34154802560806	0.042014017701149	0.0051246313378215	-0.090519689023495	0.015298783779144	0.023815348744392	0.12475313991308	-0.083514638245106
-0.18774500489235	-0.34249904751778	0.039397623389959	0.0052455803379416	-0.08960335701704	0.015314497053623	0.023731626570225	0.1245763450861	-0.083521440625191
-0.19207595288754	-0.30026650428772	0.11015397310257	0.0059825191274285	-0.084576517343521	0.014114446938038	0.024977052584291	0.12810289859772	-0.084703870117664
-0.19613216817379	-0.25290805101395	0.18642717599869	0.0065994467586279	-0.078657783567905	0.012771666049957	0.026204891502857	0.1316165626049	-0.086094208061695
-0.19959904253483	-0.20419818162918	0.2617035806179	0.0072233192622662	-0.072904095053673	0.011270131915808	0.027311271056533	0.1347590982914	-0.087629273533821
-0.20248816907406	-0.15490280091763	0.33501932024956	0.0077582951635122	-0.067591764032841	0.0096323937177658	0.028278993442655	0.13750141859055	-0.089290261268616
-0.204834446311	-0.10559918731451	0.40568521618843	0.0081656640395522	-0.062744073569775	0.0078780576586723	0.029095433652401	0.13983237743378	-0.091064311563969
-0.20458592474461	-0.1077905446291	0.40203535556793	0.0082314349710941	-0.061867669224739	0.00798249989748	0.029030900448561	0.13969326019287	-0.090993762016296
-0.20639397203922	-0.061256609857082	0.46621122956276	0.0085070841014385	-0.058462254703045	0.0061305314302444	0.029679700732231	0.14151301980019	-0.092804282903671
-0.20786246657372	-0.012542565353215	0.53116768598557	0.0085559841245413	-0.05444447696209	0.0041826777160168	0.030216667801142	0.14308555424213	-0.094776146113873
-0.20889335870743	0.033763155341148	0.59005838632584	0.0085848765447736	-0.050709582865238	0.0021746270358562	0.030601236969233	0.1441845446825	-0.096793211996555
-0.20956376194954	0.076700501143932	0.64305996894836	0.0087071657180786	-0.047666378319263	0.0015188306570053	0.031116802245378	0.14510931074619	-0.098272018134594
-0.20935091376305	0.11553531885147	0.69070476293564	0.008606486953795	-0.045390382409096	0.00155433639884	0.031624965369701	0.14617329835892	-0.098985031247139
-0.2092749774456	0.11540507525206	0.68820106983185	0.0085755735635757	-0.045327439904213	0.001552689820528	0.031596060842276	0.14605985581875	-0.099029034376144
-0.21203047037125	0.085691452026367	0.63316708803177	0.0084734810516238	-0.046561926603317	0.0014946199953556	0.031585603952408	0.14414824545383	-0.098161868751049
-0.2156674861908	0.058034304529428	0.57396483421326	0.0082555878907442	-0.047841683030128	0.0014128014445305	0.031408432871103	0.14108964800835	-0.098563566803932
-0.21909871697426	0.033894274383783	0.52289146184921	0.0079877190291882	-0.048289611935616	0.0013409443199635	0.031307686120272	0.13842974603176	-0.098650597035885
-0.21915224194527	0.033295597881079	0.52224802970886	0.0078828977420926	-0.047505132853985	0.0013417825102806	0.031411297619343	0.13838139176369	-0.098622240126133
-0.22220550477505	0.013438922353089	0.48005858063698	0.0076150875538588	-0.048411697149277	0.0012820810079575	0.031278517097235	0.13621594011784	-0.09855767339468
-0.225709810853	-0.0060893292538822	0.43649730086327	0.0073232585564256	-0.048860177397728	0.0012167319655418	0.031161477789283	0.13375839591026	-0.098606288433075
-0.22932098805904	-0.023969115689397	0.39583438634872	0.0069999750703573	-0.049031391739845	0.0011546537280083	0.031108805909753	0.13137789070606	-0.098617143929005
-0.23302194476128	-0.040385458618402	0.35756385326385	0.0066743437200785	-0.049120336771011	0.0010949410498142	0.031090836971998	0.12905468046665	-0.098612360656261
-0.23678377270699	-0.055555827915668	0.3211458325386	0.0063418885692954	-0.049195311963558	0.0010363757610321	0.031059993430972	0.12676909565926	-0.098602615296841
-0.24065110087395	-0.069636397063732	0.28619587421417	0.0060058468952775	-0.049266487360001	0.00097846984863281	0.031020006164908	0.12449450790882	-0.098600409924984
-0.2446320950985	-0.082736417651176	0.25248378515244	0.0056731030344963	-0.049310259521008	0.00092101097106934	0.030962673947215	0.12222155183554	-0.098608493804932
-0.2487710416317	-0.094931215047836	0.21997545659542	0.0053364960476756	-0.049333531409502	0.00086409598588943	0.030922275036573	0.11995472759008	-0.098613947629929
-0.24859246611595	-0.094016760587692	0.2225326448679	0.005189822986722	-0.048287533223629	0.00086987391114235	0.031019752845168	0.12011207640171	-0.098594389855862
-0.25256887078285	-0.10494095087051	0.19273449480534	0.0049086157232523	-0.049076348543167	0.0008167177438736	0.030894691124558	0.11804929375648	-0.098565876483917
-0.25714111328125	-0.11591700464487	0.16048803925514	0.0046303514391184	-0.049400012940168	0.00075554847717285	0.030784536153078	0.11563597619534	-0.098616801202297
-0.26191720366478	-0.12601076066494	0.12991559505463	0.0043332809582353	-0.049448288977146	0.00069715082645416	0.030760336667299	0.11328082531691	-0.098632223904133
-0.26680225133896	-0.13522660732269	0.10078862309456	0.0040205847471952	-0.049459170550108	0.00064034759998322	0.030752466991544	0.11098130047321	-0.098632775247097
-0.26669386029243	-0.1346141397953	0.10274814814329	0.0038435459136963	-0.048327475786209	0.00064538419246674	0.030901361256838	0.11108265817165	-0.098636098206043
-0.27126094698906	-0.14267084002495	0.076452866196632	0.0035597635433078	-0.049115352332592	0.00059305131435394	0.030755244195461	0.10905211418867	-0.098595269024372
-0.27660974860191	-0.15060546994209	0.047597151249647	0.0032689021900296	-0.049468349665403	0.00053250044584274	0.030654538422823	0.10661958158016	-0.098640069365501
-0.28215768933296	-0.15772438049316	0.020232813432813	0.0029617547988892	-0.049513764679432	0.00047396123409271	0.030614696443081	0.10424126684666	-0.098666355013847
-0.28785705566406	-0.16403079032898	-0.0057273451238871	0.002646692097187	-0.049493350088596	0.00041738152503967	0.030595760792494	0.10192915797234	-0.098675929009914
-0.29372763633728	-0.16956755518913	-0.03069581836462	0.0023250244557858	-0.049469128251076	0.00036128610372543	0.030563671141863	0.099643647670746	-0.09868435561657
-0.2998094856739	-0.17436461150646	-0.054860189557076	0.0020064683631063	-0.049430873245001	0.00030504912137985	0.030512940138578	0.097364410758018	-0.098697580397129
-0.3061645925045	-0.1784413009882	-0.078185610473156	0.0016998592764139	-0.049373909831047	0.00024910271167755	0.030475609004498	0.095093369483948	-0.098707139492035
-0.31278264522552	-0.18180830776691	-0.10011334717274	0.0013991734012961	-0.049240060150623	0.00026414543390274	0.030521135777235	0.092902280390263	-0.098667293787003
-0.31974697113037	-0.18447308242321	-0.12208131700754	0.0010580094531178	-0.049175310879946	0.00028254091739655	0.030521897599101	0.090618066489697	-0.09867824614048
-0.3269689977169	-0.18643833696842	-0.14345987141132	0.00073274318128824	-0.049081616103649	0.00030364841222763	0.030434515327215	0.088334612548351	-0.098707243800163
-0.32670265436172	-0.18612909317017	-0.14175070822239	0.00060131773352623	-0.047882385551929	0.0003037303686142	0.030571006238461	0.088436111807823	-0.098730064928532
-0.33370730280876	-0.18737541139126	-0.16083788871765	0.00027126492932439	-0.048506643623114	0.00032497942447662	0.030368741601706	0.086432382464409	-0.098721981048584
-0.34190636873245	-0.18805725872517	-0.1821431517601	-1.983717083931e-07	-0.04868084192276	0.00035477429628372	0.030235506594181	0.084019497036934	-0.098730318248272
-0.35051175951958	-0.18800818920135	-0.20211672782898	-0.00028191274031997	-0.048596974462271	0.00038134306669235	0.030211731791496	0.081640973687172	-0.098741888999939
-0.35035660862923	-0.18786664307117	-0.20075695216656	-0.00043351016938686	-0.04737201333046	0.00038087368011475	0.030399015173316	0.081695303320885	-0.098762355744839
-0.35859134793282	-0.18713058531284	-0.21797820925713	-0.00073656532913446	-0.04792495816946	0.00040331482887268	0.030234541743994	0.079674690961838	-0.09875899553299
-0.36813628673553	-0.18566617369652	-0.23737452924252	-0.00099632982164621	-0.048067506402731	0.0004304051399231	0.030116859823465	0.077223673462868	-0.098778702318668
-0.37815174460411	-0.18347308039665	-0.25530713796616	-0.0012774607166648	-0.047943025827408	0.00045696645975113	0.030105179175735	0.074828490614891	-0.098791591823101
-0.38855648040771	-0.18056073784828	-0.27201920747757	-0.0015926901251078	-0.047772943973541	0.00048261135816574	0.030100718140602	0.072501361370087	-0.098805621266365
-0.39943662285805	-0.17693465948105	-0.28786614537239	-0.0019190367311239	-0.047610476613045	0.00050786137580872	0.030076917260885	0.070204347372055	-0.098817981779575
-0.41088628768921	-0.17260095477104	-0.30299627780914	-0.0022432394325733	-0.047442577779293	0.00053288787603378	0.030036892741919	0.067913487553596	-0.098833411931992
-0.42299348115921	-0.16756492853165	-0.3173009455204	-0.0025645270943642	-0.047279864549637	0.00055753439664841	0.030016049742699	0.065635070204735	-0.098840363323689
-0.42254066467285	-0.16765733063221	-0.31576356291771	-0.0027541015297174	-0.046155229210854	0.00055623799562454	0.030204895883799	0.065724581480026	-0.098872072994709
-0.43460774421692	-0.16218160092831	-0.32792833447456	-0.0031745806336403	-0.04675804451108	0.00057699531316757	0.030088733881712	0.063757300376892	-0.098879098892212
-0.44857874512672	-0.15565295517445	-0.34233915805817	-0.0035619921982288	-0.04704026132822	0.00060379505157471	0.029979689046741	0.061308763921261	-0.098873272538185
-0.44836884737015	-0.15573452413082	-0.34194958209991	-0.00372782535851	-0.046019919216633	0.00060415267944336	0.030111867934465	0.061247646808624	-0.098904170095921
-0.46219202876091	-0.14888775348663	-0.35307437181473	-0.0041337423026562	-0.046571008861065	0.00062521547079086	0.02999172732234	0.059232447296381	-0.098917320370674
-0.47801193594933	-0.14093399047852	-0.36535179615021	-0.0044729895889759	-0.047241166234016	0.00065172463655472	0.02991634234786	0.056896679103374	-0.098883450031281
-0.47784829139709	-0.14103989303112	-0.36535531282425	-0.0046555958688259	-0.046976622194052	0.00065402686595917	0.029944667592645	0.056798629462719	-0.098991416394711
-0.47665867209435	-0.14156307280064	-0.363909304142	-0.0047201476991177	-0.046805270016193	0.00065122544765472	0.029911711812019	0.057031136006117	-0.099033758044243
-0.47586089372635	-0.14192816615105	-0.36284643411636	-0.0047703757882118	-0.046673133969307	0.00064927339553833	0.029920376837254	0.057199444621801	-0.099044665694237
-0.47536706924438	-0.14215783774853	-0.36218091845512	-0.0048178434371948	-0.046570282429457	0.0006481260061264	0.029930671676993	0.057305350899696	-0.099049523472786
-0.47507199645042	-0.14230012893677	-0.36176693439484	-0.0048610866069794	-0.046489380300045	0.00064729154109955	0.029943834990263	0.057369105517864	-0.099052108824253
-0.47489023208618	-0.14238800108433	-0.36152765154839	-0.004911994561553	-0.046427294611931	0.00064678490161896	0.029952485114336	0.05740662291646	-0.099053464829922
-0.47476789355278	-0.14244252443314	-0.36140051484108	-0.0049496367573738	-0.046383608132601	0.00064634531736374	0.029946431517601	0.057436030358076	-0.099048852920532
-0.47470042109489	-0.14247603714466	-0.36133995652199	-0.0049748886376619	-0.046351052820683	0.00064616650342941	0.029944304376841	0.057450152933598	-0.099046714603901
-0.47466444969177	-0.14249701797962	-0.36130699515343	-0.0050019454210997	-0.046319339424372	0.00064610689878464	0.029947303235531	0.057455774396658	-0.099046461284161
-0.47464236617088	-0.14250980317593	-0.3612859249115	-0.0050326809287071	-0.046289026737213	0.00064602494239807	0.029950026422739	0.057458963245153	-0.099046133458614
-0.4746268093586	-0.1425179541111	-0.36129930615425	-0.0050735510885715	-0.046253301203251	0.00064604729413986	0.029945887625217	0.057460058480501	-0.099045604467392
-0.47461181879044	-0.14252291619778	-0.36130511760712	-0.0051191672682762	-0.046215958893299	0.00064622610807419	0.029945209622383	0.057460274547338	-0.099044181406498
-0.47459632158279	-0.14252565801144	-0.3612921833992	-0.0051554385572672	-0.046187084168196	0.00064606964588165	0.029937608167529	0.057466819882393	-0.099044360220432
-0.47460153698921	-0.14252759516239	-0.36125043034554	-0.0051844157278538	-0.046168450266123	0.00064603984355927	0.02994810603559	0.057467721402645	-0.099045239388943
-0.47460114955902	-0.14252851903439	-0.36125734448433	-0.005221726372838	-0.046150244772434	0.00064597278833389	0.029950074851513	0.057466149330139	-0.09904470294714
-0.47459983825684	-0.14252953231335	-0.36126598715782	-0.0052572749555111	-0.046129960566759	0.00064592808485031	0.029949426651001	0.057465482503176	-0.099044807255268
-0.4745988547802	-0.14253011345863	-0.36127081513405	-0.0052924938499928	-0.046109180897474	0.00064592063426971	0.029948770999908	0.057464759796858	-0.099045448005199
-0.47460126876831	-0.14253021776676	-0.36129260063171	-0.005331464111805	-0.046080347150564	0.00064609944820404	0.029950466006994	0.057460270822048	-0.09904483705759
-0.47459924221039	-0.14253038167953	-0.36129483580589	-0.0053694471716881	-0.046042982488871	0.00064610689878464	0.029950268566608	0.057459250092506	-0.099045373499393
-0.47459664940834	-0.14253050088882	-0.36128556728363	-0.0054052378982306	-0.046006474643946	0.00064607709646225	0.029949022457004	0.057460758835077	-0.09904645383358
-0.47459316253662	-0.14253030717373	-0.36127406358719	-0.0054380260407925	-0.045969624072313	0.00064606964588165	0.029946956783533	0.057464484125376	-0.099045172333717
-0.47459587454796	-0.1425307393074	-0.36127150058746	-0.0054695401340723	-0.045942146331072	0.00064609199762344	0.029948621988297	0.057463873177767	-0.09904533624649
