0.0059341196902096	-0.18587756156921	-0.28483772277832	-0.00060519576072693	-0.2392892986536	0.0050655379891396	0.0023418124765158	0.076861649751663	-0.099834501743317
0.009911154396832	-0.15436486899853	-0.36160081624985	0.002002733759582	-0.22842453420162	0.00036000460386276	0.0024303798563778	0.065486967563629	-0.099545441567898
0.012123310007155	-0.11798514425755	-0.38068917393684	-0.0035021230578423	-0.23136915266514	0.00043445825576782	0.0021110973320901	0.059075340628624	-0.10005677491426
0.010962787084281	-0.12432883679867	-0.37618750333786	-0.0057847993448377	-0.23891018331051	0.00045200437307358	0.001036336645484	0.06048709154129	-0.099150270223618
0.0099996766075492	-0.1421455591917	-0.36313813924789	-0.0071409158408642	-0.24199455976486	0.00039871037006378	0.0013834699057043	0.063909113407135	-0.099290505051613
0.0090272994711995	-0.15561483800411	-0.34933575987816	-0.0077278092503548	-0.24288140237331	0.00035598874092102	0.0017142752185464	0.066855266690254	-0.099370859563351
0.0080980667844415	-0.16498589515686	-0.33529350161552	-0.0080424575135112	-0.24319893121719	0.00032936036586761	0.0019021220505238	0.069359675049782	-0.099371030926704
0.0072520188987255	-0.17244528234005	-0.32066744565964	-0.0082771414890885	-0.24339513480663	0.0003199502825737	0.0020072655752301	0.071721568703651	-0.09935736656189
0.0064612361602485	-0.17887026071548	-0.30532228946686	-0.0084945168346167	-0.24353145062923	0.00031245499849319	0.0020772665739059	0.074058070778847	-0.099346965551376
0.0057248626835644	-0.18436995148659	-0.28926143050194	-0.0087040243670344	-0.24362821877003	0.00030682235956192	0.0021358486264944	0.076384902000427	-0.099332630634308
0.0050428127869964	-0.18901425600052	-0.27248504757881	-0.0089152548462152	-0.24369299411774	0.0003030076622963	0.002183070871979	0.078707486391068	-0.099317193031311
0.0043945754878223	-0.19278565049171	-0.25500300526619	-0.009124081581831	-0.24373325705528	0.00030092895030975	0.0022314973175526	0.081024378538132	-0.099296376109123
0.0037859773728997	-0.195705935359	-0.23681463301182	-0.0093342829495668	-0.24375170469284	0.0003005638718605	0.0022784164175391	0.083336353302002	-0.099273957312107
0.0032092928886414	-0.19779191911221	-0.21792417764664	-0.0095475418493152	-0.24375396966934	0.0003017783164978	0.0023251040838659	0.085644543170929	-0.099248886108398
0.0026625001337379	-0.19905813038349	-0.19833420217037	-0.0097636813297868	-0.24374268949032	0.0003044605255127	0.0023718783631921	0.087949186563492	-0.099221110343933
0.0021433085203171	-0.1995183378458	-0.17804531753063	-0.009982293471694	-0.24371947348118	0.00030878186225891	0.0024185897782445	0.090250760316849	-0.099190697073936
0.0016495944000781	-0.19918233156204	-0.15705662965775	-0.010203116573393	-0.24368511140347	0.00031453371047974	0.002464855555445	0.092549532651901	-0.09915816038847
0.0011796437902376	-0.19805674254894	-0.1353669911623	-0.010425736196339	-0.24363951385021	0.00032201409339905	0.0025107688270509	0.094845145940781	-0.099123485386372
0.00073166791116819	-0.19615070521832	-0.11297304928303	-0.010649653151631	-0.2435834556818	0.00033088773488998	0.0025563193485141	0.097137600183487	-0.099086828529835
0.0003051632666029	-0.19347555935383	-0.089869126677513	-0.010874437168241	-0.24351742863655	0.00034139305353165	0.0026015560142696	0.09942789375782	-0.099047295749187
-0.00010481235949555	-0.19002698361874	-0.066047757863998	-0.011099077761173	-0.24343730509281	0.00035309046506882	0.0026474664919078	0.10171499848366	-0.099007740616798
-0.00049658032367006	-0.18577975034714	-0.041504647582769	-0.011322826147079	-0.24334511160851	0.00036881864070892	0.002699124161154	0.10399489104748	-0.098968796432018
-0.0008716955780983	-0.18077307939529	-0.016221238300204	-0.011542856693268	-0.24324741959572	0.00038626044988632	0.0027470146305859	0.10627226531506	-0.098928153514862
-0.0012372025521472	-0.17493541538715	0.0098107866942883	-0.011756336316466	-0.24318045377731	0.00040482729673386	0.0028261439874768	0.10853879153728	-0.098893396556377
-0.0015840778360143	-0.16843770444393	0.036619912832975	-0.011967778205872	-0.24309593439102	0.0004255399107933	0.0028714793734252	0.11081564426422	-0.098847553133965
-0.0019138813950121	-0.16115432977676	0.064220003783703	-0.012176398187876	-0.24298876523972	0.00044911354780197	0.0029161074198782	0.11308777332306	-0.098803840577602
-0.002229277510196	-0.15290328860283	0.092617079615593	-0.012382820248604	-0.24285238981247	0.00047411024570465	0.0029653357341886	0.11533436179161	-0.098778992891312
-0.0025304625742137	-0.14400088787079	0.12185407429934	-0.012578316032887	-0.24271893501282	0.00051846355199814	0.0030028708279133	0.117591843009	-0.09873428195715
-0.0028189562726766	-0.13424026966095	0.15197131037712	-0.012773726135492	-0.24257308244705	0.00057291984558105	0.0030296081677079	0.11984021961689	-0.09869971871376
-0.0030448827892542	-0.12365563213825	0.18301194906235	-0.012983314692974	-0.24242746829987	0.00062868744134903	0.0030537894926965	0.12208247929811	-0.098672360181808
-0.0033077865373343	-0.11224441230297	0.21500898897648	-0.013238513842225	-0.242321819067	0.00068675354123116	0.003060070797801	0.12432537972927	-0.098639331758022
-0.0035549439489841	-0.10001466423273	0.24802225828171	-0.013507604598999	-0.24222429096699	0.00074826553463936	0.0030761510133743	0.12657190859318	-0.098603032529354
-0.0037936281878501	-0.086912967264652	0.28211042284966	-0.013778399676085	-0.24212850630283	0.00081156939268112	0.0031042853370309	0.1288183927536	-0.098564393818378
-0.0040257051587105	-0.072884693741798	0.31734150648117	-0.014045789837837	-0.24203133583069	0.00087708979845047	0.0031371125951409	0.13106262683868	-0.098525270819664
-0.0042503154836595	-0.057883076369762	0.35379710793495	-0.014308193698525	-0.24193286895752	0.00094476714730263	0.0031711179763079	0.13330447673798	-0.098486229777336
-0.0042376201599836	-0.056137602776289	0.35771915316582	-0.014179021120071	-0.24126882851124	0.00095168501138687	0.0031669521704316	0.13352787494659	-0.098510406911373
-0.0044606146402657	-0.041205313056707	0.39191669225693	-0.014560241252184	-0.24172334372997	0.001013919711113	0.0032386118546128	0.13551250100136	-0.098457187414169
-0.0044263089075685	-0.039933297783136	0.39567112922668	-0.014490745961666	-0.24120861291885	0.0010217726230621	0.0031566815450788	0.13576513528824	-0.098464071750641
-0.0046634380705655	-0.024130923673511	0.43116316199303	-0.014906464144588	-0.24164053797722	0.0010868683457375	0.003236192278564	0.13776111602783	-0.098412692546844
-0.0046289288438857	-0.022728752344847	0.43505117297173	-0.014835730195045	-0.241116553545	0.0010949857532978	0.0031741792336106	0.138008877635	-0.098422944545746
-0.004862560890615	-0.0058449590578675	0.47198092937469	-0.015248702839017	-0.24152290821075	0.0011624246835709	0.0032643275335431	0.14000162482262	-0.098374299705029
-0.0051910378970206	0.012080466374755	0.51421725749969	-0.015586277469993	-0.24169893562794	0.0012435838580132	0.0032926518470049	0.14239847660065	-0.098155163228512
-0.0051776003092527	0.013740628957748	0.5187708735466	-0.015590578317642	-0.24151462316513	0.0012526512145996	0.0032547870650887	0.14268785715103	-0.098085038363934
-0.0053940550424159	0.0316725037992	0.55915409326553	-0.016150519251823	-0.24267128109932	0.0013284049928188	0.0034067602828145	0.14489752054214	-0.097556047141552
-0.0053276983089745	0.036170061677694	0.56338042020798	-0.01617605984211	-0.24254506826401	0.0013287924230099	0.0033755246549845	0.14486074447632	-0.09785820543766
-0.0055064102634788	0.064102321863174	0.6052365899086	-0.016568507999182	-0.24307656288147	0.0013797543942928	0.0035818628966808	0.14609636366367	-0.098550006747246
-0.0055394372902811	0.066820226609707	0.60977029800415	-0.016663512215018	-0.24312523007393	0.001386359333992	0.0035775816068053	0.14623521268368	-0.098648309707642
-0.0054676420986652	0.046855460852385	0.58200508356094	-0.016382582485676	-0.2418382614851	0.0013578422367573	0.0036082565784454	0.14551322162151	-0.097994014620781
-0.0054682954214513	0.045476950705051	0.57890772819519	-0.016372026875615	-0.24155235290527	0.0013519488275051	0.0036655608564615	0.14533983170986	-0.097945734858513
-0.0054021119140089	0.021086359396577	0.5465367436409	-0.01625575311482	-0.23964655399323	0.0014063790440559	0.003672425635159	0.14453077316284	-0.097086489200592
-0.0053099654614925	0.019374884665012	0.54305392503738	-0.016238730400801	-0.23917768895626	0.0013120360672474	0.0037040589377284	0.14440378546715	-0.097143419086933
-0.005290225148201	-0.01029703207314	0.50725245475769	-0.016086477786303	-0.23713065683842	0.0026446953415871	0.0036317165941	0.14376300573349	-0.095707207918167
-0.0053719319403172	-0.013447618111968	0.50340831279755	-0.016038976609707	-0.23639926314354	0.0028857588768005	0.0036329384893179	0.14370536804199	-0.095516800880432
-0.0052449675276875	-0.044119480997324	0.464519739151	-0.015929285436869	-0.23420321941376	0.0041892305016518	0.0036098072305322	0.1428544819355	-0.09419758617878
-0.0053072995506227	-0.047391586005688	0.46034404635429	-0.015881301835179	-0.23346421122551	0.0044113323092461	0.0036166990175843	0.14277163147926	-0.094020068645477
-0.005139643792063	-0.078937105834484	0.41882774233818	-0.015770396217704	-0.23106041550636	0.0056918039917946	0.0035882638767362	0.14168092608452	-0.092741921544075
-0.0051820972003043	-0.082306511700153	0.4143700003624	-0.015710510313511	-0.23028755187988	0.0059620440006256	0.0035891542211175	0.14157238602638	-0.092568784952164
-0.0049966084770858	-0.11449386179447	0.37066438794136	-0.015572819858789	-0.22767153382301	0.0071766078472137	0.0035550827160478	0.14025621116161	-0.091328866779804
-0.0050462605431676	-0.11789757013321	0.36597153544426	-0.015502542257309	-0.22684815526009	0.0073894001543522	0.0035617114044726	0.14011895656586	-0.091164447367191
-0.0048582055605948	-0.15040369331837	0.32049542665482	-0.015523044392467	-0.22404661774635	0.008591640740633	0.003529129549861	0.13858516514301	-0.089970029890537
-0.0047137378714979	-0.18598562479019	0.26928368210793	-0.015548266470432	-0.22021786868572	0.009863767772913	0.0034974510781467	0.1366879940033	-0.088703908026218
-0.0047551020979881	-0.18973617255688	0.26378467679024	-0.015609700232744	-0.21941640973091	0.010008603334427	0.0035035326145589	0.13647624850273	-0.088563814759254
-0.0045548318885267	-0.22204801440239	0.2158790230751	-0.015559330582619	-0.21634769439697	0.011115960776806	0.0034700958058238	0.13453270494938	-0.087480418384075
-0.0044656586833298	-0.22545595467091	0.21073523163795	-0.015557110309601	-0.21549049019814	0.011248402297497	0.0034436080604792	0.13432125747204	-0.087344720959663
-0.0042627360671759	-0.25721263885498	0.16223059594631	-0.015526961535215	-0.21194653213024	0.012293249368668	0.0034080166369677	0.13219285011292	-0.086327344179153
-0.0042553949169815	-0.26055318117142	0.15702249109745	-0.015590079128742	-0.21105590462685	0.012404106557369	0.0034036468714476	0.13195551931858	-0.086212351918221
-0.0040243463590741	-0.29149278998375	0.10820702463388	-0.015567006543279	-0.20756629109383	0.013355359435081	0.0033706370741129	0.12964603304863	-0.08528371155262
-0.0037190043367445	-0.32429221272469	0.0547263212502	-0.015525039285421	-0.20266102254391	0.014354649931192	0.0033122776076198	0.12696009874344	-0.084306545555592
-0.003699789987877	-0.32778516411781	0.048983965069056	-0.015539236366749	-0.20131361484528	0.01448680460453	0.0033037485554814	0.1266755759716	-0.084172531962395
-0.0033514625392854	-0.3563714325428	0.0004546940617729	-0.015529371798038	-0.19740045070648	0.015232797712088	0.0032509369775653	0.12404497712851	-0.083434969186783
-0.0033496408723295	-0.35941034555435	-0.0047560217790306	-0.015533406287432	-0.19626432657242	0.015339016914368	0.0032461769878864	0.12376625090837	-0.083325661718845
-0.0029798720497638	-0.38636556267738	-0.052597247064114	-0.015501629561186	-0.19219282269478	0.015998613089323	0.0031915921717882	0.12100798636675	-0.082677081227303
-0.0029832436703146	-0.38923218846321	-0.057734288275242	-0.015501791611314	-0.19099907577038	0.016095768660307	0.0031882040202618	0.12071771174669	-0.082574069499969
-0.0025838685687631	-0.41432854533195	-0.10463755577803	-0.015462107956409	-0.1867982596159	0.016660369932652	0.0031324615702033	0.11784544587135	-0.082022055983543
-0.0025868064258248	-0.41699850559235	-0.10967382788658	-0.015455938875675	-0.18557700514793	0.016743920743465	0.0031292885541916	0.11754333972931	-0.081929296255112
-0.0021530252415687	-0.43996322154999	-0.15533982217312	-0.015406485646963	-0.18126970529556	0.017208576202393	0.0030717644840479	0.11457391083241	-0.081478305160999
-0.0016782191814855	-0.46268108487129	-0.20384575426579	-0.015347996726632	-0.17577610909939	0.017634607851505	0.0030074426904321	0.11124776303768	-0.081050768494606
-0.0016846845392138	-0.46511414647102	-0.20905411243439	-0.01531533524394	-0.17431828379631	0.017700083553791	0.0030063493177295	0.11089877784252	-0.080972462892532
-0.0011824374087155	-0.48301962018013	-0.25139752030373	-0.015237532556057	-0.16987347602844	0.017957054078579	0.0029479712247849	0.10778575390577	-0.080734089016914
-0.0011881648097187	-0.48492801189423	-0.25594392418861	-0.015244033187628	-0.16863186657429	0.018002420663834	0.0029473342001438	0.10745799541473	-0.080677822232246
-0.00067054416285828	-0.49984383583069	-0.29610380530357	-0.015189301222563	-0.16417965292931	0.01814342290163	0.0028926869854331	0.10430802404881	-0.080541454255581
-0.00065070606069639	-0.50142830610275	-0.30041599273682	-0.015171829611063	-0.16292333602905	0.018175132572651	0.0028864676132798	0.10397556424141	-0.080497987568378
-8.5705600213259e-05	-0.51312625408173	-0.33814668655396	-0.015104243531823	-0.15842501819134	0.018211022019386	0.0028294781222939	0.10080322623253	-0.080469742417336
-5.6533492170274e-05	-0.51436573266983	-0.34219801425934	-0.015081411227584	-0.15715143084526	0.018227733671665	0.002822439186275	0.10046872496605	-0.080438137054443
0.00055243476526812	-0.52260404825211	-0.3772132396698	-0.015010204166174	-0.15262781083584	0.018157459795475	0.0027644606307149	0.097293108701706	-0.080518290400505
0.0012564124772325	-0.52790856361389	-0.41259413957596	-0.014923071488738	-0.14702695608139	0.017947062849998	0.0026946337893605	0.09383849799633	-0.080669671297073
0.0012856534449384	-0.52848541736603	-0.4163932800293	-0.014848796650767	-0.14559501409531	0.017942391335964	0.002689546905458	0.093475066125393	-0.080665275454521
0.0020088786259294	-0.52922677993774	-0.44521024823189	-0.014627046883106	-0.14118084311485	0.017642937600613	0.0026261173188686	0.090352267026901	-0.080953732132912
0.0020276624709368	-0.52929693460464	-0.44830438494682	-0.014552125707269	-0.14000080525875	0.017611555755138	0.002623881213367	0.090019375085831	-0.080966606736183
0.0027855376247317	-0.526063144207	-0.47360846400261	-0.014350427314639	-0.13562418520451	0.017202086746693	0.0025625517591834	0.086953267455101	-0.08135974407196
0.0028091266285628	-0.52570825815201	-0.47632545232773	-0.014284598641098	-0.13443043828011	0.017159387469292	0.0025597140192986	0.086627244949341	-0.081382118165493
0.0035976192448288	-0.51850974559784	-0.49796316027641	-0.014092285186052	-0.13011756539345	0.016655936837196	0.0025004353374243	0.083638414740562	-0.081869758665562
0.0044366554357111	-0.50661468505859	-0.51786404848099	-0.013857039622962	-0.12481600046158	0.015986755490303	0.0024416400119662	0.080454885959625	-0.08248657733202
0.0044557568617165	-0.50535219907761	-0.52000105381012	-0.013766329735518	-0.12343272566795	0.015927970409393	0.0024420218542218	0.080117374658585	-0.082536846399307
0.0053091049194336	-0.49042165279388	-0.5339503288269	-0.013574470765889	-0.11930142343044	0.015231266617775	0.0023883432149887	0.077325940132141	-0.083227142691612
0.0053468849509954	-0.48879989981651	-0.53544807434082	-0.01350755803287	-0.11814193427563	0.015149630606174	0.0023861918598413	0.077027395367622	-0.083286270499229
0.0062213283963501	-0.47032091021538	-0.54544413089752	-0.013326743617654	-0.11411643028259	0.014359809458256	0.0023345910012722	0.074367299675941	-0.084064178168774
0.0062597403302789	-0.46831482648849	-0.54651749134064	-0.01326091401279	-0.11294744163752	0.014267332851887	0.0023325690999627	0.074082843959332	-0.08413278311491
0.0071487645618618	-0.44663780927658	-0.55261754989624	-0.013086058199406	-0.1090427711606	0.013395726680756	0.0022840797901154	0.071568444371223	-0.084995873272419
0.0080856382846832	-0.42004379630089	-0.55550503730774	-0.012870272621512	-0.10428432375193	0.012332007288933	0.0022346172481775	0.068974629044533	-0.086003251373768
0.0081259682774544	-0.41719621419907	-0.55581498146057	-0.012783203274012	-0.10295008122921	0.0122284963727	0.0022338908165693	0.068697825074196	-0.086101211607456
0.0090188169851899	-0.39045429229736	-0.55448335409164	-0.012622449547052	-0.099357292056084	0.011211737990379	0.0021922076120973	0.066517785191536	-0.087123282253742
0.0090688513591886	-0.38755396008492	-0.55434036254883	-0.012561347335577	-0.098243542015553	0.011086665093899	0.0021900087594986	0.066282495856285	-0.087222523987293
0.0099435951560736	-0.35907706618309	-0.5495668053627	-0.012421976774931	-0.094813704490662	0.0099975764751434	0.0021508606150746	0.064295038580894	-0.088311545550823
0.0099908588454127	-0.35598629713058	-0.54905414581299	-0.0123650431633	-0.093693673610687	0.0098629668354988	0.0021491646766663	0.064080096781254	-0.088418640196323
0.010834081098437	-0.32632169127464	-0.54108995199203	-0.012235254049301	-0.090430527925491	0.0087209269404411	0.0021128309890628	0.062296606600285	-0.089568376541138
0.010871484875679	-0.32309889793396	-0.54023480415344	-0.012170528993011	-0.089318722486496	0.0085727423429489	0.0021123318001628	0.062103215605021	-0.089682400226593
0.011657954193652	-0.29278510808945	-0.52935045957565	-0.012047026306391	-0.086247161030769	0.00738625228405	0.0020804954692721	0.060534324496984	-0.090888269245625
0.011689738370478	-0.28948912024498	-0.52818167209625	-0.011982221156359	-0.085154458880424	0.0072337165474892	0.0020801043137908	0.060363478958607	-0.091009229421616
0.01240349560976	-0.25903072953224	-0.51466059684753	-0.011862246319652	-0.0822913646698	0.0060037970542908	0.0020526302978396	0.059018652886152	-0.092264242470264
0.012428731657565	-0.25571727752686	-0.51320886611938	-0.011797342449427	-0.081218704581261	0.0058441162109375	0.0020523844286799	0.058871250599623	-0.09239162504673
0.013052261434495	-0.2255784124136	-0.49733605980873	-0.011685015633702	-0.078565165400505	0.00457813590765	0.0020290277898312	0.057758942246437	-0.093687981367111
0.013070381246507	-0.22229275107384	-0.49563181400299	-0.011620620265603	-0.077505499124527	0.0044070035219193	0.0020290436223149	0.057636186480522	-0.093819752335548
0.013587264344096	-0.19287443161011	-0.47768402099609	-0.011516692116857	-0.075065024197102	0.0031096264719963	0.0020099868997931	0.056763745844364	-0.095150008797646
0.013594212010503	-0.18966169655323	-0.47575700283051	-0.011451506987214	-0.074022799730301	0.0029302537441254	0.0020103366114199	0.056666448712349	-0.09528598934412
0.013990147970617	-0.16129730641842	-0.45599353313446	-0.011357959359884	-0.071802988648415	0.0016095340251923	0.0019954782910645	0.056038580834866	-0.096642792224884
0.013985213823617	-0.15819290280342	-0.45387160778046	-0.011291585862637	-0.070777989923954	0.0014231726527214	0.0019962913356721	0.055967397987843	-0.096781879663467
0.013979446142912	-0.15791776776314	-0.45364367961884	-0.011255905032158	-0.070524342358112	0.0014393478631973	0.0019982773810625	0.055960550904274	-0.096804685890675
0.014308054931462	-0.10765732079744	-0.4104208946228	-0.011267371475697	-0.070731304585934	0.00054618716239929	0.0019045718945563	0.055523913353682	-0.099428467452526
0.014353455044329	-0.10264044255018	-0.40571764111519	-0.01131971552968	-0.070941023528576	0.0005456954240799	0.0018770880997181	0.055498864501715	-0.099754504859447
0.013207786716521	-0.11271069943905	-0.39700666069984	-0.011341948062181	-0.072233974933624	0.00050954520702362	0.0017303097993135	0.0573998875916	-0.099463693797588
0.013105314224958	-0.11567699164152	-0.39573001861572	-0.011381650343537	-0.072515897452831	0.00050042569637299	0.001756813377142	0.05784660205245	-0.09952051192522
0.011995629407465	-0.1265252828598	-0.38623282313347	-0.011373111978173	-0.07361413538456	0.0004616305232048	0.0017172023653984	0.059966303408146	-0.099295176565647
0.011872055009007	-0.12923395633698	-0.3849410712719	-0.01139285415411	-0.073611192405224	0.000453881919384	0.0017392132431269	0.060404427349567	-0.099313080310822
0.01089396327734	-0.13855375349522	-0.37448778748512	-0.011418584734201	-0.074396014213562	0.00042042136192322	0.0017687622457743	0.062472175806761	-0.099288985133171
0.010825128294528	-0.14045493304729	-0.37317901849747	-0.011414926499128	-0.074182257056236	0.00041481107473373	0.0017969068139791	0.062807641923428	-0.099331855773926
0.0099181048572063	-0.14859886467457	-0.36209553480148	-0.011452352628112	-0.074913397431374	0.00038482993841171	0.001809854991734	0.064823418855667	-0.099298886954784
0.0090281050652266	-0.15804137289524	-0.34897804260254	-0.011466218158603	-0.075340896844864	0.00035043805837631	0.001851205714047	0.067205108702183	-0.099334113299847
0.0089212143793702	-0.15934504568577	-0.34750655293465	-0.011485073715448	-0.074971601366997	0.00034631788730621	0.0018748696893454	0.067490391433239	-0.099354952573776
0.0081201018765569	-0.16543370485306	-0.33511811494827	-0.011535735800862	-0.075684756040573	0.00032708793878555	0.0019010668620467	0.069448761641979	-0.099322564899921
0.0080518489703536	-0.16678741574287	-0.33362728357315	-0.011560842394829	-0.075395725667477	0.00032240897417068	0.0019314475357533	0.06974846124649	-0.099364243447781
0.0073041701689363	-0.17246495187283	-0.32054787874222	-0.011596823111176	-0.076110325753689	0.00031577050685883	0.0019540837965906	0.071749351918697	-0.099317647516727
0.0072374092414975	-0.17386977374554	-0.3189799785614	-0.01162001863122	-0.075823463499546	0.00031805038452148	0.0019717649556696	0.072065494954586	-0.09934314340353
0.0065381773747504	-0.17879649996758	-0.30521020293236	-0.011666171252728	-0.076544091105461	0.00031276047229767	0.0019970298744738	0.074072882533073	-0.099306017160416
0.0058588879182935	-0.18475893139839	-0.28918495774269	-0.01166545599699	-0.076929062604904	0.000306636095047	0.0020256536081433	0.076449431478977	-0.099316753447056
0.0051985047757626	-0.18960140645504	-0.27237719297409	-0.011672347784042	-0.077172257006168	0.00030288100242615	0.0020566275343299	0.078797601163387	-0.099310018122196
0.0051105017773807	-0.19019554555416	-0.27055072784424	-0.011717742308974	-0.076697371900082	0.00030247867107391	0.0020818151533604	0.079052075743675	-0.099319279193878
0.0045121507719159	-0.19254915416241	-0.25487530231476	-0.011795861646533	-0.077398419380188	0.00030131638050079	0.0021187732927501	0.081019327044487	-0.099269069731236
0.0039494684897363	-0.19599056243896	-0.23673892021179	-0.011816577985883	-0.077758863568306	0.00030084699392319	0.0021459884010255	0.083388537168503	-0.099262446165085
0.0038804612122476	-0.19658313691616	-0.23473517596722	-0.011860623955727	-0.077265873551369	0.0003008171916008	0.0021651107817888	0.08366559445858	-0.099278725683689
0.0033193242270499	-0.19755923748016	-0.21777199208736	-0.011954297311604	-0.077948361635208	0.00030221790075302	0.0022099367342889	0.085643582046032	-0.099224731326103
0.0032573672942817	-0.1985340565443	-0.21577382087708	-0.011950950138271	-0.077534057199955	0.0003022775053978	0.0022515798918903	0.085972011089325	-0.099236510694027
0.0027705985121429	-0.1988964676857	-0.19815638661385	-0.011998916044831	-0.078162580728531	0.00030498206615448	0.0022748266346753	0.08796051889658	-0.099195577204227
0.0022833049297333	-0.19998501241207	-0.17793451249599	-0.01200689189136	-0.078451827168465	0.0003097727894783	0.0022908551618457	0.090330481529236	-0.09917201846838
0.0022067353129387	-0.20044545829296	-0.17569245398045	-0.011974038556218	-0.077846080064774	0.00031010806560516	0.0023367498070002	0.090626806020737	-0.09917688369751
0.0017728363163769	-0.19905230402946	-0.15684801340103	-0.012024255469441	-0.078434467315674	0.00031543523073196	0.002362126018852	0.092568166553974	-0.099136933684349
0.0013327377382666	-0.19853350520134	-0.13524746894836	-0.012039506807923	-0.078707553446293	0.0003235787153244	0.0023708743974566	0.094927303493023	-0.09910386800766
0.00090284633915871	-0.19693577289581	-0.1128146648407	-0.012037033215165	-0.078822143375874	0.00033305585384369	0.002400363329798	0.097260415554047	-0.099066682159901
0.00049192743608728	-0.19428808987141	-0.089703768491745	-0.012032993137836	-0.078914925456047	0.00034390389919281	0.0024359794333577	0.099554434418678	-0.09902798384428
8.5547049820889e-05	-0.19083914160728	-0.065880328416824	-0.012036114931107	-0.079007543623447	0.00035612285137177	0.0024739312939346	0.10184216499329	-0.098986178636551
-0.0002676605945453	-0.18653523921967	-0.041339721530676	-0.012040277943015	-0.079086095094681	0.00037218630313873	0.0025067809037864	0.10411369800568	-0.098952703177929
-0.00065479701152071	-0.18155066668987	-0.016052911058068	-0.012063439935446	-0.07917520403862	0.00039009004831314	0.0025452165864408	0.10639553517103	-0.098907381296158
-0.00071961467619985	-0.18098789453506	-0.013327669352293	-0.012023529037833	-0.078519582748413	0.00039092451334	0.0025984575040638	0.10663272440434	-0.098916575312614
-0.00076843425631523	-0.17990878224373	-0.013220638036728	-0.012072892859578	-0.078344643115997	0.00038918852806091	0.0026608677580953	0.10651811212301	-0.098933182656765
-0.0010818035807461	-0.1744691580534	0.010078274644911	-0.012194387614727	-0.079027213156223	0.00040724128484726	0.0026697665452957	0.10852854698896	-0.098881490528584
-0.0013844306813553	-0.16910095512867	0.036793410778046	-0.012213042005897	-0.079200565814972	0.00043022632598877	0.0026511484757066	0.11092861741781	-0.098812215030193
-0.001412839628756	-0.16872248053551	0.039713326841593	-0.012145474553108	-0.078478246927261	0.00043212622404099	0.0026757060550153	0.11120976507664	-0.098815850913525
-0.0017210590885952	-0.16099439561367	0.064545251429081	-0.01224447414279	-0.078961566090584	0.00045268982648849	0.0027353535406291	0.11312003433704	-0.098795644938946
-0.0020154297817498	-0.15358819067478	0.092797994613647	-0.012263739481568	-0.079105705022812	0.00048086047172546	0.0027287309058011	0.11544951796532	-0.098741769790649
-0.002043591812253	-0.15300226211548	0.095874592661858	-0.012187518179417	-0.078391626477242	0.0004868358373642	0.0027537886053324	0.11572369933128	-0.098738968372345
-0.0023324007634073	-0.14375230669975	0.12220285087824	-0.012290380895138	-0.078842014074326	0.00052105635404587	0.0028133187443018	0.11761718988419	-0.098737753927708
-0.002590294694528	-0.13486348092556	0.15215687453747	-0.012304380536079	-0.07897362112999	0.0005793422460556	0.0027852645143867	0.11994802951813	-0.098668657243252
-0.0026087474543601	-0.1340633481741	0.15541422367096	-0.012241585180163	-0.078270748257637	0.00058454275131226	0.0027888184413314	0.120216101408	-0.098670765757561
-0.0028519227635115	-0.12347596883774	0.1833885461092	-0.01237721554935	-0.078714303672314	0.00063308328390121	0.0028583374805748	0.12212331593037	-0.098660558462143
-0.0028707003220916	-0.12310170382261	0.18653847277164	-0.012362264096737	-0.078129932284355	0.0006398931145668	0.0028353240340948	0.12242728471756	-0.098642751574516
-0.0031191052403301	-0.11222466081381	0.21542717516422	-0.012511799111962	-0.078554704785347	0.0006919763982296	0.0028849644586444	0.12439252436161	-0.098610676825047
-0.0031684094574302	-0.11171624064445	0.21865737438202	-0.012479562312365	-0.077956266701221	0.00069896876811981	0.0028718803077936	0.12468454241753	-0.098601520061493
-0.0034073502756655	-0.099951647222042	0.24845062196255	-0.012617353349924	-0.078377448022366	0.00075351446866989	0.0029284209012985	0.12663125991821	-0.098582684993744
-0.003630654187873	-0.087815150618553	0.28234487771988	-0.012646201997995	-0.078449316322803	0.0008203536272049	0.0029049534350634	0.12896740436554	-0.098498851060867
-0.0038396758027375	-0.074061453342438	0.31759077310562	-0.012638550251722	-0.078382566571236	0.00088711082935333	0.0029155500233173	0.13124363124371	-0.098450064659119
-0.0038548645097762	-0.072346732020378	0.32135573029518	-0.012570656836033	-0.077699668705463	0.00089144706726074	0.002934108953923	0.13145266473293	-0.098475888371468
-0.0041068075224757	-0.057768244296312	0.35427486896515	-0.012738298624754	-0.078086465597153	0.00095078349113464	0.0030293203890324	0.13336253166199	-0.09847554564476
-0.0041170394979417	-0.056978993117809	0.35794448852539	-0.012703089043498	-0.07753761857748	0.00095884501934052	0.0029950025491416	0.1336649954319	-0.098441518843174
-0.0041392147541046	-0.056056208908558	0.35820785164833	-0.012786697596312	-0.0772904753685	0.00095582380890846	0.0030531398952007	0.13358867168427	-0.098488099873066
-0.0043639224022627	-0.041501361876726	0.39208409190178	-0.012996692210436	-0.077756129205227	0.001020535826683	0.0030914503149688	0.13557897508144	-0.098445974290371
-0.0043372311629355	-0.040890701115131	0.39588490128517	-0.012987118214369	-0.077212110161781	0.0010297074913979	0.0030102785676718	0.13591349124908	-0.098395347595215
-0.0045500029809773	-0.024714490398765	0.43133336305618	-0.013165317475796	-0.077530756592751	0.0010948106646538	0.0030902079306543	0.13785943388939	-0.098389491438866
-0.0047375066205859	-0.0073309442959726	0.47185096144676	-0.013211134821177	-0.077542498707771	0.0011737272143364	0.0030692270956933	0.14016906917095	-0.098300792276859
-0.0050778556615114	0.011366239748895	0.51436543464661	-0.013294031843543	-0.077568672597408	0.0012521296739578	0.0031715119257569	0.14250648021698	-0.098123133182526
-0.0052954317070544	0.031469590961933	0.55871403217316	-0.013633178547025	-0.078242853283882	0.0013303346931934	0.0033666878007352	0.14486318826675	-0.097600787878036
-0.0052460790611804	0.036389265209436	0.56337428092957	-0.01372410915792	-0.078067965805531	0.0013307146728039	0.0033575277775526	0.1448367536068	-0.097918145358562
-0.0055044321343303	0.064816541969776	0.60519021749496	-0.014068730175495	-0.078512787818909	0.0013788715004921	0.0036276336759329	0.14601197838783	-0.098635852336884
-0.005486810579896	0.067416794598103	0.60976332426071	-0.014195315539837	-0.078520685434341	0.0013865269720554	0.0036442847922444	0.14617118239403	-0.098726749420166
-0.0054368553683162	0.067531891167164	0.61027371883392	-0.014312870800495	-0.078539066016674	0.0013880133628845	0.0036165369674563	0.14619827270508	-0.098738506436348
-0.0052572200074792	0.046092759817839	0.5822988152504	-0.013900570571423	-0.077467441558838	0.0013675317168236	0.0035088397562504	0.14564093947411	-0.097979739308357
-0.0053222230635583	0.022944381460547	0.55018919706345	-0.013572853058577	-0.075029850006104	0.001410286873579	0.0035468558780849	0.14459799230099	-0.097186796367168
-0.005285163410008	0.01952769048512	0.54292660951614	-0.013526327908039	-0.074242398142815	0.0013063922524452	0.0037029967643321	0.14435613155365	-0.097189985215664
-0.005250554997474	-0.010316956788301	0.50723803043365	-0.013098046183586	-0.072320275008678	0.0027046725153923	0.0036222403869033	0.14376010000706	-0.095713764429092
-0.0052986177615821	-0.013438133522868	0.50340580940247	-0.012946397066116	-0.071586906909943	0.0029264986515045	0.0036149583756924	0.14370404183865	-0.095520876348019
-0.0051921978592873	-0.04411181434989	0.46451854705811	-0.012592669576406	-0.069441050291061	0.0042410492897034	0.0035940045490861	0.14285245537758	-0.094202443957329
-0.0052010044455528	-0.047367874532938	0.46034318208694	-0.012506553903222	-0.068677634000778	0.004466213285923	0.0035841311328113	0.14276894927025	-0.094026803970337
-0.0050771459937096	-0.078961007297039	0.41882687807083	-0.012317325919867	-0.066301763057709	0.0057655870914459	0.0035663014277816	0.14168418943882	-0.092739000916481
-0.0050839930772781	-0.082301750779152	0.41436922550201	-0.012298703193665	-0.065500549972057	0.0059578716754913	0.0035622958093882	0.14157174527645	-0.092571847140789
-0.0051128440536559	-0.082661628723145	0.41389030218124	-0.012310175225139	-0.065522275865078	0.005958516150713	0.0035717077553272	0.14155751466751	-0.092560075223446
-0.0049711302854121	-0.11453781276941	0.37061262130737	-0.012057490646839	-0.063110947608948	0.0071933269500732	0.003543914295733	0.14025229215622	-0.091334462165833
-0.0049708615988493	-0.11790613085032	0.36596569418907	-0.012030862271786	-0.062258869409561	0.0073837041854858	0.0035371603444219	0.14011782407761	-0.091169200837612
-0.0048105432651937	-0.15039904415607	0.32049429416656	-0.011788737028837	-0.059438280761242	0.0085871815681458	0.0035102115944028	0.13858264684677	-0.08997467905283
-0.0048126704059541	-0.15384238958359	0.31561180949211	-0.011750906705856	-0.058542966842651	0.008765310049057	0.0035039242357016	0.13842208683491	-0.089816272258759
-0.0048265028744936	-0.15422283113003	0.31508761644363	-0.011784091591835	-0.058527372777462	0.008771613240242	0.0035084336996078	0.13840401172638	-0.089804448187351
-0.0046418574638665	-0.18640086054802	0.2687024474144	-0.011506514623761	-0.055701814591885	0.0098921880125999	0.0034766662865877	0.13666880130768	-0.088687926530838
-0.0046375752426684	-0.18980894982815	0.26372203230858	-0.011458215303719	-0.054764434695244	0.010064739733934	0.0034681260585785	0.1364881247282	-0.08853418380022
-0.0044308737851679	-0.22205904126167	0.21587175130844	-0.01117252279073	-0.051550813019276	0.011143945157528	0.00343416351825	0.13453957438469	-0.087462931871414
-0.0041830139234662	-0.25682619214058	0.16278158128262	-0.010793339461088	-0.047231577336788	0.012299112975597	0.0033854059875011	0.13221889734268	-0.086331404745579
-0.004177559632808	-0.26053074002266	0.15708123147488	-0.010752452537417	-0.046033896505833	0.012461803853512	0.003378173802048	0.13197489082813	-0.086178749799728
-0.0039290655404329	-0.29149809479713	0.10821308195591	-0.010442418046296	-0.042486194521189	0.013384066522121	0.0033410517498851	0.12965574860573	-0.085262298583984
-0.0036306118126959	-0.32429078221321	0.054726492613554	-0.010026016272604	-0.03780298307538	0.014351330697536	0.0032877363264561	0.12695953249931	-0.084309332072735
-0.0032983759883791	-0.35597917437553	0.0010713638039306	-0.0095977410674095	-0.032747313380241	0.015236236155033	0.0032315906137228	0.12407939136028	-0.083437420427799
-0.0032906162086874	-0.35937318205833	-0.0046899188309908	-0.009524897672236	-0.031452402472496	0.015362434089184	0.0032252836972475	0.12377500534058	-0.083316773176193
-0.0029472573660314	-0.38636583089828	-0.052590440958738	-0.0091577069833875	-0.02751380763948	0.016009964048862	0.0031782081350684	0.12101367861032	-0.082667410373688
-0.0025524941738695	-0.41400760412216	-0.10408570617437	-0.0086993426084518	-0.022409107536077	0.016657471656799	0.003118883818388	0.11788128316402	-0.082021296024323
-0.0025373818352818	-0.41696989536285	-0.10961497575045	-0.0086287874728441	-0.021057154983282	0.01675783097744	0.0031117582693696	0.11755129694939	-0.08192253112793
-0.0021334115881473	-0.4399639070034	-0.15533389151096	-0.0082439556717873	-0.01686897687614	0.017215147614479	0.0030618058517575	0.1145788282156	-0.08147019892931
-0.0016560247167945	-0.46268692612648	-0.20384551584721	-0.0077584320679307	-0.011534324847162	0.017631441354752	0.0029986761510372	0.11125073581934	-0.081047013401985
-0.0016260597622022	-0.46512341499329	-0.20905430614948	-0.007632945664227	-0.010118871927261	0.017695836722851	0.0029896097257733	0.11089986562729	-0.080973818898201
-0.0011317670578137	-0.48302271962166	-0.25139781832695	-0.0072214575484395	-0.0057383729144931	0.017954923212528	0.0029324400238693	0.10778720676899	-0.080732554197311
-0.0011101759737357	-0.4849317073822	-0.25594443082809	-0.0071067474782467	-0.004506460390985	0.017992794513702	0.0029267761856318	0.10745862871408	-0.080679126083851
-0.00057798833586276	-0.49984359741211	-0.29610395431519	-0.0066934153437614	-7.0506706833839e-05	0.018142342567444	0.0028682250995189	0.10430794209242	-0.080542407929897
-0.00055567093659192	-0.50143247842789	-0.30041593313217	-0.0065757473930717	0.0011898009106517	0.018166832625866	0.0028629573062062	0.1039762571454	-0.080499231815338
1.654169318499e-05	-0.51312613487244	-0.33814686536789	-0.0061621628701687	0.0056614950299263	0.018208257853985	0.0028037396259606	0.10080343484879	-0.080470450222492
3.9820330130169e-05	-0.51437032222748	-0.34219816327095	-0.0060411598533392	0.0069322548806667	0.018219016492367	0.0027992322575301	0.10046942532063	-0.080439426004887
0.00065316719701514	-0.52260392904282	-0.37721353769302	-0.0056284442543983	0.011418927460909	0.018152184784412	0.0027396036311984	0.097293443977833	-0.080518841743469
0.00067512562964112	-0.52346175909042	-0.38097333908081	-0.0055017145350575	0.01268382370472	0.018144838511944	0.0027374823112041	0.096957787871361	-0.080499552190304
0.0013333419337869	-0.52803009748459	-0.41299802064896	-0.0050871735438704	0.017140567302704	0.017951369285583	0.0026776643935591	0.093800559639931	-0.080680876970291
0.0020597083494067	-0.52915072441101	-0.44484573602676	-0.0046260887756944	0.022667637094855	0.017618343234062	0.0026143204886466	0.09038008004427	-0.080961465835571
0.0020964087452739	-0.52927929162979	-0.44826540350914	-0.0044868318364024	0.024131674319506	0.017592936754227	0.002609760966152	0.090021967887878	-0.080965965986252
0.0028307025786489	-0.52606558799744	-0.47360417246819	-0.0040794592350721	0.028538580983877	0.017194867134094	0.0025518974289298	0.086948983371258	-0.081367060542107
0.0028731555212289	-0.52570706605911	-0.47632491588593	-0.0039562443271279	0.02978939935565	0.017147175967693	0.0025471134576946	0.086625173687935	-0.081385903060436
0.0036472459323704	-0.51850920915604	-0.49796316027641	-0.0035707000643015	0.034137908369303	0.016648076474667	0.0024893092922866	0.083632290363312	-0.081880204379559
0.0036803192924708	-0.51772063970566	-0.50028645992279	-0.0034453133121133	0.035403534770012	0.016585923731327	0.0024876797106117	0.083317637443542	-0.081908419728279
0.0044886590912938	-0.50657111406326	-0.51811361312866	-0.00306395906955	0.039690181612968	0.015985541045666	0.0024321111850441	0.080415062606335	-0.082506164908409
0.0045267562381923	-0.50535583496094	-0.52002769708633	-0.0029333895072341	0.040953245013952	0.015910357236862	0.0024306043051183	0.080109775066376	-0.082547016441822
0.0053750299848616	-0.4904203414917	-0.53395318984985	-0.0025599291548133	0.0451495423913	0.01521660387516	0.0023759913165122	0.077317886054516	-0.083239689469337
0.006272669415921	-0.4704557955265	-0.5452835559845	-0.0021312404423952	0.050282437354326	0.014333620667458	0.0023242798633873	0.074390783905983	-0.084064304828644
0.006303979549557	-0.46831557154655	-0.54650020599365	-0.0019623348489404	0.051734376698732	0.01423554122448	0.0023249501828104	0.074084006249905	-0.084132395684719
0.0063182860612869	-0.46813759207726	-0.546630859375	-0.0018620369955897	0.051979046314955	0.014260523021221	0.0023234761320055	0.074051111936569	-0.084150277078152
0.0072091994807124	-0.4466327726841	-0.55262970924377	-0.0014864513650537	0.055799767374992	0.013405203819275	0.0022734685335308	0.071556381881237	-0.085012942552567
0.0072379475459456	-0.44428268074989	-0.55327373743057	-0.0013382341712713	0.057084083557129	0.013274103403091	0.002274977741763	0.071294248104095	-0.085081040859222
0.0081410687416792	-0.41984015703201	-0.55557548999786	-0.00095456279814243	0.060965768992901	0.012342490255833	0.0022262705024332	0.068938091397285	-0.086029857397079
0.0081738485023379	-0.41718530654907	-0.5558226108551	-0.00080697704106569	0.062229581177235	0.012211173772812	0.0022278684191406	0.068689905107021	-0.08611162006855
0.0090724183246493	-0.39045628905296	-0.55448418855667	-0.00044224504381418	0.065938226878643	0.011208742856979	0.0021827206946909	0.066508941352367	-0.087136596441269
0.0091067673638463	-0.38755136728287	-0.55434030294418	-0.00029508024454117	0.067183211445808	0.011065110564232	0.0021845605224371	0.06627843528986	-0.087228119373322
0.0099863521754742	-0.35907936096191	-0.5495668053627	6.3583254814148e-05	0.070723600685596	0.0099974796175957	0.00214275973849	0.064287573099136	-0.088322177529335
0.010015177540481	-0.35598593950272	-0.54905414581299	0.0002028550952673	0.071948811411858	0.0098422318696976	0.0021460901480168	0.06407655775547	-0.088423103094101
0.010869815945625	-0.3263247013092	-0.54108995199203	0.00054454803466797	0.075303077697754	0.0087191537022591	0.0021060542203486	0.062288992106915	-0.089579410851002
0.01164767332375	-0.2930623292923	-0.52944219112396	0.00091496389359236	0.079360678792	0.0073630511760712	0.0020774784497917	0.060545600950718	-0.090878568589687
0.011700922623277	-0.28950220346451	-0.52819156646729	0.00097850617021322	0.080677479505539	0.0072225332260132	0.0020772295538336	0.060362577438354	-0.09100803732872
0.011710549704731	-0.28919073939323	-0.52805733680725	0.0009937696158886	0.080918520689011	0.0072498023509979	0.0020788731053472	0.060345068573952	-0.091030612587929
0.012407806701958	-0.25901514291763	-0.51464712619781	0.0011351397261024	0.083597667515278	0.0060280710458755	0.0020523867569864	0.059011980891228	-0.092274188995361
0.012439841404557	-0.25571602582932	-0.51320725679398	0.0012165419757366	0.084703847765923	0.0058487206697464	0.0020513434428722	0.058867745101452	-0.092395566403866
0.013054165989161	-0.22558028995991	-0.49733579158783	0.0013678874820471	0.087386578321457	0.0045967102050781	0.0020284373313189	0.057754121720791	-0.093693561851978
0.013080433942378	-0.22229236364365	-0.49563172459602	0.0014481749385595	0.088483020663261	0.0044137388467789	0.0020278810989112	0.057633459568024	-0.093822829425335
0.013082964345813	-0.22199633717537	-0.49544870853424	0.001489863730967	0.088754899799824	0.0044272541999817	0.0020290764514357	0.057622134685516	-0.0938436165452
0.013589300215244	-0.19285924732685	-0.47766438126564	0.0016173413023353	0.091050609946251	0.0031406134366989	0.0020100402180105	0.056757278740406	-0.095160320401192
0.013600805774331	-0.18965990841389	-0.47575488686562	0.0016966555267572	0.092133708298206	0.002936877310276	0.0020099405664951	0.056663073599339	-0.095289908349514
0.01398913282901	-0.16129623353481	-0.45599326491356	0.0018247608095407	0.094379514455795	0.0016297250986099	0.0019952249713242	0.056033670902252	-0.096648119390011
0.013989833183587	-0.15819217264652	-0.45387148857117	0.0019066706299782	0.095436945557594	0.0014310255646706	0.0019959472119808	0.05596461892128	-0.09678503125906
0.013988826423883	-0.15791812539101	-0.45364364981651	0.0019536782056093	0.095727413892746	0.0014461949467659	0.001997142797336	0.055958718061447	-0.096806541085243
0.014359543099999	-0.13346506655216	-0.43213126063347	0.0019289189949632	0.096767030656338	0.00053750723600388	0.0019871350377798	0.055855236947536	-0.09830068051815
0.014471198432148	-0.10572739690542	-0.40802377462387	0.001915798522532	0.096685171127319	0.00054426491260529	0.0018971010576934	0.055581495165825	-0.099626332521439
0.013093273155391	-0.11276593059301	-0.39732652902603	0.0019945539534092	0.095437295734882	0.00050892680883408	0.0017823230009526	0.057367630302906	-0.099432654678822
0.012948328629136	-0.11552318185568	-0.39579898118973	0.0020092595368624	0.095085248351097	0.00050049275159836	0.0018167919479311	0.057824514806271	-0.099506095051765
0.012989588081837	-0.11631199717522	-0.39553281664848	0.0020347964018583	0.09495010972023	0.00049857050180435	0.0018339280504733	0.057935319840908	-0.09954334795475
0.011892550624907	-0.12623973190784	-0.38625827431679	0.0021563861519098	0.094051033258438	0.0004621148109436	0.0017876395722851	0.059924490749836	-0.099303118884563
0.011820936575532	-0.12897278368473	-0.38497465848923	0.0022685211151838	0.093970373272896	0.00045464187860489	0.0018135902937502	0.060365729033947	-0.099318481981754
0.010850400663912	-0.13796932995319	-0.37457099556923	0.002416861243546	0.093380987644196	0.00042203068733215	0.001845104037784	0.062389254570007	-0.099293678998947
0.010766264982522	-0.14016811549664	-0.37321653962135	0.0025138044729829	0.093512520194054	0.00041570514440536	0.0018629233818501	0.062765307724476	-0.099339596927166
0.0098471520468593	-0.14795635640621	-0.36218932271004	0.0026575960218906	0.092962220311165	0.00038652867078781	0.0018881508149207	0.06473208963871	-0.099305406212807
0.0097718238830566	-0.14994125068188	-0.36078226566315	0.0027592433616519	0.093103736639023	0.00038076937198639	0.0019064991502091	0.065091580152512	-0.09934589266777
0.0089169852435589	-0.15690830349922	-0.34906962513924	0.0029069175943732	0.092564918100834	0.00035341829061508	0.0019301283173263	0.067055515944958	-0.099313452839851
0.0088446773588657	-0.15879791975021	-0.34758898615837	0.0030037229880691	0.092728286981583	0.00034791976213455	0.0019504801603034	0.06741451472044	-0.099351733922958
0.0080454889684916	-0.16479812562466	-0.3352167904377	0.003151404671371	0.092213556170464	0.00032767653465271	0.0019827373325825	0.069357730448246	-0.09932816028595
0.007980546914041	-0.16647017002106	-0.33366885781288	0.0032462701201439	0.092420652508736	0.00032336264848709	0.0020144716836512	0.069702535867691	-0.09937658905983
0.0072193616069853	-0.17181971669197	-0.32064974308014	0.00341094750911	0.091916359961033	0.00031930953264236	0.0020417715422809	0.071655914187431	-0.099323399364948
0.0071564218960702	-0.17354565858841	-0.31902933120728	0.003519699908793	0.092111133038998	0.00031847506761551	0.002064261585474	0.072017021477222	-0.099352024495602
0.0064460439607501	-0.17811633646488	-0.30531948804855	0.00369175337255	0.091601505875587	0.00031308084726334	0.002086934633553	0.073974557220936	-0.099316708743572
0.0063868798315525	-0.17980878055096	-0.30361515283585	0.0038042897358537	0.091832138597965	0.00031137466430664	0.0021191164851189	0.074344120919704	-0.099343359470367
0.0057191927917302	-0.18356102705002	-0.28925123810768	0.003981489688158	0.091354444622993	0.0003073662519455	0.0021395171061158	0.076293714344501	-0.099312141537666
0.0056833210401237	-0.18519705533981	-0.28747728466988	0.004092407412827	0.091615907847881	0.00030592828989029	0.002168225357309	0.076668068766594	-0.099331572651863
0.0050399270839989	-0.18819093704224	-0.2724686563015	0.0042738672345877	0.091169625520706	0.00030335783958435	0.002188072539866	0.078615866601467	-0.099298506975174
0.0049989330582321	-0.18976365029812	-0.27062198519707	0.0043805465102196	0.091471888124943	0.00030225515365601	0.0022139558568597	0.078993104398251	-0.099312834441662
0.0043995664454997	-0.19195012748241	-0.25497555732727	0.0045695323497057	0.091049671173096	0.00030112266540527	0.0022338265553117	0.080932453274727	-0.099281616508961
0.004362478852272	-0.19340804219246	-0.25306314229965	0.0046760160475969	0.091371782124043	0.00030040740966797	0.002260796027258	0.081305384635925	-0.099294222891331
0.0037958042230457	-0.19483119249344	-0.23678116500378	0.0048703290522099	0.090962626039982	0.00030058622360229	0.0022788778878748	0.083240292966366	-0.099263213574886
0.0037607217673212	-0.1962031275034	-0.23480053246021	0.004975579213351	0.091299392282963	0.00030025839805603	0.0023066345602274	0.083612769842148	-0.099272951483727
0.0032240771688521	-0.19688415527344	-0.21788401901722	0.0051746778190136	0.09090232104063	0.00030174851417542	0.0023240777663887	0.085545212030411	-0.099241934716702
0.0031923749484122	-0.19817633926868	-0.21583494544029	0.0052788113243878	0.091253146529198	0.00030186027288437	0.0023518330417573	0.085917592048645	-0.099248543381691
0.0026829580310732	-0.19812275469303	-0.19828645884991	0.0054816007614136	0.090868182480335	0.00030450522899628	0.0023687183856964	0.087847523391247	-0.099217973649502
0.0026546034496278	-0.19933380186558	-0.19616951048374	0.0055830250494182	0.091232195496559	0.00030498951673508	0.0023957826197147	0.088219329714775	-0.0992216989398
0.0021703587844968	-0.19855408370495	-0.17798963189125	0.0057884375564754	0.090859331190586	0.00030869990587234	0.0024124206975102	0.090146459639072	-0.099191710352898
0.002146755810827	-0.1996806114912	-0.17580549418926	0.0058855079114437	0.091234125196934	0.00030943751335144	0.0024370118044317	0.090517245233059	-0.099193029105663
0.0016885244986042	-0.19817493855953	-0.15699417889118	0.0060912780463696	0.090872451663017	0.00031444430351257	0.0024525867775083	0.092440657317638	-0.099164716899395
0.0016741937724873	-0.19918921589851	-0.15474690496922	0.0061745108105242	0.091248750686646	0.00031546503305435	0.0024667144753039	0.092806361615658	-0.099164701998234
0.0016716596437618	-0.19861222803593	-0.1546479165554	0.0062471539713442	0.091269068419933	0.00031540542840958	0.0024291947484016	0.09275109320879	-0.099155358970165
0.0012290338054299	-0.1967943161726	-0.13532197475433	0.0064469864591956	0.090818300843239	0.00032170116901398	0.0024763438850641	0.094706833362579	-0.099130421876907
0.0007871650159359	-0.19569799304008	-0.11299619823694	0.0066579673439264	0.09084752202034	0.00033071637153625	0.0025740275159478	0.097084283828735	-0.099107094109058
0.00076517590787262	-0.19620297849178	-0.11048133671284	0.0067386087030172	0.091351971030235	0.00033210963010788	0.0025730305351317	0.097420379519463	-0.099098771810532
0.00035169810871594	-0.19235071539879	-0.089786499738693	0.0069373045116663	0.09100928902626	0.00034091621637344	0.0025861351750791	0.099307127296925	-0.099070556461811
0.00034345043241046	-0.19317157566547	-0.087328590452671	0.0070220613852143	0.091411262750626	0.00034257024526596	0.0026047164574265	0.099677614867687	-0.099058784544468
0.00034622248494998	-0.19253875315189	-0.087208107113838	0.0070993043482304	0.09146461635828	0.00034241378307343	0.0025654914788902	0.09961848706007	-0.099056847393513
-4.1673607483972e-05	-0.18867734074593	-0.065971814095974	0.0072953393682837	0.091059625148773	0.00035261362791061	0.0026110662147403	0.10157040506601	-0.099031284451485
-5.1078113756375e-05	-0.18966969847679	-0.063418850302696	0.0073716323822737	0.091502785682678	0.00035462528467178	0.002646082546562	0.10197024792433	-0.099018648266792
-0.00043283993727528	-0.1846632361412	-0.041391346603632	0.0075595248490572	0.091221876442432	0.00036798417568207	0.0026814891025424	0.10388011485338	-0.098998464643955
-0.00044021735084243	-0.18532501161098	-0.038796238601208	0.0076390560716391	0.091662384569645	0.00037060678005219	0.0026998925022781	0.10424747318029	-0.098982274532318
-0.00080302549758926	-0.17961728572845	-0.016100225970149	0.0078287720680237	0.091385386884212	0.00038527697324753	0.0027280505746603	0.1061537489295	-0.098963595926762
-0.00080794637324288	-0.18024253845215	-0.013428171165287	0.0079077491536736	0.091834232211113	0.00038814544677734	0.0027440055273473	0.10652610659599	-0.09894260764122
-0.0011538858525455	-0.1738446354866	0.0099500874057412	0.0080932434648275	0.091574847698212	0.00040410459041595	0.0027718902565539	0.10842986404896	-0.098926700651646
-0.0014861583476886	-0.16806411743164	0.036628678441048	0.0082921218127012	0.091684252023697	0.00042502582073212	0.002850750926882	0.11077419668436	-0.098877757787704
-0.0018322347896174	-0.161037966609	0.064253218472004	0.0084746275097132	0.091901242733002	0.0004488080739975	0.0029234290122986	0.11307774484158	-0.098831184208393
-0.0018443249864504	-0.16068705916405	0.067297823727131	0.0085675222799182	0.092464312911034	0.00045198202133179	0.0029170345515013	0.11337877810001	-0.098813436925411
-0.0021457932889462	-0.15172624588013	0.092789076268673	0.0087464656680822	0.092252731323242	0.00047262758016586	0.0029279859736562	0.11521885544062	-0.098831281065941
-0.0021477064583451	-0.15210045874119	0.095761924982071	0.0088387252762914	0.092730507254601	0.0004817396402359	0.0029437001794577	0.11559551954269	-0.098787300288677
-0.0024436553940177	-0.14279668033123	0.12204853445292	0.0089990552514791	0.092559076845646	0.00051435828208923	0.0029680370353162	0.11747723817825	-0.098795481026173
-0.0024494638200849	-0.14302389323711	0.12509055435658	0.0090922340750694	0.093063198029995	0.00052448362112045	0.0029721963219345	0.1178432404995	-0.098756223917007
-0.002730282722041	-0.13304431736469	0.15217743813992	0.0092398095875978	0.092904411256313	0.00057031214237213	0.0029920865781605	0.11972790211439	-0.098761655390263
-0.002732849214226	-0.13328167796135	0.15532100200653	0.0093272030353546	0.093408159911633	0.00057902187108994	0.0030029085464776	0.1201055124402	-0.098713368177414
-0.0030127544887364	-0.12253876030445	0.18324182927608	0.0094175990670919	0.093276783823967	0.00062625110149384	0.0030400231480598	0.12198510020971	-0.098725281655788
-0.0030036796815693	-0.12269678711891	0.18647040426731	0.009526357986033	0.093790970742702	0.00063517689704895	0.0030154725536704	0.12236215174198	-0.098673097789288
-0.003297770395875	-0.11122715473175	0.21527001261711	0.0095100775361061	0.093676954507828	0.00068464130163193	0.0030912440270185	0.12424319982529	-0.098687075078487
-0.0032804736401886	-0.11125603318214	0.21858306229115	0.0096180578693748	0.094189658761024	0.00069403648376465	0.0030576870776713	0.1246130913496	-0.098634675145149
-0.0035567523445934	-0.098987020552158	0.24829824268818	0.0096103977411985	0.094095662236214	0.00074593722820282	0.0031247045844793	0.12648981809616	-0.098653987050056
-0.0038235618267208	-0.086835913360119	0.2821926176548	0.0095868846401572	0.094322852790356	0.00081116333603859	0.0031786961480975	0.12882116436958	-0.098575845360756
-0.0037758459802717	-0.085927292704582	0.28591430187225	0.0097530586645007	0.094915673136711	0.00081966072320938	0.0031109368428588	0.12912510335445	-0.098556540906429
-0.0040579815395176	-0.071844875812531	0.3176529109478	0.0096262181177735	0.094814479351044	0.00087469816207886	0.0032214540988207	0.1309816390276	-0.098585151135921
-0.0040287380106747	-0.071532309055328	0.3212616443634	0.00976587459445	0.09531769156456	0.00088448822498322	0.0031522721983492	0.13133862614632	-0.098525315523148
-0.0042983065359294	-0.056909326463938	0.35413694381714	0.0096070170402527	0.095244988799095	0.00094249472022057	0.0032636448740959	0.13323450088501	-0.098541043698788
-0.0042348513379693	-0.056317649781704	0.35783916711807	0.0097542647272348	0.095763646066189	0.0009521059691906	0.0031659011729062	0.13356456160545	-0.098498657345772
-0.0042392169125378	-0.055421747267246	0.35810717940331	0.0097567634657025	0.095955416560173	0.0009504109621048	0.0031881695613265	0.13349485397339	-0.098539687693119
-0.0044789076782763	-0.040430184453726	0.39192172884941	0.0094104008749127	0.095743201673031	0.0010112784802914	0.0032506883144379	0.13542088866234	-0.098543457686901
-0.0047199525870383	-0.024462752044201	0.43087032437325	0.0091999163851142	0.095924563705921	0.0010864213109016	0.0032460484653711	0.13775995373726	-0.098445802927017
-0.0046847285702825	-0.023169351741672	0.43512684106827	0.0093893753364682	0.096504494547844	0.001096099615097	0.0032178414985538	0.13806864619255	-0.098408788442612
-0.0049330568872392	-0.0054828166030347	0.47199019789696	0.0090966075658798	0.096403814852238	0.001161016523838	0.0033733993768692	0.13995721936226	-0.098432317376137
-0.0048770518042147	-0.0045299208723009	0.47610384225845	0.0092438170686364	0.096897393465042	0.0011713728308678	0.003268598113209	0.14027976989746	-0.098380468785763
-0.0052438057027757	0.013340956531465	0.51456224918365	0.00885627605021	0.096619062125683	0.0012403093278408	0.0034218523651361	0.14228829741478	-0.098265938460827
-0.0052483757026494	0.014189591631293	0.51882064342499	0.0087955007329583	0.096743538975716	0.0012510791420937	0.0033261403441429	0.14263933897018	-0.09814041852951
-0.0054030329920352	0.032498978078365	0.55905199050903	0.00815749168396	0.095946952700615	0.0013224370777607	0.003505177795887	0.14476832747459	-0.097644716501236
-0.0052989087998867	0.03661010414362	0.56338226795197	0.0081260269507766	0.096044398844242	0.001327246427536	0.0034480923786759	0.14480702579021	-0.097926549613476
-0.0051831710152328	0.043343026190996	0.56349468231201	0.0082628168165684	0.096402958035469	0.0013032332062721	0.0035017635673285	0.14413893222809	-0.098655991256237
-0.0049934005364776	0.023476794362068	0.53634029626846	0.0087417401373386	0.097550101578236	0.001276146620512	0.0034400336444378	0.14342710375786	-0.098009169101715
-0.0049878656864166	-0.000280647771433	0.50217914581299	0.0089924391359091	0.10020682215691	0.001409225165844	0.0035537779331207	0.14230757951736	-0.097152940928936
-0.0050491844303906	-0.0025106663815677	0.49851101636887	0.0091114789247513	0.10103625059128	0.0014165192842484	0.0035728979855776	0.142164260149	-0.097051538527012
-0.0049320738762617	-0.031021900475025	0.46405187249184	0.0093217324465513	0.10300466418266	0.0027134343981743	0.003539124969393	0.14154967665672	-0.095720931887627
-0.0050034038722515	-0.034029226750135	0.4603519141674	0.0094379894435406	0.10373740643263	0.0029277764260769	0.0035466272383928	0.141492664814	-0.095541648566723
-0.0049109966494143	-0.063834443688393	0.42299237847328	0.0096275862306356	0.10592883080244	0.0042378306388855	0.0035307765938342	0.14066118001938	-0.094228155910969
-0.004939875099808	-0.066981859505177	0.4189809858799	0.0096678119152784	0.10671596974134	0.0044427737593651	0.003533526789397	0.14058083295822	-0.094048380851746
-0.0048416499048471	-0.097647532820702	0.37909808754921	0.0097665674984455	0.10917396843433	0.0057233199477196	0.0035185562446713	0.13951869308949	-0.092771917581558
-0.004856372717768	-0.10088801383972	0.37481579184532	0.0097904736176133	0.11002533882856	0.0059266053140163	0.0035169147886336	0.13941407203674	-0.092593550682068
-0.0047300891019404	-0.13211172819138	0.33281248807907	0.0099052339792252	0.11270392686129	0.0071662589907646	0.0034951013512909	0.13812801241875	-0.091360561549664
-0.0046059875749052	-0.16656573116779	0.28505167365074	0.010022460483015	0.1164303869009	0.0085595473647118	0.0034698117524385	0.13651661574841	-0.09001012891531
-0.0045883124694228	-0.17022578418255	0.27992329001427	0.0099791213870049	0.11750657111406	0.0087662190198898	0.0034595327451825	0.13635316491127	-0.089824125170708
-0.0044571161270142	-0.20178504288197	0.23478323221207	0.010060301050544	0.12052931636572	0.0098885074257851	0.0034424760378897	0.13464313745499	-0.088699571788311
-0.0044355648569763	-0.20512963831425	0.22993622720242	0.010018715634942	0.12146092951298	0.010059513151646	0.003431071061641	0.13446572422981	-0.088543847203255
-0.004271661862731	-0.23638686537743	0.18383896350861	0.010122675448656	0.12469393014908	0.011122401803732	0.0034080678597093	0.13256148993969	-0.087482526898384
-0.0042389025911689	-0.2397024333477	0.17888924479485	0.010091157630086	0.12569066882133	0.011288493871689	0.0033938749693334	0.13236473500729	-0.087330661714077
-0.0040520643815398	-0.2704364657402	0.1321315318346	0.010214830748737	0.12911348044872	0.012281984090805	0.0033681225031614	0.13027611374855	-0.086340054869652
-0.0040184357203543	-0.27369982004166	0.12711085379124	0.01018815394491	0.13014370203018	0.012438472360373	0.0033537177368999	0.13005986809731	-0.086195342242718
-0.0037990570999682	-0.30364984273911	0.080018684267998	0.010345851071179	0.13373586535454	0.013351041823626	0.0033240048214793	0.12779894471169	-0.08528359234333
-0.0037609820719808	-0.30683228373528	0.074962265789509	0.010334472171962	0.13480305671692	0.013497989624739	0.003308430314064	0.12756444513798	-0.08514678478241
-0.0035132928751409	-0.33573767542839	0.027854319661856	0.010514497756958	0.13855700194836	0.014327075332403	0.0032760966569185	0.12514492869377	-0.084318965673447
-0.0034711644984782	-0.33881145715714	0.022796012461185	0.010511861182749	0.13965758681297	0.014462351799011	0.003259876742959	0.12489396333694	-0.084190852940083
-0.0031961451750249	-0.36641120910645	-0.024019882082939	0.010719210840762	0.14355933666229	0.015201218426228	0.0032256473787129	0.12233041226864	-0.08345228433609
-0.0028339545242488	-0.39503917098045	-0.074726313352585	0.011048717424273	0.14865812659264	0.015968352556229	0.0031679272651672	0.11940149962902	-0.082695290446281
-0.0027825792785734	-0.39810767769814	-0.080170929431915	0.011058171279728	0.15000143647194	0.016094148159027	0.0031507355161011	0.11909961700439	-0.082571506500244
-0.0024420567788184	-0.42234271764755	-0.12554641067982	0.011284681037068	0.15413394570351	0.016639746725559	0.0031129345297813	0.11629174649715	-0.082028649747372
-0.0023964485153556	-0.42492407560349	-0.13041844964027	0.011300671845675	0.15529987215996	0.016732156276703	0.0030975677073002	0.11599914729595	-0.081933282315731
-0.0024042164441198	-0.42522838711739	-0.13094171881676	0.01122035831213	0.15539154410362	0.016733773052692	0.0031010489910841	0.11596761643887	-0.081930391490459
-0.0019518758635968	-0.44705843925476	-0.17460504174232	0.01143897138536	0.15934742987156	0.017151318490505	0.0030461009591818	0.11309662461281	-0.081488937139511
-0.0019489711849019	-0.44937580823898	-0.17929337918758	0.011550042778254	0.16051599383354	0.017265148460865	0.0030385944992304	0.11279675364494	-0.081405065953732
-0.0014864794211462	-0.46908313035965	-0.22192621231079	0.011831074953079	0.1647716909647	0.017594590783119	0.0029830327257514	0.1098250746727	-0.081054650247097
-0.00097527779871598	-0.48798942565918	-0.26686277985573	0.012158876284957	0.17018930613995	0.017893888056278	0.0029192743822932	0.10651381313801	-0.080747000873089
-0.00096629344625399	-0.49001580476761	-0.27168780565262	0.012238485738635	0.1716031730175	0.017994821071625	0.0029155625961721	0.10616883635521	-0.080678910017014
-0.00097060459665954	-0.49026635289192	-0.27220591902733	0.012273903936148	0.17166623473167	0.018008038401604	0.0029192082583904	0.10613316297531	-0.080677404999733
-0.00043452982208692	-0.50421839952469	-0.31055745482445	0.012566395103931	0.17576859891415	0.018094167113304	0.0028616180643439	0.10308645665646	-0.080552294850349
0.00015864822489675	-0.5164612531662	-0.3506210744381	0.012914119288325	0.18126985430717	0.018144652247429	0.0027956757694483	0.099705427885056	-0.080480478703976
0.00017722019401845	-0.51777505874634	-0.35492298007011	0.012995833531022	0.18272937834263	0.01821605861187	0.0027914554812014	0.099353671073914	-0.080438479781151
0.00017422666132916	-0.51795274019241	-0.35538485646248	0.0130281355232	0.18282377719879	0.018233008682728	0.0027949269860983	0.099317744374275	-0.080439634621143
0.00078860111534595	-0.52537202835083	-0.38874945044518	0.013323586434126	0.18697994947433	0.018107287585735	0.0027364152483642	0.096246853470802	-0.080527164041996
0.0014579941052943	-0.52994978427887	-0.42274883389473	0.013656785711646	0.19247032701969	0.017891220748425	0.0026750545948744	0.09287828207016	-0.0806844830513
0.0014999250415713	-0.53042870759964	-0.42639943957329	0.013748567551374	0.19391195476055	0.017923198640347	0.0026683714240789	0.092526659369469	-0.080672398209572
0.0021907491609454	-0.53058433532715	-0.45406264066696	0.01400962471962	0.19828027486801	0.017588600516319	0.0026124585419893	0.089475974440575	-0.080970339477062
0.0022396685089916	-0.53058993816376	-0.45703279972076	0.014099590480328	0.19946368038654	0.017590023577213	0.0026050936430693	0.089156061410904	-0.080973997712135
0.0022268875036389	-0.53061759471893	-0.45735174417496	0.014137462712824	0.19956165552139	0.017590045928955	0.0026034275069833	0.089123442769051	-0.080979570746422
0.0029700039885938	-0.52685439586639	-0.48129099607468	0.014493063092232	0.20361316204071	0.017158217728138	0.0025472873821855	0.086159393191338	-0.081374168395996
0.0030122958123684	-0.52643138170242	-0.48386159539223	0.014589345082641	0.20481865108013	0.017134338617325	0.0025406470522285	0.085847854614258	-0.081390507519245
0.0037807358894497	-0.51878792047501	-0.5044931769371	0.014921419322491	0.20906299352646	0.016620486974716	0.0024845395237207	0.082931876182556	-0.081878714263439
0.0038196831010282	-0.51795732975006	-0.50670844316483	0.015004374086857	0.21027183532715	0.016583040356636	0.0024809706956148	0.082625851035118	-0.081906922161579
0.0046134828589857	-0.50644016265869	-0.52361452579498	0.015337178483605	0.21443182229996	0.015964597463608	0.0024286583065987	0.079795897006989	-0.082502886652946
0.0046595684252679	-0.50518983602524	-0.52542978525162	0.015420692972839	0.21562997996807	0.015911363065243	0.0024249330163002	0.079498097300529	-0.08254487067461
0.0054849795997143	-0.48996207118034	-0.53852099180222	0.015739977359772	0.21969839930534	0.015199139714241	0.002374061383307	0.076775386929512	-0.083236113190651
0.0063847107812762	-0.4697704911232	-0.54902577400208	0.016108177602291	0.2246807962656	0.014318816363811	0.0023207385092974	0.073921129107475	-0.084060966968536
0.0064353668130934	-0.46761304140091	-0.55015379190445	0.016210209578276	0.2260714173317	0.014252662658691	0.0023177629336715	0.07362188398838	-0.084130570292473
0.0072995973750949	-0.44581037759781	-0.55561232566833	0.016528092324734	0.2299085855484	0.013376489281654	0.0022717360407114	0.071164220571518	-0.084999784827232
0.0073625724762678	-0.44344818592072	-0.5561985373497	0.016601601615548	0.23105485737324	0.013282209634781	0.0022678291425109	0.070904269814491	-0.085075125098228
0.0082275327295065	-0.41894623637199	-0.55793416500092	0.016854856163263	0.23474207520485	0.012315034866333	0.0022257771342993	0.06860576570034	-0.0860236287117
0.0082894833758473	-0.41628992557526	-0.55812054872513	0.01692259311676	0.23589493334293	0.012212947010994	0.0022218776866794	0.068362727761269	-0.086107596755028
0.0091446246951818	-0.38956847786903	-0.55630034208298	0.017180761322379	0.23943829536438	0.011176079511642	0.0021830592304468	0.066236183047295	-0.087130695581436
0.0092050991952419	-0.38667151331902	-0.55610483884811	0.01724848896265	0.24058051407337	0.011064939200878	0.0021795788779855	0.066011011600494	-0.087223969399929
0.010040723718703	-0.35826164484024	-0.55092948675156	0.017493929713964	0.24395824968815	0.0099648162722588	0.0021440470591187	0.064070120453835	-0.088316664099693
0.010105712339282	-0.35518038272858	-0.55037373304367	0.017545633018017	0.2450837045908	0.009844109416008	0.0021406812593341	0.063863694667816	-0.088419556617737
0.010101902298629	-0.35489755868912	-0.55031406879425	0.017555240541697	0.24528056383133	0.0098608359694481	0.0021423893049359	0.063842907547951	-0.088436715304852
0.010907726362348	-0.32559391856194	-0.54207503795624	0.017756013199687	0.24829475581646	0.0086915493011475	0.0021093562245369	0.06211756169796	-0.089579373598099
0.010963606648147	-0.32240110635757	-0.54119038581848	0.017813134938478	0.24942183494568	0.0085533112287521	0.0021061971783638	0.061934217810631	-0.089686021208763
0.011718884110451	-0.29220581054688	-0.53004419803619	0.018059778958559	0.25245666503906	0.0073518380522728	0.0020760511979461	0.060401827096939	-0.090894587337971
0.011768810451031	-0.28893047571182	-0.52884751558304	0.018145658075809	0.25357750058174	0.0072174519300461	0.002074072137475	0.060238391160965	-0.091011814773083
0.012456910684705	-0.2585971057415	-0.51512205600739	0.018371665850282	0.25641503930092	0.0059792920947075	0.0020474018529058	0.058923929929733	-0.092270478606224
0.012496509589255	-0.25529995560646	-0.51364827156067	0.01844584569335	0.25751546025276	0.0058293640613556	0.0020464705303311	0.058783322572708	-0.092394277453423
0.013089898042381	-0.22528252005577	-0.49762126803398	0.01867744140327	0.26014152169228	0.004557378590107	0.0020244736224413	0.057695835828781	-0.093694165349007
0.013120839372277	-0.22201253473759	-0.49590036273003	0.018751006573439	0.2612244784832	0.0043945759534836	0.0020238729193807	0.057579189538956	-0.093822449445724
0.013610789552331	-0.19269709289074	-0.47784134745598	0.018975770100951	0.26363947987556	0.0030888319015503	0.0020060129463673	0.056725114583969	-0.095156379044056
0.014007088728249	-0.16150033473969	-0.45627254247665	0.019226312637329	0.26663652062416	0.0015677809715271	0.001990957185626	0.05602690577507	-0.096628628671169
0.01401118375361	-0.15813340246677	-0.45395681262016	0.019337126985192	0.26784527301788	0.0014003664255142	0.0019913772121072	0.055952906608582	-0.09678003937006
0.014217240735888	-0.13349217176437	-0.43219232559204	0.019436683505774	0.26900440454483	0.00053738802671432	0.0020144199952483	0.05585703253746	-0.098280027508736
0.014208000153303	-0.13053378462791	-0.42989042401314	0.019335780292749	0.2693587243557	0.00053910911083221	0.0020147487521172	0.055790185928345	-0.098460324108601
0.014325614087284	-0.10519416630268	-0.40780040621758	0.019332198426127	0.26917272806168	0.00054480135440826	0.0018991390243173	0.055551052093506	-0.099638506770134
0.013112008571625	-0.11258976906538	-0.39727407693863	0.019302602857351	0.26789459586143	0.00050923973321915	0.0017420072108507	0.057352304458618	-0.099457405507565
0.012951316311955	-0.11540222913027	-0.39578819274902	0.019251514226198	0.26753735542297	0.00050076097249985	0.0017778957262635	0.057812243700027	-0.099515423178673
0.011880656704307	-0.12607808411121	-0.3862986266613	0.019243687391281	0.26660406589508	0.00046266615390778	0.0017472933977842	0.059902161359787	-0.099300935864449
0.011811790056527	-0.12910616397858	-0.38495635986328	0.019348675385118	0.26658594608307	0.00045420974493027	0.0018216818571091	0.060384809970856	-0.099320314824581
0.010865269228816	-0.13798554241657	-0.37457126379013	0.019438549876213	0.26600283384323	0.00042209774255753	0.0018365560099483	0.062390685081482	-0.099291756749153
0.010761828161776	-0.14028356969357	-0.37320935726166	0.019531778991222	0.26616281270981	0.0004153847694397	0.0018618879839778	0.062781691551208	-0.099332898855209
0.009872218593955	-0.14798846840858	-0.36218678951263	0.01958960480988	0.26562434434891	0.0003865510225296	0.0018643233925104	0.064735591411591	-0.099304310977459
0.0097663626074791	-0.15006877481937	-0.36076763272285	0.019665600731969	0.26580494642258	0.00038038194179535	0.0019025737419724	0.065109640359879	-0.099343180656433
0.0089370533823967	-0.15692596137524	-0.3490677177906	0.01973232626915	0.26527428627014	0.00035344809293747	0.0019086487591267	0.06705704331398	-0.099313877522945
0.0088346358388662	-0.15891326963902	-0.34757575392723	0.019813321530819	0.26547110080719	0.0003475695848465	0.0019535627216101	0.067431181669235	-0.099348768591881
0.0080619631335139	-0.16483184695244	-0.3352310359478	0.019888509064913	0.2649601995945	0.00032952427864075	0.0019637867808342	0.069359362125397	-0.099319852888584
0.0072146626189351	-0.17222218215466	-0.32068812847137	0.01996685564518	0.26477149128914	0.00031986087560654	0.0020423801615834	0.071698069572449	-0.099349990487099
0.0071250954642892	-0.17384351789951	-0.31898581981659	0.020107604563236	0.26509261131287	0.00031790882349014	0.0021044025197625	0.072056114673615	-0.099359713494778
0.0071578593924642	-0.17326733469963	-0.31897288560867	0.020249851047993	0.26498174667358	0.0003194734454155	0.0020655635744333	0.071993052959442	-0.099320933222771
0.0064820288680494	-0.17789971828461	-0.30535295605659	0.020322030410171	0.26437294483185	0.00031333416700363	0.0020387321710587	0.073947042226791	-0.099306873977184
0.0057285246439278	-0.1839444488287	-0.28930699825287	0.020387925207615	0.2642323076725	0.0003068819642067	0.0021219728514552	0.076332062482834	-0.099336311221123
0.0056401039473712	-0.18542946875095	-0.28744149208069	0.020518399775028	0.26461553573608	0.00030548870563507	0.0021984130144119	0.076696455478668	-0.099341258406639
0.005061671603471	-0.18812189996243	-0.27247893810272	0.020672753453255	0.26413869857788	0.0003034770488739	0.0021716132760048	0.078604608774185	-0.099299155175686
0.0049854163080454	-0.18966588377953	-0.27063378691673	0.020773926749825	0.26441910862923	0.00030237436294556	0.0022143162786961	0.078978836536407	-0.099315613508224
0.004423713311553	-0.19182050228119	-0.25499311089516	0.020906077697873	0.26396110653877	0.00030124932527542	0.0022039636969566	0.080913543701172	-0.099284522235394
0.0043458589352667	-0.19331340491772	-0.25307339429855	0.021007781848311	0.26426726579666	0.00030051916837692	0.0022638235241175	0.081291735172272	-0.099297970533371
0.0038156022783369	-0.19471202790737	-0.23679688572884	0.021152749657631	0.26382714509964	0.00030077248811722	0.0022541433572769	0.083223134279251	-0.099266290664673
0.0032242140732706	-0.19724480807781	-0.21797673404217	0.021284148097038	0.26374623179436	0.00030173361301422	0.002328347414732	0.085575133562088	-0.09926313906908
0.0031572198495269	-0.19831314682961	-0.21581387519836	0.021419141441584	0.26419070363045	0.00030162930488586	0.0023911967873573	0.085932433605194	-0.099259667098522
0.0026943841949105	-0.19799003005028	-0.19830366969109	0.021596757695079	0.26376634836197	0.00030449032783508	0.0023583900183439	0.087827086448669	-0.099223263561726
0.0026359180919826	-0.19922687113285	-0.19618193805218	0.021702982485294	0.26410952210426	0.00030498206615448	0.0024038068950176	0.088203996419907	-0.099225744605064
0.0021826829761267	-0.19844803214073	-0.17800322175026	0.021861562505364	0.26371258497238	0.00030871480703354	0.002393925562501	0.090131253004074	-0.099195003509521
0.0021197127643973	-0.19966904819012	-0.17580369114876	0.02196498401463	0.26409709453583	0.00030934065580368	0.0024554301053286	0.09051638841629	-0.099193453788757
0.0017039126250893	-0.19808696210384	-0.15700459480286	0.02211607247591	0.26371905207634	0.00031447410583496	0.0024287030100822	0.092428028583527	-0.099167920649052
0.0016379310982302	-0.19923636317253	-0.15473824739456	0.022202953696251	0.26411697268486	0.00031538307666779	0.0024922098964453	0.092813938856125	-0.099161513149738
0.0012425319291651	-0.19693985581398	-0.13530541956425	0.022348526865244	0.2637554705143	0.00032179802656174	0.0024686343967915	0.094722658395767	-0.099137872457504
0.0011757437605411	-0.19802080094814	-0.13296957314014	0.022429615259171	0.26416897773743	0.00032298266887665	0.0025363061577082	0.09510937333107	-0.099128007888794
0.00079723150702193	-0.19500437378883	-0.11290191859007	0.02257788926363	0.26382300257683	0.00033056735992432	0.002515746280551	0.09701281785965	-0.099106624722481
0.00073376798536628	-0.19602292776108	-0.11049704253674	0.022659506648779	0.26424816250801	0.00033198297023773	0.0025826822966337	0.097401171922684	-0.099091701209545
0.00037239256198518	-0.19230559468269	-0.089787557721138	0.022805968299508	0.26391917467117	0.00034089386463165	0.0025620330125093	0.099301964044571	-0.099072478711605
-5.1712660933845e-05	-0.18947605788708	-0.066076464951038	0.022919539362192	0.26395547389984	0.00035290420055389	0.0026376824826002	0.10164859890938	-0.099037744104862
-0.00010808362276293	-0.1899848729372	-0.063382431864738	0.023023581132293	0.26451399922371	0.00035478919744492	0.0027048643678427	0.10201022028923	-0.099015608429909
-0.00042987396591343	-0.18454636633396	-0.04140405356884	0.023177068680525	0.26421344280243	0.00036793947219849	0.0026766583323479	0.10386282205582	-0.099006228148937
-0.00047724760952406	-0.18533807992935	-0.038792047649622	0.023258907720447	0.26466456055641	0.00037050992250443	0.0027256291359663	0.10425063967705	-0.098979353904724
-0.00079569494118914	-0.1795244961977	-0.016107421368361	0.023388139903545	0.26438960433006	0.00038526207208633	0.0027130302041769	0.10614103078842	-0.098969832062721
-0.00084262009477243	-0.18029198050499	-0.013417455367744	0.023461861535907	0.2648640871048	0.00038815289735794	0.0027654822915792	0.10653483867645	-0.098938494920731
-0.0011505738366395	-0.17375712096691	0.0099449325352907	0.023581109941006	0.26461231708527	0.00040406733751297	0.0027589537203312	0.10841810703278	-0.09893336892128
-0.001193483476527	-0.17444624006748	0.012705923989415	0.023652773350477	0.26509645581245	0.0004071369767189	0.0028064716607332	0.1088105738163	-0.098898150026798
-0.0014916455838829	-0.16720466315746	0.036765042692423	0.023758394643664	0.2648643553257	0.00042442232370377	0.0028062500059605	0.11068978905678	-0.098897434771061
-0.0018356832442805	-0.16065269708633	0.064221769571304	0.023840881884098	0.26498827338219	0.00044848024845123	0.0028806664049625	0.11303016543388	-0.098845221102238
-0.0018670627614483	-0.16069567203522	0.067306727170944	0.023932572454214	0.26558634638786	0.00045207142829895	0.0029247906059027	0.11338248848915	-0.098813198506832
-0.0021354930941015	-0.15163841843605	0.092787407338619	0.024052541702986	0.26538562774658	0.00047259032726288	0.0029151774942875	0.11520677804947	-0.098840102553368
-0.0021662500221282	-0.15206301212311	0.09576141834259	0.024126080796123	0.2658739387989	0.00048162043094635	0.0029432754963636	0.11559090018272	-0.098789848387241
-0.0024404355790466	-0.14266902208328	0.12204476445913	0.024217320606112	0.26569446921349	0.00051568448543549	0.0029564406722784	0.11745977401733	-0.098808087408543
-0.0024743643589318	-0.14299766719341	0.12508930265903	0.024307381361723	0.26619166135788	0.00052434951066971	0.0029831547290087	0.11784118413925	-0.09875725954771
-0.0027312533929944	-0.13290691375732	0.15216572582722	0.024407723918557	0.26602959632874	0.00056987255811691	0.0029905159026384	0.11970949172974	-0.098774053156376
-0.002757519017905	-0.13322046399117	0.15531741082668	0.024490857496858	0.26653569936752	0.00057883560657501	0.003017732873559	0.12009865045547	-0.098717652261257
-0.0030045208986849	-0.1223896369338	0.18322882056236	0.024568326771259	0.2663933634758	0.00062581896781921	0.003027182072401	0.12196505069733	-0.098740264773369
-0.0030303897801787	-0.12261909246445	0.18646602332592	0.024646332487464	0.26689940690994	0.00063472241163254	0.0030507054179907	0.12235268950462	-0.09867936372757
-0.0032748030498624	-0.11104702949524	0.215252622962	0.024704748764634	0.26677736639977	0.00068417936563492	0.0030668936669827	0.12421956658363	-0.098705045878887
-0.0035509143490344	-0.099753618240356	0.24808412790298	0.024749245494604	0.26698702573776	0.00074735283851624	0.0031190495938063	0.12655198574066	-0.09863343089819
-0.0035586387384683	-0.099167630076408	0.25172185897827	0.024867100641131	0.26758122444153	0.00075623765587807	0.0031353104859591	0.1268864274025	-0.098591960966587
-0.0037899587769061	-0.085737898945808	0.28239440917969	0.024893898516893	0.26748749613762	0.00080888345837593	0.0031630676239729	0.1287182867527	-0.098636880517006
-0.0037989094853401	-0.085649505257607	0.28591239452362	0.024984009563923	0.26798409223557	0.00081890076398849	0.0031518004834652	0.1290944814682	-0.098566822707653
-0.0040294360369444	-0.07174726575613	0.31765493750572	0.024967083707452	0.2679171860218	0.00087438523769379	0.0031986013054848	0.13097062706947	-0.098598793148994
-0.0040352921932936	-0.071567133069038	0.32128000259399	0.025049015879631	0.26841908693314	0.00088459998369217	0.003194147720933	0.13134479522705	-0.09852546453476
-0.0042556822299957	-0.056764706969261	0.35413557291031	0.025054197758436	0.26837849617004	0.00094212591648102	0.0032333135604858	0.13321763277054	-0.098562970757484
-0.0042599490843713	-0.056455485522747	0.35787189006805	0.025147616863251	0.26887983083725	0.0009525939822197	0.0032206512987614	0.13358592987061	-0.098488092422485
-0.0044853454455733	-0.040764283388853	0.39194139838219	0.025102686136961	0.26885378360748	0.0010124146938324	0.0032798014581203	0.13546359539032	-0.098525688052177
-0.0044830250553787	-0.040312577039003	0.39579823613167	0.02519846521318	0.26935091614723	0.0010229721665382	0.0032566618174314	0.13582506775856	-0.098450370132923
-0.0047032902948558	-0.023658154532313	0.4311842918396	0.025138113647699	0.26934251189232	0.0010851547122002	0.0033213775604963	0.13770604133606	-0.098489470779896
-0.0049266722053289	-0.0063841259106994	0.4717204272747	0.025103770196438	0.26962116360664	0.0011628568172455	0.0033759698271751	0.14002966880798	-0.098396465182304
-0.0049103740602732	-0.0049421512521803	0.47614502906799	0.025235015898943	0.27017116546631	0.0011727102100849	0.0033652372658253	0.14033162593842	-0.098355546593666
-0.0052209598943591	0.013444139622152	0.51455932855606	0.0252417139709	0.27004194259644	0.0012401789426804	0.0034158434718847	0.14227783679962	-0.098279669880867
-0.0052096834406257	0.014281499199569	0.51882702112198	0.025302320718765	0.27022051811218	0.0012508481740952	0.0033560171723366	0.14262863993645	-0.09815214574337
-0.0051297075115144	0.014822633937001	0.51921284198761	0.025324374437332	0.27027481794357	0.0012501701712608	0.0033119786530733	0.14260667562485	-0.098152935504913
-0.0053965756669641	0.033584885299206	0.55898612737656	0.025312419980764	0.26969572901726	0.0013166591525078	0.0032740291208029	0.14464741945267	-0.09775111079216
-0.0052423402667046	0.037340953946114	0.56333029270172	0.025183077901602	0.26981610059738	0.0013249255716801	0.0032743439078331	0.14472630620003	-0.098014540970325
-0.005132919177413	0.043739765882492	0.56344938278198	0.025007264688611	0.27012321352959	0.0013019591569901	0.0033837165683508	0.14409163594246	-0.09869284927845
-0.0053488640114665	0.022711750119925	0.53601133823395	0.025066751986742	0.27108955383301	0.0012855604290962	0.0034580696374178	0.14352649450302	-0.09792660176754
-0.0064791450276971	-7.9430174082518e-06	0.50617837905884	0.024771757423878	0.27328902482986	0.0012446604669094	0.0036877784878016	0.14257997274399	-0.097046755254269
-0.0082952603697777	-0.030716048553586	0.46478608250618	0.024328280240297	0.27629089355469	0.0023238137364388	0.0040205996483564	0.14158096909523	-0.095716089010239
-0.0085031241178513	-0.033950053155422	0.46034169197083	0.024177571758628	0.2772570848465	0.0024930164217949	0.0040464103221893	0.14147627353668	-0.095539934933186
-0.010936231352389	-0.063820585608482	0.42285668849945	0.023933278396726	0.27938997745514	0.0037881508469582	0.0043893828988075	0.14063212275505	-0.09421730786562
-0.011199934408069	-0.066976808011532	0.41883170604706	0.023837210610509	0.28010037541389	0.003985945135355	0.0044174399226904	0.1405440568924	-0.094050645828247
-0.014327914454043	-0.097668901085854	0.37891492247581	0.023497523739934	0.28243005275726	0.0052646324038506	0.0048514865338802	0.1394719183445	-0.092760525643826
-0.014650936238468	-0.10090233385563	0.37462890148163	0.023382406681776	0.28320440649986	0.0054713673889637	0.0048847869038582	0.13935872912407	-0.092596657574177
-0.018521018326283	-0.13213033974171	0.33262342214584	0.022968128323555	0.28576588630676	0.0067094191908836	0.0054080169647932	0.13805857300758	-0.09134965389967
-0.018965428695083	-0.13545368611813	0.32811290025711	0.022809058427811	0.28654834628105	0.0069143176078796	0.0054628718644381	0.13792458176613	-0.09118390083313
-0.023564420640469	-0.16694447398186	0.28442361950874	0.022375572472811	0.28927689790726	0.0080840885639191	0.0060722585767508	0.13640388846397	-0.089990012347698
-0.02406394854188	-0.17026978731155	0.27973264455795	0.022280592471361	0.29010701179504	0.0082840099930763	0.0061235912144184	0.13624307513237	-0.089834086596966
-0.02941376902163	-0.20172770321369	0.23475135862827	0.021775748580694	0.29304486513138	0.0093980059027672	0.0068129133433104	0.13451120257378	-0.088699333369732
-0.036079246550798	-0.23585298657417	0.18454334139824	0.021153073757887	0.29710820317268	0.010642781853676	0.0076345112174749	0.1324177980423	-0.087489478290081
-0.036777544766665	-0.2394902408123	0.17915236949921	0.02099009975791	0.29820275306702	0.010861843824387	0.0077053122222424	0.13219889998436	-0.087325267493725
-0.043743297457695	-0.27013382315636	0.13265140354633	0.020351773127913	0.30149528384209	0.011827878654003	0.008544921875	0.13007566332817	-0.086329877376556
-0.044488772749901	-0.27338773012161	0.12765853106976	0.020221438258886	0.30242013931274	0.012001931667328	0.0086198523640633	0.12985056638718	-0.086195103824139
-0.05230413004756	-0.30315342545509	0.081001050770283	0.019521567970514	0.30589228868484	0.012895524501801	0.0095271151512861	0.1275532245636	-0.085276588797569
-0.053137507289648	-0.30631342530251	0.075991109013557	0.019380137324333	0.30687969923019	0.013055521994829	0.0096081420779228	0.12731036543846	-0.085148461163044
-0.061839297413826	-0.33498641848564	0.02946549654007	0.018613770604134	0.31051734089851	0.013877559453249	0.010577626526356	0.12485226988792	-0.084311664104462
-0.062759131193161	-0.33803898096085	0.024469938129187	0.018450144678354	0.31154468655586	0.014042865484953	0.010664187371731	0.12459263205528	-0.084191836416721
-0.072397068142891	-0.36535277962685	-0.021595995873213	0.017597999423742	0.31532526016235	0.014771793037653	0.011693025007844	0.1219873726368	-0.083442866802216
-0.073414795100689	-0.36825624108315	-0.026542294770479	0.017423991113901	0.31637686491013	0.014915198087692	0.011785143986344	0.12171122431755	-0.083333805203438
-0.084015868604183	-0.39394864439964	-0.071826443076134	0.016532454639673	0.32028245925903	0.015542790293694	0.012864839285612	0.11897355318069	-0.082679435610771
-0.085142530500889	-0.39668089151382	-0.076688773930073	0.016361592337489	0.32135719060898	0.01567405462265	0.012963084504008	0.11868384480476	-0.082579873502254
-0.096734255552292	-0.42049625515938	-0.1208755299449	0.015440421178937	0.32538130879402	0.01621163636446	0.014084346592426	0.11583080887794	-0.082023449242115
-0.097960889339447	-0.42302933335304	-0.12562024593353	0.015237079933286	0.32648801803589	0.016335099935532	0.014186566695571	0.11552771925926	-0.081938147544861
-0.1105882152915	-0.44470217823982	-0.16839800775051	0.014227127656341	0.3306058049202	0.016778066754341	0.015346255153418	0.11257609724998	-0.081481643021107
-0.11192333698273	-0.4470040500164	-0.17299111187458	0.014021664857864	0.33173799514771	0.016878239810467	0.015451498329639	0.11226287484169	-0.081405900418758
-0.12560610473156	-0.46628302335739	-0.2140524238348	0.013005074113607	0.33594989776611	0.017224870622158	0.016638366505504	0.10923102498055	-0.081052266061306
-0.12704469263554	-0.46833086013794	-0.21846143901348	0.012801729142666	0.3371285200119	0.017309933900833	0.016744995489717	0.10890945792198	-0.080988593399525
-0.14181749522686	-0.48495349287987	-0.25750610232353	0.011715963482857	0.34140038490295	0.017556108534336	0.017951345071197	0.10581034421921	-0.080746226012707
-0.14338867366314	-0.48671418428421	-0.26169839501381	0.011506402865052	0.34242552518845	0.017608076334	0.018063420429826	0.1054762005806	-0.08070595562458
-0.14355984330177	-0.48693504929543	-0.2621485888958	0.011465663090348	0.34233170747757	0.017616532742977	0.01807208918035	0.10544502735138	-0.080704867839813
-0.15927311778069	-0.50051528215408	-0.29848110675812	0.010341007262468	0.34641417860985	0.017742738127708	0.019285380840302	0.10234120488167	-0.080557763576508
-0.16101749241352	-0.50194090604782	-0.30238229036331	0.010137159377337	0.34756729006767	0.01778731495142	0.019411319866776	0.10200515389442	-0.080523326992989
-0.17796032130718	-0.51260924339294	-0.33652144670486	0.0090185320004821	0.35204806923866	0.01783886551857	0.020630102604628	0.098851978778839	-0.080473057925701
-0.1798115670681	-0.51373535394669	-0.3401871919632	0.0088194292038679	0.3533288538456	0.017874449491501	0.020751509815454	0.098514884710312	-0.080447591841221
-0.1978594660759	-0.52113163471222	-0.37147557735443	0.0076924627646804	0.35775399208069	0.017813295125961	0.021968308836222	0.095346540212631	-0.080521360039711
-0.2187662422657	-0.52575224637985	-0.40266731381416	0.0064124297350645	0.3632353246212	0.017616078257561	0.023293441161513	0.091879814863205	-0.080689206719398
-0.24107757210732	-0.52663338184357	-0.43057805299759	0.0052169673144817	0.36875006556511	0.017301686108112	0.024620555341244	0.08841872215271	-0.08097467571497
-0.24347887933254	-0.52676635980606	-0.43357506394386	0.0049727633595467	0.36995610594749	0.017303809523582	0.024746611714363	0.088054865598679	-0.080990016460419
-0.24374809861183	-0.52683186531067	-0.43389672040939	0.0049449317157269	0.36986580491066	0.017307125031948	0.0247608050704	0.088021785020828	-0.080998040735722
-0.26474866271019	-0.52376300096512	-0.45505198836327	0.0039180628955364	0.3738559782505	0.016885101795197	0.025933347642422	0.084982991218567	-0.081379108130932
-0.2670473754406	-0.52339005470276	-0.4573235809803	0.003728523850441	0.37502750754356	0.016849853098392	0.026050673797727	0.084655195474625	-0.081403449177742
-0.28902903199196	-0.51687276363373	-0.47512164711952	0.0026513626798987	0.37929618358612	0.016354262828827	0.027188831940293	0.081663101911545	-0.081882387399673
-0.31385657191277	-0.50626873970032	-0.49094617366791	0.0014365063980222	0.38458707928658	0.015700548887253	0.028392966836691	0.078464657068253	-0.082500465214252
-0.31658747792244	-0.50513887405396	-0.49264526367188	0.0012031178921461	0.38595414161682	0.015661783516407	0.028514303267002	0.078121930360794	-0.082556910812855
-0.33981078863144	-0.49204617738724	-0.5030791759491	0.00022394536063075	0.3900274336338	0.014975644648075	0.02957021817565	0.075319826602936	-0.083243429660797
-0.34233841300011	-0.49060934782028	-0.50419956445694	3.1120143830776e-05	0.39116504788399	0.014898963272572	0.029673729091883	0.07501608133316	-0.083308391273022
-0.36581230163574	-0.47457450628281	-0.51094645261765	-0.00087534682825208	0.39513510465622	0.014114357531071	0.0306750908494	0.072342127561569	-0.084084302186966
-0.36836677789688	-0.47281831502914	-0.51167094707489	-0.0010607158765197	0.39628741145134	0.014026686549187	0.030773341655731	0.072052001953125	-0.084158979356289
-0.39184617996216	-0.454161465168	-0.51483869552612	-0.0019055660814047	0.40013962984085	0.013160198926926	0.031715713441372	0.069521725177765	-0.085020951926708
-0.3944019973278	-0.45212107896805	-0.51517868041992	-0.002082260325551	0.4012850522995	0.013061493635178	0.031808231025934	0.069246828556061	-0.085105642676353
-0.39468562602997	-0.45195466279984	-0.51521527767181	-0.0021091848611832	0.40137946605682	0.013075582683086	0.031818553805351	0.06922048330307	-0.085120961070061
-0.41759911179543	-0.43119370937347	-0.51491123437881	-0.0028406716883183	0.40489700436592	0.012113079428673	0.032685376703739	0.066874116659164	-0.086054183542728
-0.42009508609772	-0.42890986800194	-0.51487845182419	-0.0029994770884514	0.40605485439301	0.011998020112514	0.032770242542028	0.066617369651794	-0.086145401000977
-0.44262388348579	-0.40609738230705	-0.51134806871414	-0.0036959070712328	0.40963745117188	0.01098371297121	0.033578239381313	0.064423680305481	-0.087163142859936
-0.44507506489754	-0.40360501408577	-0.51096892356873	-0.0038563730195165	0.41077321767807	0.010866306722164	0.033657256513834	0.064184039831161	-0.087266035377979
-0.46659159660339	-0.37929058074951	-0.50439435243607	-0.0044727120548487	0.4141637980938	0.0097843185067177	0.034389887005091	0.062180519104004	-0.088354416191578
-0.46893221139908	-0.37663233280182	-0.5036883354187	-0.0046181138604879	0.4152777493	0.0096535906195641	0.034461256116629	0.061960339546204	-0.088465817272663
-0.48906102776527	-0.35118755698204	-0.49430519342422	-0.0051517523825169	0.41848522424698	0.0085102915763855	0.035115156322718	0.060160249471664	-0.0896175801754
-0.50937169790268	-0.3224316239357	-0.48146253824234	-0.0057107768952847	0.42246198654175	0.0071558207273483	0.035742845386267	0.058395087718964	-0.090926565229893
-0.51158261299133	-0.31933552026749	-0.48008364439011	-0.0058610066771507	0.42373123764992	0.0070236772298813	0.035804059356451	0.058201968669891	-0.091066971421242
-0.52784645557404	-0.29266303777695	-0.46582153439522	-0.0062960125505924	0.42655920982361	0.0058018714189529	0.036291915923357	0.056843549013138	-0.092326000332832
-0.52961659431458	-0.28974395990372	-0.46429008245468	-0.0064013600349426	0.42760899662971	0.0056414157152176	0.036338467150927	0.056690365076065	-0.092459969222546
-0.543412566185	-0.26292112469673	-0.44797790050507	-0.0067342575639486	0.43023446202278	0.0043740198016167	0.036739133298397	0.055567562580109	-0.09375736117363
-0.54492110013962	-0.25997886061668	-0.44622653722763	-0.0068239532411098	0.43128564953804	0.0041998773813248	0.036777812987566	0.055439174175262	-0.093894600868225
-0.55597573518753	-0.23325172066689	-0.42809194326401	-0.0070710815489292	0.43370333313942	0.0029008239507675	0.037089951336384	0.054558962583542	-0.095225274562836
-0.56513500213623	-0.20415937900543	-0.40662029385567	-0.0072748810052872	0.43674263358116	0.0013765916228294	0.037338931113482	0.053831726312637	-0.096701018512249
-0.57078158855438	-0.1776355355978	-0.383081138134	-0.0073565728962421	0.43871292471886	0.00038158148527145	0.037419464439154	0.053758263587952	-0.098303161561489
-0.57290834188461	-0.15215358138084	-0.35873445868492	-0.0073901489377022	0.43944263458252	0.00038114935159683	0.037506755441427	0.053759932518005	-0.099735341966152
