0	0	0	-0.19687271118164	-1.3139753341675	0.0017929002642632	0.00016450881958008	0.089160442352295	-0.11110711097717
0.10707260668278	-0.14092242717743	0.038636699318886	-0.20348201692104	-1.3415265083313	0.0026895254850388	-0.01105535030365	0.10775035619736	-0.10107097029686
0.26881328225136	-0.10683664679527	0.247693836689	-0.20717914402485	-1.3711160421371	0.0017199106514454	-0.031198501586914	0.12291610240936	-0.098663747310638
0.28994962573051	-0.13055139780045	0.24845078587532	-0.20623362064362	-1.3800110816956	0.0036494433879852	-0.036808729171753	0.12402611970901	-0.096137896180153
0.28795740008354	-0.1535536646843	0.22447863221169	-0.20649068057537	-1.3796269893646	0.0048448368906975	-0.036571025848389	0.12375283241272	-0.094748631119728
0.28297725319862	-0.1768784224987	0.1968652009964	-0.20678362250328	-1.3771226406097	0.0060904920101166	-0.035710334777832	0.12330609560013	-0.09352221339941
0.27708080410957	-0.20041006803513	0.16801516711712	-0.20698492228985	-1.3741787672043	0.0072789192199707	-0.034739851951599	0.12275046110153	-0.092346630990505
0.27030563354492	-0.22394287586212	0.13833232223988	-0.20714078843594	-1.3710796833038	0.0083663016557693	-0.033653259277344	0.12209105491638	-0.09123557806015
0.26259437203407	-0.2474018484354	0.10800743103027	-0.20729909837246	-1.3678632974625	0.0094433911144733	-0.032440185546875	0.12135171890259	-0.090150482952595
0.25391283631325	-0.27065297961235	0.077210836112499	-0.20745794475079	-1.3644936084747	0.010478377342224	-0.031098008155823	0.12053442001343	-0.089104935526848
0.24424731731415	-0.2935651242733	0.046110395342112	-0.20762254297733	-1.3609595298767	0.011466670781374	-0.029631614685059	0.11964070796967	-0.088105693459511
0.233582213521	-0.31604295969009	0.014875035732985	-0.20780283212662	-1.3572696447372	0.012434028089046	-0.028045773506165	0.11868077516556	-0.087142251431942
0.22190447151661	-0.33791169524193	-0.016325721517205	-0.20799221098423	-1.3534271717072	0.013325266540051	-0.026346921920776	0.11764591932297	-0.086244016885757
0.2092103511095	-0.3590692281723	-0.047323785722256	-0.20818421244621	-1.3494426012039	0.014161743223667	-0.024544715881348	0.11654478311539	-0.085404574871063
0.19547557830811	-0.37939083576202	-0.077951557934284	-0.20836955308914	-1.3453283309937	0.014925174415112	-0.022641658782959	0.1153815984726	-0.084626115858555
0.18071517348289	-0.39874687790871	-0.10804319381714	-0.20842236280441	-1.3412485122681	0.015615455806255	-0.020651936531067	0.11415839195251	-0.083920158445835
0.16491512954235	-0.41704577207565	-0.1374339312315	-0.20843064785004	-1.3370968103409	0.016260027885437	-0.018580436706543	0.11288768053055	-0.083270393311977
0.1480538547039	-0.43414840102196	-0.16596230864525	-0.20843285322189	-1.3328576087952	0.016832485795021	-0.016428470611572	0.11156964302063	-0.082689374685287
0.13016028702259	-0.44995266199112	-0.19347022473812	-0.20846500992775	-1.328528046608	0.017338030040264	-0.014211654663086	0.11021107435226	-0.082180038094521
0.11123605817556	-0.46434530615807	-0.2198052406311	-0.20849996805191	-1.324101805687	0.01777545362711	-0.011934757232666	0.10881626605988	-0.081742584705353
0.09130884706974	-0.47722351551056	-0.24481941759586	-0.20851919054985	-1.3195979595184	0.018136084079742	-0.0096086263656616	0.10739052295685	-0.081380397081375
0.070412032306194	-0.4884957075119	-0.26837247610092	-0.20853450894356	-1.315043926239	0.018420837819576	-0.0072429180145264	0.10593926906586	-0.081094577908516
0.048586368560791	-0.49808093905449	-0.29033374786377	-0.20855143666267	-1.3104515075684	0.018629841506481	-0.0048466920852661	0.10446804761887	-0.080886252224445
0.025885278359056	-0.50590717792511	-0.31058174371719	-0.20857000350952	-1.3058276176453	0.018761806190014	-0.0024288892745972	0.10298252105713	-0.08075624704361
0.0023738844320178	-0.51191890239716	-0.32900816202164	-0.20859163999557	-1.3011844158173	0.018816374242306	7.1525573730469e-07	0.10148894786835	-0.080705113708973
-0.021861860528588	-0.51607376337051	-0.34551793336868	-0.20861226320267	-1.296532869339	0.018792256712914	0.0024328231811523	0.099992752075195	-0.080732978880405
-0.046730443835258	-0.518345952034	-0.36003139615059	-0.20863306522369	-1.2918796539307	0.018689148128033	0.0048571228981018	0.098499417304993	-0.080840036273003
-0.072121575474739	-0.51872718334198	-0.37248608469963	-0.20865322649479	-1.2872333526611	0.018508240580559	0.0072647929191589	0.097014963626862	-0.081025667488575
-0.097912229597569	-0.51722836494446	-0.38283824920654	-0.20867323875427	-1.2826099395752	0.018249973654747	0.0096455216407776	0.095545709133148	-0.081289350986481
-0.12396197021008	-0.51387679576874	-0.39106202125549	-0.20869114995003	-1.2780249118805	0.017917618155479	0.011989951133728	0.094097077846527	-0.081629559397697
-0.1501252502203	-0.50871586799622	-0.39715039730072	-0.20870894193649	-1.2734866142273	0.017510443925858	0.014288306236267	0.092674851417542	-0.082045197486877
-0.17624759674072	-0.50181221961975	-0.40111666917801	-0.20872700214386	-1.2690109014511	0.01704266667366	0.016532480716705	0.091286301612854	-0.082530617713928
-0.20215402543545	-0.49322313070297	-0.4029923081398	-0.2087437659502	-1.2646051645279	0.016495771706104	0.018711626529694	0.089932680130005	-0.08309431374073
-0.22768402099609	-0.48304870724678	-0.40282636880875	-0.20876848697662	-1.2602726221085	0.015891939401627	0.020818471908569	0.088623285293579	-0.083724990487099
-0.25266346335411	-0.47138020396233	-0.4006829559803	-0.20878954231739	-1.2560218572617	0.015217512845993	0.022844612598419	0.087362408638	-0.084422715008259
-0.27691900730133	-0.45831990242004	-0.39664232730865	-0.20880754292011	-1.2518669366837	0.014477975666523	0.024781286716461	0.08615517616272	-0.085184708237648
-0.30028402805328	-0.44397523999214	-0.39079529047012	-0.2088251709938	-1.2478176355362	0.013678058981895	0.02662068605423	0.085006237030029	-0.086007922887802
-0.32259678840637	-0.42845672369003	-0.38324376940727	-0.20884069800377	-1.2438840866089	0.012820370495319	0.028355956077576	0.083920896053314	-0.086888767778873
-0.34370523691177	-0.41187524795532	-0.37409740686417	-0.20885355770588	-1.240074634552	0.011907689273357	0.029979467391968	0.082903027534485	-0.08782434463501
-0.36346718668938	-0.39434111118317	-0.36347043514252	-0.20886468887329	-1.2363967895508	0.010944612324238	0.031485438346863	0.081957638263702	-0.088810332119465
-0.38175255060196	-0.37596341967583	-0.35148194432259	-0.20887385308743	-1.2328575849533	0.009934589266777	0.032867431640625	0.081087827682495	-0.089843310415745
-0.39844316244125	-0.3568486571312	-0.33825159072876	-0.20888112485409	-1.2294634580612	0.0088821351528168	0.034120559692383	0.080297529697418	-0.090918742120266
-0.41343611478806	-0.33709907531738	-0.32389831542969	-0.20888623595238	-1.2262208461761	0.0077913552522659	0.035239934921265	0.079590201377869	-0.092032723128796
-0.42663949728012	-0.316814661026	-0.30854043364525	-0.20888911187649	-1.223135471344	0.0066667497158051	0.03622031211853	0.078968822956085	-0.093180648982525
-0.43792170286179	-0.29602837562561	-0.29229143261909	-0.20885366201401	-1.2202482223511	0.0054537206888199	0.037056624889374	0.078409671783447	-0.094413936138153
-0.44728043675423	-0.27492186427116	-0.27526181936264	-0.2087837010622	-1.217978477478	0.0041106790304184	0.03774356842041	0.077950716018677	-0.095652557909489
-0.45466125011444	-0.25360038876534	-0.25755509734154	-0.2086887806654	-1.2163939476013	0.002799928188324	0.038277626037598	0.07760351896286	-0.096877969801426
-0.45991626381874	-0.23212963342667	-0.23927010595798	-0.20854261517525	-1.2150877714157	0.0014101341366768	0.038628697395325	0.077368557453156	-0.098104305565357
-0.46275952458382	-0.21081878244877	-0.2204392850399	-0.20838205516338	-1.2142300605774	0.00034910440444946	0.038595497608185	0.077422380447388	-0.099232457578182
-0.46340835094452	-0.19077230989933	-0.20137195289135	-0.20866675674915	-1.2138561010361	0.00034929066896439	0.038695991039276	0.077855050563812	-0.099693857133389
-0.44529289007187	-0.19071358442307	-0.19790448248386	-0.20926116406918	-1.2143279314041	0.00035257637500763	0.038127839565277	0.079070031642914	-0.098903745412827
-0.42467519640923	-0.19236159324646	-0.19562174379826	-0.20978337526321	-1.2149900197983	0.00035503506660461	0.036978662014008	0.080383598804474	-0.098514750599861
-0.40361326932907	-0.19364601373672	-0.19322499632835	-0.21004010736942	-1.2155066728592	0.00035670399665833	0.035496056079865	0.081669211387634	-0.098228387534618
-0.38278755545616	-0.19414342939854	-0.1905215382576	-0.21011056005955	-1.2157977819443	0.00035814940929413	0.033863544464111	0.082789361476898	-0.098181046545506
-0.36225914955139	-0.19425408542156	-0.18752044439316	-0.21010680496693	-1.2159969806671	0.00035949796438217	0.032251298427582	0.083803832530975	-0.09818159788847
-0.34194710850716	-0.19428460299969	-0.18419170379639	-0.21009482443333	-1.2162002325058	0.00036077946424484	0.030674040317535	0.084791839122772	-0.098185494542122
-0.32184308767319	-0.19424611330032	-0.18052577972412	-0.21007749438286	-1.2164145708084	0.0003625750541687	0.029116213321686	0.085763156414032	-0.098193928599358
-0.30191224813461	-0.1942108720541	-0.17650672793388	-0.21006119251251	-1.2166509628296	0.00036436319351196	0.027549564838409	0.086743414402008	-0.098200902342796
-0.28218540549278	-0.19414484500885	-0.17214053869247	-0.21003964543343	-1.2168967723846	0.00036633759737015	0.025980532169342	0.087725341320038	-0.098206654191017
-0.2626858651638	-0.19403494894505	-0.16742689907551	-0.21001404523849	-1.2171632051468	0.00036869943141937	0.024418473243713	0.088704586029053	-0.098210878670216
-0.24340502917767	-0.19387501478195	-0.16236412525177	-0.20998357236385	-1.2174382209778	0.00037116557359695	0.022849142551422	0.089685380458832	-0.098213590681553
-0.22460716962814	-0.19352231919765	-0.15694890916348	-0.20996585488319	-1.2177549600601	0.0003739669919014	0.021388292312622	0.090613484382629	-0.098251156508923
-0.20584365725517	-0.19324307143688	-0.1511973887682	-0.210020840168	-1.2182558774948	0.00037695467472076	0.019871890544891	0.091592848300934	-0.09824250638485
-0.18718774616718	-0.19282974302769	-0.1450729072094	-0.21002684533596	-1.2185550928116	0.00038014352321625	0.018194854259491	0.092579543590546	-0.098254680633545
-0.168929874897	-0.19238175451756	-0.13860812783241	-0.2100889980793	-1.2189636230469	0.00038361549377441	0.016654133796692	0.093555331230164	-0.098238930106163
-0.15085473656654	-0.19178305566311	-0.13176700472832	-0.21010732650757	-1.2192158699036	0.00038731098175049	0.015009045600891	0.094529449939728	-0.098248586058617
-0.13311985135078	-0.19116568565369	-0.12457770854235	-0.21018926799297	-1.2195694446564	0.00039161741733551	0.013466954231262	0.095511376857758	-0.098223328590393
-0.11559471487999	-0.19039687514305	-0.11701758205891	-0.21027185022831	-1.2198668718338	0.00039597600698471	0.0118408203125	0.096489071846008	-0.098218992352486
-0.098382547497749	-0.18948894739151	-0.1090968772769	-0.21037325263023	-1.2201154232025	0.00040075182914734	0.010227680206299	0.097459316253662	-0.098210252821445
-0.081472143530846	-0.18845888972282	-0.10080287605524	-0.21047826111317	-1.2203369140625	0.00040587782859802	0.0086309909820557	0.098427295684814	-0.098203271627426
-0.064912788569927	-0.1872141212225	-0.092146530747414	-0.21057602763176	-1.2205106019974	0.00041092187166214	0.0070460438728333	0.099379241466522	-0.098203167319298
-0.048590704798698	-0.18578298389912	-0.08311977237463	-0.21057789027691	-1.2206817865372	0.00041680037975311	0.0054386258125305	0.10031789541245	-0.098209261894226
-0.032554052770138	-0.18429386615753	-0.073704160749912	-0.21058562397957	-1.2208510637283	0.00042296200990677	0.0038464069366455	0.10127514600754	-0.098205924034119
-0.016806226223707	-0.18267001211643	-0.06390505284071	-0.21060039103031	-1.2210150957108	0.00042952597141266	0.0022554397583008	0.10223716497421	-0.098197869956493
-0.0013496237806976	-0.18089646100998	-0.053720459342003	-0.21061529219151	-1.2211726903915	0.0004367008805275	0.00066530704498291	0.10320270061493	-0.098186515271664
0.01381937135011	-0.17894716560841	-0.043146319687366	-0.21062628924847	-1.2213225364685	0.00044430047273636	-0.00092399120330811	0.10416746139526	-0.09817711263895
0.028671715408564	-0.17685480415821	-0.032191209495068	-0.21064795553684	-1.2214877605438	0.00045236945152283	-0.0024889707565308	0.10514682531357	-0.098133608698845
0.043276123702526	-0.17461648583412	-0.020829562097788	-0.21064975857735	-1.2216473817825	0.00046084821224213	-0.0040793418884277	0.10613059997559	-0.098098412156105
0.057609599083662	-0.17210164666176	-0.0090680168941617	-0.21063601970673	-1.2217812538147	0.00046971440315247	-0.0056798458099365	0.10709488391876	-0.098092310130596
0.071623407304287	-0.16936492919922	0.0030867208261043	-0.21062280237675	-1.2219016551971	0.00047904998064041	-0.0072617530822754	0.10805702209473	-0.098077788949013
0.085351310670376	-0.16639296710491	0.01564390771091	-0.21060757339001	-1.2220174074173	0.00048889964818954	-0.0088365077972412	0.10901689529419	-0.098064929246902
0.098804570734501	-0.16321356594563	0.028611468151212	-0.21059256792068	-1.2221240997314	0.00049936026334763	-0.010411739349365	0.10998088121414	-0.098044045269489
0.11199010163546	-0.15984164178371	0.04199643060565	-0.21059286594391	-1.2222186326981	0.00051046162843704	-0.011986911296844	0.11095291376114	-0.09801672399044
0.12486907839775	-0.15624925494194	0.055805142968893	-0.21067768335342	-1.2222527265549	0.00052205473184586	-0.013541877269745	0.11193454265594	-0.097985029220581
0.13751226663589	-0.15236732363701	0.070038981735706	-0.21074548363686	-1.2222783565521	0.00053427368402481	-0.015114367008209	0.1129042506218	-0.097956836223602
0.14990484714508	-0.1482695043087	0.084707915782928	-0.21080499887466	-1.2222944498062	0.00054702162742615	-0.016693711280823	0.11388063430786	-0.097914628684521
0.16205951571465	-0.14387567341328	0.099817045032978	-0.21085268259048	-1.2222927808762	0.00056015700101852	-0.018281698226929	0.11484849452972	-0.097881801426411
0.17392814159393	-0.1392053514719	0.11537298560143	-0.21089446544647	-1.2222756147385	0.00057408213615417	-0.01984828710556	0.11581915616989	-0.097845643758774
0.18556325137615	-0.13425898551941	0.13138665258884	-0.21089744567871	-1.2222496271133	0.00058868527412415	-0.021419405937195	0.11679071187973	-0.097810819745064
0.19697912037373	-0.12898676097393	0.14785872399807	-0.21090632677078	-1.2222062349319	0.00060386955738068	-0.023006618022919	0.11775207519531	-0.097778253257275
0.20813970267773	-0.1234193071723	0.16480496525764	-0.21091449260712	-1.2221471071243	0.00061976909637451	-0.024583578109741	0.11871629953384	-0.097742266952991
0.21907280385494	-0.11753234267235	0.18223465979099	-0.21091789007187	-1.2220690250397	0.00063646584749222	-0.026160836219788	0.11967784166336	-0.09770829230547
0.22979275882244	-0.11128278076649	0.20014874637127	-0.21091800928116	-1.2219660282135	0.00064991414546967	-0.027740895748138	0.12063032388687	-0.097677417099476
0.24028006196022	-0.1047395542264	0.21858158707619	-0.21092633903027	-1.2218519449234	0.00067301467061043	-0.029321849346161	0.12159049510956	-0.097638554871082
0.25054767727852	-0.097849182784557	0.23753248155117	-0.21094332635403	-1.2217202186584	0.00069943815469742	-0.030900597572327	0.1225500702858	-0.097596913576126
0.26059004664421	-0.090626664459705	0.25703072547913	-0.21099160611629	-1.2215621471405	0.00072682648897171	-0.032475233078003	0.12351626157761	-0.097551070153713
0.27043226361275	-0.083038061857224	0.27708494663239	-0.21104252338409	-1.2213867902756	0.0007551908493042	-0.034055948257446	0.12448042631149	-0.097503021359444
0.28007704019547	-0.075071267783642	0.29771038889885	-0.21110033988953	-1.2211985588074	0.00078462809324265	-0.035641431808472	0.12544357776642	-0.097449004650116
0.29660615324974	-0.053837917745113	0.33795619010925	-0.21113967895508	-1.2213107347488	0.00082418322563171	-0.038059115409851	0.1263906955719	-0.098634742200375
0.2985845208168	-0.050870787352324	0.34219440817833	-0.21112434566021	-1.2212879657745	0.00082570314407349	-0.038394093513489	0.1262566447258	-0.098952509462833
0.29875510931015	-0.050496552139521	0.34262976050377	-0.21119754016399	-1.221333861351	0.00082565099000931	-0.038385033607483	0.12624359130859	-0.09898292273283
0.2988106906414	-0.050490263849497	0.34268197417259	-0.21125270426273	-1.2213633060455	0.00082577392458916	-0.038402855396271	0.12624329328537	-0.098983585834503
0.29886695742607	-0.050522185862064	0.34269306063652	-0.21130186319351	-1.2213728427887	0.00082575529813766	-0.038432121276855	0.126240670681	-0.098979718983173
0.29891857504845	-0.050551541149616	0.34269842505455	-0.21135310828686	-1.2213661670685	0.00082589313387871	-0.038460195064545	0.12623620033264	-0.098975658416748
0.29905152320862	-0.050606291741133	0.3427007496357	-0.21139606833458	-1.2213826179504	0.00082647055387497	-0.038506329059601	0.12623226642609	-0.098967187106609
0.29916024208069	-0.050655528903008	0.34270280599594	-0.2114183306694	-1.2214395999908	0.00082670897245407	-0.038546085357666	0.12622892856598	-0.098957605659962
0.29921078681946	-0.050674051046371	0.34270459413528	-0.21144244074821	-1.2214784622192	0.0008266344666481	-0.038572788238525	0.12622290849686	-0.098953932523727
0.29923990368843	-0.050680562853813	0.3427052795887	-0.21146915853024	-1.2215087413788	0.00082670152187347	-0.038589119911194	0.12621784210205	-0.09895197302103
0.29925674200058	-0.050683576613665	0.34270560741425	-0.21149833500385	-1.2215349674225	0.00082673132419586	-0.038598895072937	0.12621456384659	-0.098950892686844
0.29926723241806	-0.050684485584497	0.3427055478096	-0.21152929961681	-1.2215592861176	0.00082686170935631	-0.038604974746704	0.12621229887009	-0.098950028419495
0.29927211999893	-0.050684783607721	0.34270536899567	-0.21156246960163	-1.2215812206268	0.00082675367593765	-0.038608312606812	0.12621057033539	-0.098949767649174
0.29927489161491	-0.050685074180365	0.3427052795887	-0.21159718930721	-1.2216020822525	0.000826645642519	-0.038610279560089	0.12621009349823	-0.09894972294569
0.29927626252174	-0.050685383379459	0.34270539879799	-0.21163207292557	-1.2216218709946	0.0008266419172287	-0.03861129283905	0.12620949745178	-0.098949767649174
0.29927715659142	-0.05068589001894	0.3427055478096	-0.21166716516018	-1.2216410636902	0.00082668662071228	-0.038611769676208	0.1262099146843	-0.098949603736401
0.2992787361145	-0.05068650841713	0.34270599484444	-0.21170131862164	-1.2216601371765	0.00082678347826004	-0.038611948490143	0.12620949745178	-0.098949484527111
0.29927876591682	-0.050686109811068	0.34270578622818	-0.21173603832722	-1.221678853035	0.00082668662071228	-0.038612067699432	0.12620967626572	-0.09894971549511
0.29927995800972	-0.050686128437519	0.34270593523979	-0.21177041530609	-1.2216974496841	0.00082669779658318	-0.03861266374588	0.1262092590332	-0.098949611186981
0.29928004741669	-0.050686106085777	0.34270587563515	-0.21180504560471	-1.2217154502869	0.00082686170935631	-0.038612961769104	0.12620902061462	-0.098949640989304
0.29927942156792	-0.050685942173004	0.34270572662354	-0.21184051036835	-1.2217326164246	0.00082666799426079	-0.038612842559814	0.12620890140533	-0.09894971549511
0.29927831888199	-0.050686035305262	0.34270590543747	-0.21187630295753	-1.2217493057251	0.00082660838961601	-0.038612842559814	0.12620908021927	-0.09894984215498
0.29927808046341	-0.050685223191977	0.34270557761192	-0.21191272139549	-1.2217656373978	0.00082677230238914	-0.038613080978394	0.12620866298676	-0.098949797451496
0.29927849769592	-0.050684653222561	0.34270560741425	-0.21194963157177	-1.2217820882797	0.0008266493678093	-0.038613557815552	0.12620824575424	-0.098950013518333
0.29927843809128	-0.050683584064245	0.34270542860031	-0.2119876742363	-1.2217985391617	0.00082674622535706	-0.03861391544342	0.12620800733566	-0.098949901759624
0.29927626252174	-0.050683330744505	0.34270536899567	-0.21202650666237	-1.221813082695	0.00082675740122795	-0.038613021373749	0.12620788812637	-0.098949909210205
0.29927602410316	-0.050683636218309	0.34270551800728	-0.21206539869308	-1.2218278646469	0.0008266307413578	-0.038613200187683	0.12620800733566	-0.098950147628784
0.29927554726601	-0.050683334469795	0.34270566701889	-0.21210423111916	-1.2218418121338	0.00082666799426079	-0.038612544536591	0.12620800733566	-0.098950192332268
0.29927590489388	-0.050683066248894	0.34270551800728	-0.21214264631271	-1.2218563556671	0.00082670897245407	-0.038613080978394	0.1262081861496	-0.098950326442719
0.299276471138	-0.050682887434959	0.34270548820496	-0.21218152344227	-1.2218707799911	0.00082668662071228	-0.038613557815552	0.12620782852173	-0.09895034134388
0.29927757382393	-0.050682794302702	0.34270545840263	-0.21222031116486	-1.2218859195709	0.00082661956548691	-0.038613855838776	0.12620788812637	-0.098950311541557
0.29927676916122	-0.050682861357927	0.3427055478096	-0.21225944161415	-1.2219001054764	0.00082675740122795	-0.03861403465271	0.12620800733566	-0.098950110375881
0.29927587509155	-0.050682730972767	0.34270551800728	-0.21229887008667	-1.2219138145447	0.00082668662071228	-0.038613796234131	0.12620788812637	-0.098950326442719
0.2992756664753	-0.050682593137026	0.34270545840263	-0.21233879029751	-1.2219271659851	0.00082661211490631	-0.038613259792328	0.12620770931244	-0.09895034879446
0.29927489161491	-0.050682585686445	0.34270545840263	-0.21237863600254	-1.2219405174255	0.00082670897245407	-0.038613080978394	0.12620794773102	-0.098950333893299
0.29927378892899	-0.050682704895735	0.3427055478096	-0.21241798996925	-1.2219533920288	0.00082674622535706	-0.038612425327301	0.12620794773102	-0.098950423300266
0.29927289485931	-0.050682622939348	0.34270557761192	-0.21245768666267	-1.2219665050507	0.0008266381919384	-0.038612365722656	0.12620848417282	-0.098950386047363
0.29927325248718	-0.050682086497545	0.34270545840263	-0.21249775588512	-1.2219797372818	0.00082676857709885	-0.038612842559814	0.1262081861496	-0.098950490355492
0.29911848902702	-0.066835924983025	0.32370379567146	-0.21192322671413	-1.2212545871735	0.00081586837768555	-0.038679957389832	0.12545734643936	-0.098805114626884
0.29734808206558	-0.085319899022579	0.30121245980263	-0.21168595552444	-1.2197942733765	0.0010386407375336	-0.038151860237122	0.12465935945511	-0.098449029028416
0.29476517438889	-0.1072873622179	0.27712491154671	-0.21197333931923	-1.2182319164276	0.0024613998830318	-0.037618160247803	0.12442547082901	-0.097263760864735
0.29183840751648	-0.13033130764961	0.25161057710648	-0.21208764612675	-1.2160782814026	0.0037412047386169	-0.03716766834259	0.12417995929718	-0.095925219357014
0.28781577944756	-0.15348273515701	0.22481808066368	-0.21217392385006	-1.2133785486221	0.0049371309578419	-0.036494672298431	0.12379902601242	-0.094696581363678
0.28291499614716	-0.17687055468559	0.1969016045332	-0.21226693689823	-1.2105699777603	0.0060911923646927	-0.035689890384674	0.12331873178482	-0.093506813049316
0.27710247039795	-0.20042209327221	0.16801899671555	-0.21236343681812	-1.2076807022095	0.0072540119290352	-0.034749507904053	0.12275302410126	-0.092342361807823
0.27035546302795	-0.223961353302	0.13833278417587	-0.21244242787361	-1.2046411037445	0.0083426758646965	-0.03367292881012	0.12209153175354	-0.091229401528835
0.262640863657	-0.24740467965603	0.10800751298666	-0.21252766251564	-1.2014387845993	0.0094069391489029	-0.03245735168457	0.12134802341461	-0.090153783559799
0.25396218895912	-0.27066493034363	0.077210977673531	-0.21260194480419	-1.1981160640717	0.01045273244381	-0.031115889549255	0.12053316831589	-0.089103452861309
0.24430070817471	-0.29357272386551	0.046110518276691	-0.21268804371357	-1.1946219205856	0.011435464024544	-0.029650092124939	0.11963737010956	-0.088106445968151
0.23363399505615	-0.31605154275894	0.014875335618854	-0.21278768777847	-1.1909729242325	0.012412812560797	-0.028063952922821	0.11867940425873	-0.087139718234539
0.22195145487785	-0.33791357278824	-0.016325395554304	-0.21286384761333	-1.187192440033	0.013301007449627	-0.026363372802734	0.11764252185822	-0.086246855556965
0.20925879478455	-0.35906118154526	-0.047323815524578	-0.21293444931507	-1.1833019256592	0.01412333548069	-0.024560451507568	0.11653965711594	-0.085409194231033
0.19555599987507	-0.37937900424004	-0.077951855957508	-0.21302185952663	-1.1792838573456	0.0148795992136	-0.022667348384857	0.11537355184555	-0.084636867046356
0.18077263236046	-0.39874902367592	-0.10804311186075	-0.21312898397446	-1.1750935316086	0.015597574412823	-0.020670235157013	0.1141551733017	-0.083921000361443
0.16495577991009	-0.41704717278481	-0.13743396103382	-0.21322700381279	-1.1707947254181	0.016246944665909	-0.018592834472656	0.11288547515869	-0.083270043134689
0.14809967577457	-0.43415147066116	-0.16596210002899	-0.21334280073643	-1.1664159297943	0.016827240586281	-0.016443133354187	0.11156857013702	-0.082688800990582
0.13020248711109	-0.44995731115341	-0.19347018003464	-0.21349903941154	-1.1619699001312	0.017341420054436	-0.014225006103516	0.11021155118942	-0.082177795469761
0.11128304898739	-0.46434932947159	-0.21980503201485	-0.21363703906536	-1.1574382781982	0.017780870199203	-0.011949479579926	0.10881686210632	-0.081740319728851
0.091351382434368	-0.47723197937012	-0.24481926858425	-0.21372839808464	-1.152831196785	0.018141277134418	-0.0096210837364197	0.10739237070084	-0.081377044320107
0.070461824536324	-0.48850235342979	-0.26837256550789	-0.21376851201057	-1.1481626033783	0.018423326313496	-0.0072575807571411	0.10594004392624	-0.08109088242054
0.04863765835762	-0.49808686971664	-0.29033377766609	-0.21381644904613	-1.1434520483017	0.018631808459759	-0.0048613548278809	0.10446900129318	-0.080882236361504
0.025935417041183	-0.50591289997101	-0.31058192253113	-0.21386870741844	-1.1387087106705	0.018764294683933	-0.0024434328079224	0.10298371315002	-0.080752156674862
0.0024235628079623	-0.51192384958267	-0.3290079832077	-0.21392203867435	-1.1339464187622	0.018819436430931	-1.2874603271484e-05	0.10149013996124	-0.08070082962513
-0.021812302991748	-0.51607817411423	-0.34551775455475	-0.21397115290165	-1.1291769742966	0.018795751035213	0.0024189949035645	0.099994122982025	-0.080728739500046
-0.046680517494678	-0.51835012435913	-0.36003163456917	-0.21401798725128	-1.1244044303894	0.018693029880524	0.0048433542251587	0.098501205444336	-0.080835834145546
-0.072072952985764	-0.51873034238815	-0.37248641252518	-0.2140611410141	-1.119641661644	0.018512569367886	0.0072511434555054	0.097016990184784	-0.081021837890148
-0.097865715622902	-0.51722997426987	-0.38283810019493	-0.21410357952118	-1.1149069070816	0.018255263566971	0.0096331834793091	0.095547080039978	-0.081285670399666
-0.12391585111618	-0.51387715339661	-0.39106166362762	-0.21416223049164	-1.1102131605148	0.017926149070263	0.011977255344391	0.094098508358002	-0.081625521183014
-0.15008768439293	-0.50871658325195	-0.39715021848679	-0.21422284841537	-1.1055725812912	0.017522521317005	0.014277994632721	0.092676520347595	-0.082041658461094
-0.17620813846588	-0.50181329250336	-0.40111649036407	-0.2142788618803	-1.100998044014	0.017056368291378	0.016521751880646	0.091288208961487	-0.082526654005051
-0.20211161673069	-0.49322167038918	-0.40299239754677	-0.21432735025883	-1.0964856147766	0.016505278646946	0.018700242042542	0.089934229850769	-0.083091720938683
-0.22764277458191	-0.48304730653763	-0.40282624959946	-0.21437829732895	-1.092045545578	0.015904299914837	0.020807206630707	0.088625371456146	-0.083721697330475
-0.25262120366096	-0.47137802839279	-0.40068304538727	-0.2144213616848	-1.0876890420914	0.015230283141136	0.022833287715912	0.087364375591278	-0.084419682621956
-0.27687454223633	-0.45831650495529	-0.3966421186924	-0.21445727348328	-1.0834286212921	0.014490850269794	0.024769246578217	0.086156845092773	-0.085181891918182
-0.30023622512817	-0.44397178292274	-0.3907955288887	-0.21448713541031	-1.0792717933655	0.013692282140255	0.026607990264893	0.085008442401886	-0.08600502461195
-0.32255139946938	-0.42845115065575	-0.3832440674305	-0.21450932323933	-1.0752305984497	0.012833870947361	0.028343498706818	0.083922326564789	-0.086887665092945
-0.34370625019073	-0.41187018156052	-0.37409693002701	-0.21452163159847	-1.0713541507721	0.011930882930756	0.029979586601257	0.082901477813721	-0.087824366986752
-0.36346071958542	-0.39433512091637	-0.36347058415413	-0.21452838182449	-1.0676870346069	0.010967940092087	0.031483232975006	0.081956446170807	-0.088809758424759
-0.38173869252205	-0.37595716118813	-0.35148170590401	-0.21454507112503	-1.064178943634	0.0099581927061081	0.032863616943359	0.081087052822113	-0.089842654764652
-0.3984217941761	-0.35684090852737	-0.33825126290321	-0.21457490324974	-1.060812830925	0.0089033618569374	0.034114480018616	0.080297589302063	-0.090918019413948
-0.41341686248779	-0.3370923101902	-0.32389825582504	-0.21461156010628	-1.0575805902481	0.0078141018748283	0.035234212875366	0.079590082168579	-0.092031955718994
-0.4266232252121	-0.31680804491043	-0.30854040384293	-0.21464645862579	-1.0545026063919	0.0066901594400406	0.036215543746948	0.078968524932861	-0.093179754912853
-0.43790146708488	-0.29601925611496	-0.29229146242142	-0.21463720500469	-1.0516327619553	0.0054726302623749	0.037051320075989	0.078409075737	-0.094415061175823
-0.44725945591927	-0.27492120862007	-0.27526167035103	-0.21456497907639	-1.0493434667587	0.0041347742080688	0.037737488746643	0.077953159809113	-0.095650173723698
-0.45464164018631	-0.2535964846611	-0.25755494832993	-0.21451941132545	-1.0476311445236	0.0028296187520027	0.038271903991699	0.07760488986969	-0.09687253087759
-0.45989581942558	-0.23212008178234	-0.23926988244057	-0.21454407274723	-1.0461713075638	0.001460112631321	0.038623213768005	0.077368438243866	-0.098099939525127
-0.4627631008625	-0.21057264506817	-0.22046686708927	-0.21453568339348	-1.0451222658157	0.00034903734922409	0.0385582447052	0.07738208770752	-0.099259309470654
-0.46341133117676	-0.19055189192295	-0.20138822495937	-0.21490094065666	-1.0445362329483	0.00034946203231812	0.038677275180817	0.077808082103729	-0.099720291793346
-0.463841766119	-0.18870252370834	-0.19929037988186	-0.21507735550404	-1.044261097908	0.0003499910235405	0.038931012153625	0.077837646007538	-0.099751338362694
-0.46405676007271	-0.18869207799435	-0.19903458654881	-0.21517963707447	-1.0441933870316	0.0003502145409584	0.039089024066925	0.07783454656601	-0.099751003086567
-0.46415141224861	-0.18879748880863	-0.19898779690266	-0.21523241698742	-1.044205904007	0.00035054981708527	0.03916335105896	0.077836155891418	-0.099751204252243
-0.46419087052345	-0.18886487185955	-0.19897182285786	-0.21525675058365	-1.0442500114441	0.00035059452056885	0.03919529914856	0.077839493751526	-0.099752299487591
-0.46420589089394	-0.18890129029751	-0.19896376132965	-0.21526558697224	-1.0443069934845	0.00035064667463303	0.0392085313797	0.07784229516983	-0.099753446877003
-0.46425971388817	-0.18888971209526	-0.19897872209549	-0.21528400480747	-1.0443208217621	0.00035065412521362	0.039231359958649	0.077830851078033	-0.099753208458424
-0.46427702903748	-0.18891425430775	-0.19897370040417	-0.21534357964993	-1.0443640947342	0.00035073608160019	0.039241969585419	0.077830910682678	-0.099754653871059
-0.46428689360619	-0.1889072060585	-0.1989738792181	-0.21540616452694	-1.0444232225418	0.0003507137298584	0.039247274398804	0.077826738357544	-0.099757790565491
-0.46429228782654	-0.18890173733234	-0.19897401332855	-0.21546903252602	-1.0444867610931	0.00035063177347183	0.039249658584595	0.077824354171753	-0.099759712815285
-0.46429550647736	-0.18889702856541	-0.19897454977036	-0.21553303301334	-1.0445532798767	0.00035063177347183	0.03925096988678	0.077822625637054	-0.099760636687279
-0.46429622173309	-0.18889327347279	-0.19897498190403	-0.21559815108776	-1.044621348381	0.0003507062792778	0.039251029491425	0.077821731567383	-0.09976103156805
-0.4642961025238	-0.18889108300209	-0.19897526502609	-0.21566362679005	-1.0446892976761	0.0003507062792778	0.039250910282135	0.077821314334869	-0.09976127743721
-0.46429598331451	-0.18889009952545	-0.19897548854351	-0.21572925150394	-1.044757604599	0.00035057961940765	0.039250731468201	0.077821135520935	-0.099761568009853
-0.46429678797722	-0.18888935446739	-0.19897565245628	-0.21579471230507	-1.0448254346848	0.00035063922405243	0.039250612258911	0.077820837497711	-0.09976153075695
-0.46429604291916	-0.18888777494431	-0.1989758759737	-0.21586087346077	-1.0448935031891	0.00035049021244049	0.039250075817108	0.077820777893066	-0.099761635065079
-0.464295566082	-0.18888613581657	-0.19897618889809	-0.21592755615711	-1.0449619293213	0.00035062432289124	0.039249539375305	0.077820658683777	-0.099761478602886
-0.4642947614193	-0.18888548016548	-0.1989764124155	-0.21599440276623	-1.045029759407	0.00035063922405243	0.039249420166016	0.077820539474487	-0.099761538207531
-0.46429422497749	-0.18888548016548	-0.19897630810738	-0.21606113016605	-1.0450972318649	0.00035059452056885	0.039249300956726	0.077820837497711	-0.099761657416821
-0.46429395675659	-0.18888476490974	-0.19897647202015	-0.21612760424614	-1.0451645851135	0.0003506988286972	0.039248943328857	0.077820718288422	-0.099761351943016
-0.46429374814034	-0.18888434767723	-0.19897647202015	-0.21619428694248	-1.0452319383621	0.00035066902637482	0.039248645305634	0.077820777893066	-0.099761560559273
-0.46429336071014	-0.18888413906097	-0.19897669553757	-0.21626092493534	-1.0452990531921	0.00035068392753601	0.039248287677765	0.077820658683777	-0.099761545658112
-0.46429324150085	-0.18888323009014	-0.19897675514221	-0.21632814407349	-1.0453664064407	0.00035066902637482	0.03924834728241	0.077820718288422	-0.099761411547661
-0.46429380774498	-0.18888320028782	-0.19897672533989	-0.21639512479305	-1.0454342365265	0.00035067647695541	0.039248108863831	0.077820599079132	-0.099761612713337
-0.46429231762886	-0.18888227641582	-0.19897685945034	-0.21646219491959	-1.0455017089844	0.0003507062792778	0.039247453212738	0.077820658683777	-0.099761366844177
-0.46429237723351	-0.18888185918331	-0.19897690415382	-0.21652981638908	-1.045569062233	0.00035067647695541	0.039247751235962	0.077820539474487	-0.09976152330637
-0.46429255604744	-0.18888281285763	-0.1989766061306	-0.2165973931551	-1.0456364154816	0.0003507137298584	0.039248049259186	0.077820539474487	-0.099761575460434
-0.46429333090782	-0.18888354301453	-0.19897654652596	-0.2166646271944	-1.0457038879395	0.00035066902637482	0.039248108863831	0.077820599079132	-0.099761620163918
-0.46429371833801	-0.18888440728188	-0.19897632300854	-0.216731980443	-1.0457721948624	0.0003506988286972	0.039248585700989	0.077820718288422	-0.099761500954628
-0.46429398655891	-0.18888542056084	-0.1989761441946	-0.21679934859276	-1.0458409786224	0.00035057216882706	0.039249181747437	0.077820658683777	-0.099761553108692
-0.46429494023323	-0.18888768553734	-0.1989758014679	-0.21686643362045	-1.0459102392197	0.00035060942173004	0.039250016212463	0.077820897102356	-0.099761486053467
-0.46429494023323	-0.18888878822327	-0.1989753395319	-0.2169331908226	-1.0459800958633	0.00035065412521362	0.039250493049622	0.077821016311646	-0.099761337041855
-0.46429541707039	-0.1888896971941	-0.19897511601448	-0.21699960529804	-1.0460506677628	0.00035065412521362	0.03925085067749	0.077820956707001	-0.09976127743721
-0.46429452300072	-0.18888844549656	-0.19897527992725	-0.21706625819206	-1.0461212396622	0.00035056471824646	0.039250552654266	0.077820837497711	-0.099761329591274
-0.46429428458214	-0.18888777494431	-0.19897562265396	-0.21713316440582	-1.0461918115616	0.0003507137298584	0.039250016212463	0.077820777893066	-0.099761202931404
-0.46429437398911	-0.18888722360134	-0.19897563755512	-0.21720027923584	-1.0462621450424	0.00035056471824646	0.039249897003174	0.077820777893066	-0.099761389195919
-0.46429452300072	-0.18888734281063	-0.19897547364235	-0.21726736426353	-1.0463318824768	0.00035065412521362	0.039250195026398	0.077820718288422	-0.0997613966465
-0.46429479122162	-0.1888875067234	-0.19897559285164	-0.21733418107033	-1.0464023351669	0.00035056471824646	0.039250016212463	0.077820658683777	-0.099761262536049
-0.46429428458214	-0.18888720870018	-0.19897566735744	-0.21740132570267	-1.0464727878571	0.00035057961940765	0.039250016212463	0.077820837497711	-0.099761359393597
-0.46429324150085	-0.18888492882252	-0.19897598028183	-0.21746847033501	-1.0465433597565	0.00035065412521362	0.039249300956726	0.077820658683777	-0.099761366844177
-0.46429270505905	-0.18888285756111	-0.19897669553757	-0.21753588318825	-1.0466132164001	0.00035067647695541	0.039248526096344	0.077820539474487	-0.099761351943016
-0.46429097652435	-0.18887950479984	-0.19897694885731	-0.2176034450531	-1.0466828346252	0.00035048276185989	0.039247214794159	0.077820181846619	-0.099761702120304
-0.46428999304771	-0.18887734413147	-0.19897758960724	-0.21767161786556	-1.0467516183853	0.00035063177347183	0.039246201515198	0.077820181846619	-0.099761642515659
-0.46428894996643	-0.18887504935265	-0.19897790253162	-0.21773996949196	-1.0468199253082	0.00035069137811661	0.03924548625946	0.077819883823395	-0.099761746823788
-0.46428894996643	-0.18887312710285	-0.19897809624672	-0.21780848503113	-1.0468881130219	0.00035063177347183	0.039244592189789	0.077819645404816	-0.099761940538883
-0.46428847312927	-0.1888731867075	-0.1989780664444	-0.21787731349468	-1.0469563007355	0.00035054981708527	0.039244771003723	0.077819585800171	-0.09976202994585
-0.46429002285004	-0.18887522816658	-0.19897757470608	-0.21794632077217	-1.0470252037048	0.00035057961940765	0.039245963096619	0.077819526195526	-0.09976202249527
-0.46428969502449	-0.18887513875961	-0.19897763431072	-0.21801510453224	-1.0470942258835	0.00035057216882706	0.039245843887329	0.07781982421875	-0.099761985242367
-0.46428921818733	-0.188874527812	-0.19897784292698	-0.21808369457722	-1.0471634864807	0.00035061687231064	0.039245545864105	0.077819764614105	-0.099761821329594
-0.46428817510605	-0.18887335062027	-0.19897800683975	-0.21815223991871	-1.0472322702408	0.00035053491592407	0.039244771003723	0.077819764614105	-0.099762164056301
-0.46428683400154	-0.188870459795	-0.19897857308388	-0.21822074055672	-1.0473004579544	0.00035060942173004	0.039243638515472	0.077819406986237	-0.09976214915514
-0.46428921818733	-0.18884232640266	-0.19898158311844	-0.21828342974186	-1.0473668575287	0.00035049766302109	0.039238393306732	0.077816009521484	-0.099765285849571
-0.4457346200943	-0.19037391245365	-0.19768518209457	-0.21871607005596	-1.0481644868851	0.00035285949707031	0.038394689559937	0.078965187072754	-0.098922297358513
-0.42481648921967	-0.1923360824585	-0.19564060866833	-0.21902295947075	-1.0489350557327	0.00035499781370163	0.037051320075989	0.08037006855011	-0.098478518426418
-0.40360063314438	-0.19365568459034	-0.19323605298996	-0.21909727156162	-1.0494585037231	0.0003567636013031	0.035450756549835	0.081691861152649	-0.098212115466595
-0.38280409574509	-0.19413098692894	-0.19051691889763	-0.21903611719608	-1.0497708320618	0.00035811215639114	0.033818542957306	0.082801461219788	-0.09817411005497
-0.3622824549675	-0.19425819814205	-0.18750785291195	-0.21893955767155	-1.0500310659409	0.00035934150218964	0.032218039035797	0.083813846111298	-0.098175138235092
-0.34195321798325	-0.19427101314068	-0.18417848646641	-0.21883904933929	-1.0502978563309	0.00036082416772842	0.030630946159363	0.084799468517303	-0.098179817199707
-0.32181200385094	-0.19427835941315	-0.18050591647625	-0.21872839331627	-1.0505771636963	0.0003623366355896	0.029048025608063	0.085786283016205	-0.098182246088982
-0.30181810259819	-0.19409345090389	-0.17651207745075	-0.21866691112518	-1.0508646965027	0.00036416202783585	0.027421355247498	0.086748838424683	-0.098201058804989
-0.28204008936882	-0.19391518831253	-0.17216858267784	-0.21865119040012	-1.0511432886124	0.00036599487066269	0.025805294513702	0.087715864181519	-0.098207727074623
-0.26248994469643	-0.19375485181808	-0.16746507585049	-0.21864016354084	-1.0514123439789	0.00036813318729401	0.024202942848206	0.088690042495728	-0.098211444914341
-0.24317088723183	-0.19357399642467	-0.16240602731705	-0.21862837672234	-1.0516728162766	0.00037064403295517	0.022605717182159	0.089667618274689	-0.098213374614716
-0.2241026610136	-0.19334962964058	-0.15699234604836	-0.21861012279987	-1.0519295930862	0.00037334114313126	0.021017789840698	0.090644896030426	-0.098214104771614
-0.20528484880924	-0.19306147098541	-0.15122477710247	-0.21858437359333	-1.0521866083145	0.00037628412246704	0.019432544708252	0.091621875762939	-0.098213568329811
-0.18672321736813	-0.19269488751888	-0.1451023966074	-0.21855238080025	-1.0524413585663	0.00037943571805954	0.017846941947937	0.092597007751465	-0.098212882876396
-0.16842253506184	-0.19224494695663	-0.13862267136574	-0.21851602196693	-1.0526915788651	0.00038308650255203	0.016259968280792	0.093571424484253	-0.09821068495512
-0.15039251744747	-0.19170220196247	-0.13178342580795	-0.21847580373287	-1.0529347658157	0.00038687139749527	0.014673709869385	0.094544231891632	-0.098207898437977
-0.13264071941376	-0.19106282293797	-0.12458143383265	-0.2184347063303	-1.0531666278839	0.00039076805114746	0.013089418411255	0.095516741275787	-0.098204046487808
-0.11518514156342	-0.19026802480221	-0.11702401936054	-0.21838930249214	-1.0533647537231	0.00039526075124741	0.011509835720062	0.096478939056396	-0.098203547298908
-0.0979920104146	-0.18939927220345	-0.10909194499254	-0.21834254264832	-1.0535709857941	0.00040006637573242	0.0099236965179443	0.097449421882629	-0.098197691142559
-0.081079833209515	-0.18842133879662	-0.10078811645508	-0.21829204261303	-1.053781747818	0.00040538609027863	0.008336067199707	0.098422288894653	-0.098188497126102
-0.064457155764103	-0.18731288611889	-0.092112228274345	-0.21823726594448	-1.0539910793304	0.00041083991527557	0.0067496299743652	0.099395275115967	-0.098177939653397
-0.048126805573702	-0.18606293201447	-0.083061553537846	-0.21817725896835	-1.0541968345642	0.0004168376326561	0.0051649808883667	0.10036772489548	-0.098165765404701
-0.032093964517117	-0.18466556072235	-0.073633618652821	-0.21811063587666	-1.0543993711472	0.00042314827442169	0.0035841464996338	0.10134041309357	-0.098152421414852
-0.01635948382318	-0.18311403691769	-0.06382355093956	-0.21803158521652	-1.0546001195908	0.00042995810508728	0.0020087957382202	0.10231423377991	-0.098137386143208
-0.00090494781034067	-0.18137419223785	-0.05363443121314	-0.21794727444649	-1.0547947883606	0.0004371702671051	0.00042611360549927	0.1032834649086	-0.098123304545879
0.014278454706073	-0.17941714823246	-0.04306236281991	-0.21786169707775	-1.0549740791321	0.00044455379247665	-0.0011672973632812	0.10424363613129	-0.098115175962448
0.029151376336813	-0.17730692028999	-0.032111592590809	-0.21780556440353	-1.055166721344	0.00045274198055267	-0.002748429775238	0.10521298646927	-0.098076298832893
0.043729461729527	-0.17506481707096	-0.0207539498806	-0.2177527397871	-1.0553686618805	0.00046125799417496	-0.0043216943740845	0.10619497299194	-0.098036892712116
0.058048032224178	-0.17259576916695	-0.0089961905032396	-0.21769145131111	-1.0555546283722	0.00047020614147186	-0.0059095621109009	0.10716867446899	-0.098010949790478
0.07210411131382	-0.16985003650188	0.0031585600227118	-0.2176276743412	-1.0557066202164	0.00047969073057175	-0.0075114369392395	0.1081251502037	-0.098000980913639
0.085857346653938	-0.16688385605812	0.015718184411526	-0.21756428480148	-1.0558258295059	0.00048959255218506	-0.0091010928153992	0.1090794801712	-0.097990989685059
0.099308229982853	-0.16367715597153	0.028682144358754	-0.21750093996525	-1.0559381246567	0.00050003081560135	-0.010675311088562	0.11003261804581	-0.097975812852383
0.11250454187393	-0.16025801002979	0.04206220433116	-0.21744348108768	-1.0560495853424	0.00051086395978928	-0.012256801128387	0.11099117994308	-0.097952783107758
0.12543584406376	-0.15664860606194	0.055866274982691	-0.21739991009235	-1.056148648262	0.00052253901958466	-0.013842821121216	0.11195921897888	-0.097915299236774
0.13808926939964	-0.1527853012085	0.070101208984852	-0.21734908223152	-1.0562317371368	0.00053474307060242	-0.015415906906128	0.11292785406113	-0.097882725298405
0.15049503743649	-0.14863841235638	0.084765031933784	-0.21729707717896	-1.056298494339	0.00054746866226196	-0.016997039318085	0.1138898730278	-0.097853258252144
0.16264230012894	-0.14422000944614	0.099868260324001	-0.21724617481232	-1.056347489357	0.00056071579456329	-0.018576979637146	0.11485034227371	-0.097822897136211
0.17452329397202	-0.1395355463028	0.11542022973299	-0.217195764184	-1.056379199028	0.00057455897331238	-0.0201495885849	0.11581385135651	-0.09778954833746
0.18608485162258	-0.13461680710316	0.1314373165369	-0.21712210774422	-1.0564099550247	0.00058930367231369	-0.021680176258087	0.11679726839066	-0.097748041152954
0.19735664129257	-0.12944233417511	0.14792171120644	-0.21697199344635	-1.0564657449722	0.00060476362705231	-0.023171305656433	0.11780035495758	-0.097701750695705
0.20845811069012	-0.12394755333662	0.16487774252892	-0.21679744124413	-1.0565453767776	0.00062070041894913	-0.024704813957214	0.11879217624664	-0.097659096121788
0.21934302151203	-0.11809200048447	0.18230959773064	-0.21660542488098	-1.0566049814224	0.00063019990921021	-0.026246547698975	0.11977106332779	-0.097622394561768
0.23002889752388	-0.11185377091169	0.20022436976433	-0.21640062332153	-1.0566492080688	0.00065115094184875	-0.027807176113129	0.12073254585266	-0.097588106989861
0.24049477279186	-0.10529151558876	0.21865321695805	-0.21619264781475	-1.0566754341125	0.00067472830414772	-0.029374122619629	0.1216933131218	-0.097551040351391
0.25074538588524	-0.098365977406502	0.23760007321835	-0.215980052948	-1.0566825866699	0.00070125982165337	-0.030941188335419	0.12264961004257	-0.097514547407627
0.26078215241432	-0.091097764670849	0.257090061903	-0.2157679349184	-1.0566750764847	0.00072846561670303	-0.032510161399841	0.12360697984695	-0.097474284470081
0.27061328291893	-0.08346288651228	0.27713552117348	-0.21555742621422	-1.0566506385803	0.00075682997703552	-0.034082174301147	0.12456429004669	-0.097431480884552
0.28024005889893	-0.075442299246788	0.2977559864521	-0.21534851193428	-1.0566085577011	0.00078596919775009	-0.035653948783875	0.12552094459534	-0.097387708723545
0.28918299078941	-0.065041355788708	0.31876036524773	-0.21509805321693	-1.0565911531448	0.00080889463424683	-0.037050127983093	0.12610471248627	-0.097842581570148
0.29801195859909	-0.052652765065432	0.34022596478462	-0.21476611495018	-1.0568044185638	0.00082558766007423	-0.038355112075806	0.12635695934296	-0.098766297101974
0.29889726638794	-0.050956007093191	0.34246090054512	-0.21467456221581	-1.0567643642426	0.00082635134458542	-0.038472771644592	0.12628155946732	-0.098932176828384
0.29896765947342	-0.050668939948082	0.34267145395279	-0.21467024087906	-1.0568251609802	0.00082598626613617	-0.038458466529846	0.12626123428345	-0.098951101303101
0.29895398020744	-0.050641179084778	0.34269478917122	-0.21468311548233	-1.0568964481354	0.00082600116729736	-0.038482785224915	0.12624973058701	-0.09895296394825
0.29900467395782	-0.050645858049393	0.34269669651985	-0.21468880772591	-1.0569598674774	0.00082608312368393	-0.038480877876282	0.12625205516815	-0.098950736224651
0.2990408539772	-0.050664119422436	0.34269940853119	-0.21469962596893	-1.0570101737976	0.00082626938819885	-0.038498997688293	0.12625044584274	-0.098949208855629
0.29907214641571	-0.050681006163359	0.34270188212395	-0.2147106975317	-1.0570479631424	0.00082625821232796	-0.038516879081726	0.12624716758728	-0.09894634783268
0.29909211397171	-0.050690796226263	0.34270343184471	-0.21472373604774	-1.0570769309998	0.00082636624574661	-0.038529336452484	0.12624448537827	-0.098944671452045
0.29910600185394	-0.050696149468422	0.34270438551903	-0.21473957598209	-1.0571004152298	0.00082633644342422	-0.038538217544556	0.12624210119247	-0.098943643271923
0.29911521077156	-0.05069987103343	0.34270483255386	-0.21475614607334	-1.0571219921112	0.00082637742161751	-0.038543403148651	0.12624037265778	-0.098942793905735
0.29912206530571	-0.050701286643744	0.3427052795887	-0.21477456390858	-1.057140827179	0.0008264034986496	-0.038548231124878	0.12623906135559	-0.098942622542381
0.29914212226868	-0.050699412822723	0.34270310401917	-0.21479021012783	-1.0571584701538	0.000826396048069	-0.038554430007935	0.12623566389084	-0.098940253257751
0.29919677972794	-0.050699222832918	0.34270021319389	-0.21482130885124	-1.0571891069412	0.00082653015851974	-0.038583159446716	0.1262258887291	-0.098937377333641
0.29922634363174	-0.050697945058346	0.3426995575428	-0.21486073732376	-1.05721616745	0.00082662329077721	-0.038598895072937	0.12621915340424	-0.098936393857002
0.29924613237381	-0.050696920603514	0.34269958734512	-0.21490617096424	-1.0572400093079	0.00082635506987572	-0.038610219955444	0.12621438503265	-0.098936349153519
0.2992587685585	-0.050696216523647	0.34269937872887	-0.21495665609837	-1.0572615861893	0.00082665309309959	-0.038617372512817	0.12621104717255	-0.098935887217522
0.29927635192871	-0.05069712176919	0.34269896149635	-0.2150095552206	-1.0572831630707	0.00082653760910034	-0.038627803325653	0.12620759010315	-0.098935671150684
0.29928806424141	-0.050698235630989	0.34269899129868	-0.21506375074387	-1.0573019981384	0.00082657486200333	-0.038634657859802	0.12620484828949	-0.098935090005398
0.2992932498455	-0.050698906183243	0.34269914031029	-0.21511958539486	-1.0573201179504	0.00082658603787422	-0.038637518882751	0.12620359659195	-0.098934821784496
0.29929533600807	-0.050699450075626	0.34269943833351	-0.21517689526081	-1.0573369264603	0.00082665309309959	-0.038639307022095	0.12620317935944	-0.098934553563595
0.2992956340313	-0.050699684768915	0.34269940853119	-0.21523481607437	-1.0573529005051	0.00082658603787422	-0.038639426231384	0.12620294094086	-0.09893461316824
0.29929545521736	-0.050700668245554	0.3426995575428	-0.21529306471348	-1.0573687553406	0.00082658603787422	-0.038639724254608	0.12620311975479	-0.098934732377529
0.29929482936859	-0.050701227039099	0.34269988536835	-0.21535082161427	-1.0573837757111	0.000826645642519	-0.038639485836029	0.12620311975479	-0.098934464156628
0.29929402470589	-0.050701774656773	0.34269988536835	-0.21540901064873	-1.0573983192444	0.00082657113671303	-0.03863924741745	0.12620335817337	-0.09893462061882
0.29929223656654	-0.050701860338449	0.34270021319389	-0.21546722948551	-1.0574116706848	0.00082665309309959	-0.038638949394226	0.12620329856873	-0.098934538662434
0.29929023981094	-0.050702899694443	0.34270039200783	-0.21552589535713	-1.0574246644974	0.00082666426897049	-0.038638114929199	0.12620383501053	-0.098934724926949
0.29928934574127	-0.050703316926956	0.34270063042641	-0.21558412909508	-1.0574368238449	0.00082670152187347	-0.038638174533844	0.12620401382446	-0.098934732377529
0.29928794503212	-0.050704054534435	0.34270086884499	-0.21564295887947	-1.0574486255646	0.00082667171955109	-0.038637638092041	0.12620449066162	-0.098934859037399
0.29928684234619	-0.050704538822174	0.34270104765892	-0.21570120751858	-1.0574597120285	0.00082667171955109	-0.038637220859528	0.12620478868484	-0.098934911191463
0.29928579926491	-0.050704680383205	0.34270077943802	-0.21575874090195	-1.0574706792831	0.00082672759890556	-0.038636326789856	0.12620460987091	-0.09893474727869
0.29928424954414	-0.050705056637526	0.34270083904266	-0.2158163189888	-1.0574810504913	0.00082675740122795	-0.038635730743408	0.12620490789413	-0.09893473982811
0.29928350448608	-0.050705302506685	0.34270092844963	-0.21587382256985	-1.0574914216995	0.00082666426897049	-0.038635313510895	0.12620520591736	-0.098934955894947
0.29928389191628	-0.050705004483461	0.34270092844963	-0.21593029797077	-1.0575025081635	0.00082674622535706	-0.038635075092316	0.12620538473129	-0.098934784531593
0.29928180575371	-0.050705462694168	0.34270113706589	-0.21598678827286	-1.0575131177902	0.00082652643322945	-0.03863388299942	0.1262059211731	-0.098935082554817
0.29928001761436	-0.050705198198557	0.34270092844963	-0.2160432189703	-1.0575238466263	0.00082670524716377	-0.038632869720459	0.12620598077774	-0.098935075104237
0.29927924275398	-0.050705228000879	0.3427010178566	-0.21609981358051	-1.0575345754623	0.00082671269774437	-0.03863251209259	0.1262064576149	-0.098935037851334
0.29927796125412	-0.050705246627331	0.34270104765892	-0.21615585684776	-1.0575449466705	0.00082671642303467	-0.038631916046143	0.12620657682419	-0.098934926092625
0.29927724599838	-0.050705268979073	0.34270107746124	-0.21621181070805	-1.0575551986694	0.00082671642303467	-0.038631677627563	0.12620675563812	-0.098935000598431
0.29927712678909	-0.050705447793007	0.34270098805428	-0.21626743674278	-1.0575659275055	0.00082672387361526	-0.038631796836853	0.12620687484741	-0.098935164511204
0.29927775263786	-0.050706341862679	0.34270119667053	-0.21632254123688	-1.0575761795044	0.00082662329077721	-0.038631856441498	0.12620687484741	-0.098935104906559
0.29927814006805	-0.050706185400486	0.34270131587982	-0.21637722849846	-1.0575859546661	0.00082673877477646	-0.038632035255432	0.12620657682419	-0.098935082554817
0.29927688837051	-0.050706762820482	0.34270131587982	-0.21643249690533	-1.0575958490372	0.00082655623555183	-0.038631677627563	0.12620711326599	-0.098935104906559
0.29927530884743	-0.050707068294287	0.34270137548447	-0.21648752689362	-1.0576050281525	0.00082669407129288	-0.038631200790405	0.12620735168457	-0.098934963345528
0.29927378892899	-0.050707213580608	0.34270146489143	-0.21654230356216	-1.0576144456863	0.00082669407129288	-0.038630366325378	0.12620788812637	-0.098934851586819
0.29927200078964	-0.050706699490547	0.34270146489143	-0.21659664809704	-1.0576232671738	0.00082668662071228	-0.038629293441772	0.12620788812637	-0.098935075104237
0.29927009344101	-0.050707157701254	0.3427015542984	-0.21665050089359	-1.0576326847076	0.0008266270160675	-0.038628339767456	0.12620830535889	-0.098935037851334
0.29926928877831	-0.050707720220089	0.34270161390305	-0.21670387685299	-1.0576413869858	0.00082668289542198	-0.038627803325653	0.12620836496353	-0.098935052752495
0.29926744103432	-0.050708495080471	0.34270188212395	-0.2167577445507	-1.0576496124268	0.00082667917013168	-0.038627326488495	0.12620884180069	-0.098935194313526
0.29926404356956	-0.05070872977376	0.34270220994949	-0.21681192517281	-1.0576566457748	0.00082669779658318	-0.038626313209534	0.12620931863785	-0.098935455083847
0.29926091432571	-0.050708070397377	0.34270223975182	-0.21686640381813	-1.0576635599136	0.00082671642303467	-0.038625061511993	0.12620985507965	-0.098935358226299
0.29925778508186	-0.050708990544081	0.34270232915878	-0.21692106127739	-1.0576695203781	0.00082661211490631	-0.038624048233032	0.12621033191681	-0.098935380578041
0.29925754666328	-0.050708524882793	0.34270226955414	-0.21697501838207	-1.0576759576797	0.00082661956548691	-0.038623750209808	0.12621057033539	-0.098935209214687
0.2992579638958	-0.050708249211311	0.34270200133324	-0.21702785789967	-1.0576827526093	0.00082683563232422	-0.038623511791229	0.1262104511261	-0.098934940993786
0.29925778508186	-0.050709135830402	0.3427020907402	-0.21708066761494	-1.0576902627945	0.00082670897245407	-0.038623213768005	0.12621080875397	-0.098935060203075
0.2992576956749	-0.05071035772562	0.34270238876343	-0.21713316440582	-1.0576964616776	0.00082670152187347	-0.038623452186584	0.12621074914932	-0.098935060203075
0.29925689101219	-0.050710629671812	0.34270235896111	-0.21718496084213	-1.0577023029327	0.00082670524716377	-0.038623094558716	0.12621062994003	-0.098935231566429
0.29925692081451	-0.050710741430521	0.34270244836807	-0.21723613142967	-1.0577088594437	0.00082672387361526	-0.038622736930847	0.1262109875679	-0.09893511235714
0.29925432801247	-0.050711013376713	0.34270244836807	-0.21728762984276	-1.0577144622803	0.00082668662071228	-0.038622081279755	0.12621128559113	-0.098935164511204
0.29925191402435	-0.050710532814264	0.34270241856575	-0.21733921766281	-1.0577199459076	0.00082672387361526	-0.038620829582214	0.12621176242828	-0.098935037851334
0.29925039410591	-0.050710398703814	0.34270238876343	-0.21739080548286	-1.0577256679535	0.00082669779658318	-0.038620173931122	0.12621200084686	-0.098934918642044
0.29924821853638	-0.050711385905743	0.34270259737968	-0.21744234859943	-1.0577306747437	0.0008266419172287	-0.038619101047516	0.12621247768402	-0.09893486648798
0.2992467880249	-0.050711210817099	0.34270253777504	-0.21749293804169	-1.0577355623245	0.00082676857709885	-0.038618206977844	0.1262127161026	-0.098934777081013
0.29924455285072	-0.050711996853352	0.34270268678665	-0.21754321455956	-1.057740688324	0.00082657113671303	-0.038617253303528	0.12621337175369	-0.098935149610043
0.29924353957176	-0.050711009651423	0.34270238876343	-0.21759267151356	-1.0577459335327	0.0008266419172287	-0.038616418838501	0.12621355056763	-0.098935030400753
0.29925256967545	-0.050709500908852	0.34270259737968	-0.2176439166069	-1.0577521324158	0.0008266493678093	-0.038621008396149	0.12621176242828	-0.098935805261135
0.2992636859417	-0.050709530711174	0.34270286560059	-0.21770192682743	-1.0577580928802	0.00082669407129288	-0.038628756999969	0.1262087225914	-0.098935835063457
0.29926887154579	-0.050709132105112	0.34270277619362	-0.21776168048382	-1.0577629804611	0.0008266419172287	-0.038632035255432	0.12620723247528	-0.098935723304749
0.29926949739456	-0.050709750503302	0.34270331263542	-0.21782287955284	-1.0577663183212	0.00082669407129288	-0.038633108139038	0.12620681524277	-0.098935700953007
0.29927051067352	-0.050708752125502	0.34270286560059	-0.21788465976715	-1.0577696561813	0.00082670897245407	-0.038633406162262	0.1262064576149	-0.098935469985008
0.29911616444588	-0.066911533474922	0.32371443510056	-0.21739108860493	-1.0570168495178	0.00081677734851837	-0.038707315921783	0.125468313694	-0.098791815340519
0.29741075634956	-0.085350058972836	0.30121305584908	-0.21713079512119	-1.0555899143219	0.0010167732834816	-0.038174867630005	0.12466448545456	-0.098433129489422
0.29481908679008	-0.10729229450226	0.27712434530258	-0.21731217205524	-1.0541200637817	0.0024417564272881	-0.037635087966919	0.1244210600853	-0.097258523106575
0.29184073209763	-0.13032487034798	0.25160989165306	-0.21727421879768	-1.0520607233047	0.0037423372268677	-0.037166357040405	0.12417882680893	-0.095919787883759
0.28781214356422	-0.15347120165825	0.22481770813465	-0.21727477014065	-1.0494729280472	0.0049435272812843	-0.036491513252258	0.12379705905914	-0.094694666564465
0.28289049863815	-0.17685401439667	0.19690132141113	-0.21730136871338	-1.0467771291733	0.0060996152460575	-0.035679340362549	0.12331664562225	-0.093509800732136
0.27708595991135	-0.20040234923363	0.16801884770393	-0.21731597185135	-1.0440167188644	0.0072576962411404	-0.034742712974548	0.12274962663651	-0.09234557300806
0.27033147215843	-0.22395069897175	0.13833257555962	-0.21732851862907	-1.0411055088043	0.0083572193980217	-0.033663988113403	0.12209075689316	-0.091226920485497
0.26261568069458	-0.24739898741245	0.10800723731518	-0.21734531223774	-1.0380384922028	0.0094244778156281	-0.032448649406433	0.12134855985641	-0.090150699019432
0.25393408536911	-0.27064776420593	0.07721059024334	-0.21736128628254	-1.0348196029663	0.010457001626492	-0.031105875968933	0.12053030729294	-0.089107297360897
0.24426899850368	-0.2935596704483	0.046110216528177	-0.21737226843834	-1.0314372777939	0.011445567011833	-0.029639303684235	0.11963647603989	-0.088108718395233
0.23359851539135	-0.31603181362152	0.014875006861985	-0.21738997101784	-1.0279041528702	0.012413192540407	-0.028051853179932	0.11867582798004	-0.08714621514082
0.22193630039692	-0.33789971470833	-0.016326079145074	-0.21738211810589	-1.0242434740067	0.013302411884069	-0.026357710361481	0.11763995885849	-0.086249232292175
0.20923942327499	-0.35904604196548	-0.047324173152447	-0.21735721826553	-1.0204248428345	0.014128357172012	-0.024553835391998	0.11653608083725	-0.085416436195374
0.19551375508308	-0.37936329841614	-0.077952265739441	-0.21731922030449	-1.0164742469788	0.014887914061546	-0.02265340089798	0.11537170410156	-0.084639497101307
0.18074291944504	-0.39873683452606	-0.10804329067469	-0.21730148792267	-1.0124082565308	0.015600740909576	-0.02066034078598	0.11415356397629	-0.083923116326332
0.16492946445942	-0.4170363843441	-0.1374339312315	-0.21728390455246	-1.0082386732101	0.016250282526016	-0.018584728240967	0.11288422346115	-0.083272106945515
0.14807251095772	-0.43414413928986	-0.16596274077892	-0.21726435422897	-1.0039722919464	0.016830906271935	-0.016434252262115	0.11156749725342	-0.082690380513668
0.13017717003822	-0.44994643330574	-0.19347044825554	-0.21724990010262	-0.99961948394775	0.017341263592243	-0.014216899871826	0.11020910739899	-0.082179941236973
0.11125510185957	-0.46433806419373	-0.21980519592762	-0.21724086999893	-0.99519336223602	0.017779119312763	-0.011940598487854	0.10881453752518	-0.081742435693741
0.091327048838139	-0.47722011804581	-0.24481922388077	-0.21720942854881	-0.99070119857788	0.018140278756618	-0.0096139311790466	0.10738980770111	-0.081379108130932
0.070434704422951	-0.48849207162857	-0.26837256550789	-0.21715748310089	-0.98614835739136	0.018425799906254	-0.007249116897583	0.10593807697296	-0.081093229353428
0.048610307276249	-0.49807298183441	-0.29033374786377	-0.21711097657681	-0.98149847984314	0.018647186458111	-0.0048530101776123	0.10446578264236	-0.080888643860817
0.025894317775965	-0.505899310112	-0.31058177351952	-0.2170784175396	-0.97669357061386	0.018796287477016	-0.00243079662323	0.10298079252243	-0.080757662653923
0.0023716057185084	-0.51191055774689	-0.32900828123093	-0.21705234050751	-0.97183847427368	0.018856540322304	2.5629997253418e-06	0.101487159729	-0.080706134438515
-0.021867036819458	-0.51606351137161	-0.34551784396172	-0.21701882779598	-0.96697735786438	0.018834300339222	0.0024347901344299	0.099990427494049	-0.080734618008137
-0.046737637370825	-0.51833367347717	-0.36003172397614	-0.21698150038719	-0.96212166547775	0.018730856478214	0.0048596858978271	0.098496675491333	-0.080842956900597
