0	0	0	0.19679673016071	-1.0853182077408	0.0017998367547989	0.0014917850494385	0.089442521333694	-0.11110019683838
0.019148740917444	-0.16441614925861	-0.035558965057135	0.20679895579815	-1.077587723732	0.00031841546297073	-8.2731246948242e-05	0.10343536734581	-0.098314180970192
0.24109975993633	-0.08357822149992	0.23733772337437	0.20871545374393	-1.0523266792297	0.00071203708648682	-0.026110649108887	0.12181967496872	-0.098410241305828
0.26250079274178	-0.097327865660191	0.25146129727364	0.20903325080872	-1.0518995523453	0.00078751146793365	-0.031454801559448	0.1247586607933	-0.095998115837574
0.25667700171471	-0.10376895219088	0.23580798506737	0.20849464833736	-1.0531414747238	0.0007641389966011	-0.031101226806641	0.12387183308601	-0.096503555774689
0.24656827747822	-0.10970593243837	0.21733136475086	0.20819540321827	-1.0535228252411	0.00073563307523727	-0.029499530792236	0.12281814217567	-0.09670052677393
0.23603890836239	-0.11591099947691	0.19911643862724	0.20803201198578	-1.0535998344421	0.00070959329605103	-0.027905344963074	0.12183690071106	-0.096741788089275
0.22533604502678	-0.12196911871433	0.18141196668148	0.20791232585907	-1.0536653995514	0.00068489462137222	-0.026359558105469	0.12087714672089	-0.096785433590412
0.21435856819153	-0.12773993611336	0.16420748829842	0.20780290663242	-1.0537694692612	0.00066137313842773	-0.024793386459351	0.11992871761322	-0.096826881170273
0.20311814546585	-0.13321013748646	0.14748926460743	0.20769742131233	-1.0538746118546	0.00064072757959366	-0.023209452629089	0.1189834177494	-0.096864633262157
0.19161449372768	-0.13836872577667	0.13123600184917	0.20759582519531	-1.0539807081223	0.00062044709920883	-0.021614074707031	0.11803725361824	-0.096899911761284
0.17983895540237	-0.14325684309006	0.11544554680586	0.2074933797121	-1.0540798902512	0.00060121715068817	-0.020008206367493	0.11709263920784	-0.096935719251633
0.16780491173267	-0.14787489175797	0.1001091003418	0.20738552510738	-1.0541702508926	0.00058258324861526	-0.018394112586975	0.11615204811096	-0.096960470080376
0.15554381906986	-0.15221352875233	0.085219815373421	0.20727443695068	-1.0542507171631	0.00056634843349457	-0.016786813735962	0.11520853638649	-0.096984997391701
0.14302863180637	-0.15626865625381	0.070762865245342	0.20716746151447	-1.0543261766434	0.0005505308508873	-0.015178084373474	0.11426070332527	-0.097009629011154
0.13030689954758	-0.16004458069801	0.056729726493359	0.20707289874554	-1.0543848276138	0.00053533911705017	-0.013588070869446	0.11330822110176	-0.097030512988567
0.11728204786777	-0.16357360780239	0.043122109025717	0.20699846744537	-1.0544319152832	0.0005204826593399	-0.011987566947937	0.11235344409943	-0.097059287130833
0.10395374894142	-0.16691516339779	0.029939763247967	0.2069303393364	-1.0544593334198	0.00050656497478485	-0.010377645492554	0.11140993237495	-0.097076386213303
0.090321138501167	-0.17005674540997	0.017177104949951	0.20684683322906	-1.0544868707657	0.00049319118261337	-0.0087417364120483	0.11047071218491	-0.097090654075146
0.076392494142056	-0.17297102510929	0.0048187877982855	0.20677700638771	-1.0545123815536	0.0004805251955986	-0.0071005821228027	0.10952952504158	-0.097102984786034
0.062255140393972	-0.17565378546715	-0.0071344994939864	0.20671217143536	-1.054506778717	0.00046826899051666	-0.0054953098297119	0.1085832118988	-0.097114518284798
0.047843422740698	-0.17810860276222	-0.018691318109632	0.20664656162262	-1.0544971227646	0.00045645236968994	-0.0038888454437256	0.10763257741928	-0.097128242254257
0.03314895555377	-0.1803617477417	-0.029852354899049	0.20657698810101	-1.0544828176498	0.00044531375169754	-0.0022804737091064	0.10667961835861	-0.097141303122044
0.018173700198531	-0.18242265284061	-0.040621623396873	0.20650534331799	-1.0544619560242	0.00043477118015289	-0.00067377090454102	0.10572597384453	-0.097153022885323
0.0029252001550049	-0.18435710668564	-0.050985664129257	0.2064374089241	-1.0544264316559	0.00042665749788284	0.00092625617980957	0.10478141903877	-0.097159333527088
-0.01261046808213	-0.18610338866711	-0.060969099402428	0.20636923611164	-1.0543870925903	0.00042024999856949	0.0025303363800049	0.10383385419846	-0.097166508436203
-0.028437428176403	-0.18767958879471	-0.070574171841145	0.20630241930485	-1.0543406009674	0.00041588395833969	0.0041368007659912	0.10288506746292	-0.097171574831009
-0.044548735022545	-0.18907257914543	-0.07980777323246	0.20623555779457	-1.0542907714844	0.00041191279888153	0.0057412385940552	0.10192987322807	-0.09717708081007
-0.060947105288506	-0.19031408429146	-0.088665805757046	0.20617027580738	-1.0542364120483	0.00040837377309799	0.0073460340499878	0.1009733080864	-0.097181968390942
-0.077628806233406	-0.19141583144665	-0.097150295972824	0.20610608160496	-1.0541776418686	0.00040499120950699	0.0089513659477234	0.10001549124718	-0.097186461091042
-0.094591930508614	-0.19238556921482	-0.10526399314404	0.20604334771633	-1.0541145801544	0.00040186941623688	0.010555922985077	0.099056541919708	-0.097190290689468
-0.11182670295238	-0.19322912395	-0.11300911009312	0.20598143339157	-1.0540504455566	0.00039908289909363	0.012156546115875	0.098097115755081	-0.097191363573074
-0.12933656573296	-0.19396360218525	-0.12038748711348	0.2059216350317	-1.0539886951447	0.00039674341678619	0.013756453990936	0.097136914730072	-0.097194835543633
-0.1471196860075	-0.19458414614201	-0.12740302085876	0.20586103200912	-1.0539320707321	0.00039452314376831	0.015357375144958	0.096173852682114	-0.097198635339737
-0.16517816483974	-0.19511163234711	-0.13405747711658	0.20580561459064	-1.0538654327393	0.00039254873991013	0.016963422298431	0.095209926366806	-0.097199127078056
-0.18349447846413	-0.19555652141571	-0.14035189151764	0.20575451850891	-1.0537917613983	0.00039090216159821	0.01856929063797	0.094245553016663	-0.097197793424129
-0.20205989480019	-0.19592455029488	-0.14628817141056	0.20570689439774	-1.0537149906158	0.00038927793502808	0.020172119140625	0.093281716108322	-0.097196251153946
-0.22086921334267	-0.19622264802456	-0.15186887979507	0.20566312968731	-1.0536353588104	0.00038786232471466	0.021775364875793	0.092316925525665	-0.097193911671638
-0.239914894104	-0.19645921885967	-0.15709549188614	0.2056235820055	-1.0535522699356	0.00038664042949677	0.02337783575058	0.091351419687271	-0.097191005945206
-0.25918731093407	-0.19664292037487	-0.161970064044	0.20558820664883	-1.0534669160843	0.00038567185401917	0.024980366230011	0.090385228395462	-0.097187377512455
-0.27867540717125	-0.19678008556366	-0.16649448871613	0.20555749535561	-1.0533791780472	0.00038471072912216	0.026582002639771	0.089418858289719	-0.097183234989643
-0.29836812615395	-0.19687874615192	-0.17066988348961	0.20553110539913	-1.0532900094986	0.00038392096757889	0.028183579444885	0.088451266288757	-0.097178570926189
-0.31825441122055	-0.19694559276104	-0.17449817061424	0.20550981163979	-1.0531997680664	0.00038329511880875	0.029785633087158	0.087483137845993	-0.09717321395874
-0.33832034468651	-0.19698825478554	-0.17798042297363	0.20549376308918	-1.0531079769135	0.00038272887468338	0.031387090682983	0.086514562368393	-0.097167462110519
-0.35885509848595	-0.19662471115589	-0.18110077083111	0.20541720092297	-1.0531150102615	0.00038233399391174	0.033045887947083	0.085441261529922	-0.097283437848091
-0.3790947496891	-0.19514979422092	-0.18387417495251	0.20504175126553	-1.0535700321198	0.00038104504346848	0.034507632255554	0.084073334932327	-0.097928121685982
-0.39911636710167	-0.19352369010448	-0.18637004494667	0.20463897287846	-1.0543851852417	0.00038000196218491	0.03583174943924	0.082719713449478	-0.098552666604519
-0.41963803768158	-0.19232589006424	-0.18849827349186	0.20434346795082	-1.0552995204926	0.00037915259599686	0.037375807762146	0.081368237733841	-0.099083915352821
-0.44046950340271	-0.19123762845993	-0.19025604426861	0.20405012369156	-1.0560956001282	0.00037867575883865	0.038996934890747	0.079981595277786	-0.099586941301823
-0.46134927868843	-0.1891438215971	-0.19166424870491	0.20347307622433	-1.0572770833969	0.00037872046232224	0.04034698009491	0.078428775072098	-0.10034973174334
-0.46403557062149	-0.20637474954128	-0.20897382497787	0.20307566225529	-1.057390332222	0.00037981569766998	0.040708541870117	0.077570348978043	-0.099778406322002
-0.46156421303749	-0.2270784676075	-0.22784747183323	0.203049659729	-1.0564903020859	0.0014569833874702	0.040491938591003	0.077558755874634	-0.098356403410435
-0.45683979988098	-0.24850662052631	-0.24628989398479	0.20319829881191	-1.0547889471054	0.0027103051543236	0.040078520774841	0.077827215194702	-0.097030878067017
-0.44986435770988	-0.26983374357224	-0.26420331001282	0.20331488549709	-1.0526660680771	0.0039256066083908	0.039530515670776	0.078176140785217	-0.095792330801487
-0.44093286991119	-0.29091748595238	-0.28149020671844	0.2034205943346	-1.0503551959991	0.0051081776618958	0.038856983184814	0.078602433204651	-0.094591945409775
-0.43008971214294	-0.31167611479759	-0.29804822802544	0.20353335142136	-1.0479283332825	0.0062725245952606	0.038042366504669	0.079115450382233	-0.093414098024368
-0.4174125790596	-0.33201897144318	-0.31376850605011	0.20364651083946	-1.045358300209	0.0074101164937019	0.037093281745911	0.079715460538864	-0.092264071106911
-0.4029084444046	-0.35184890031815	-0.3285385966301	0.20375801622868	-1.042618393898	0.0085174962878227	0.035998284816742	0.080403000116348	-0.091148965060711
-0.38666418194771	-0.3710675239563	-0.34224161505699	0.20388033986092	-1.039732336998	0.0095909088850021	0.0347620844841	0.081174612045288	-0.090070381760597
-0.36883148550987	-0.38957783579826	-0.35475811362267	0.20400212705135	-1.0367004871368	0.010618686676025	0.033403635025024	0.082024872303009	-0.089033670723438
-0.34946423768997	-0.40727186203003	-0.36596834659576	0.20412163436413	-1.0335087776184	0.011602252721786	0.031913220882416	0.082952171564102	-0.088044688105583
-0.32878816127777	-0.42405173182487	-0.37575295567513	0.20420743525028	-1.0302329063416	0.012557916343212	0.030315697193146	0.083962053060532	-0.087089911103249
-0.30688011646271	-0.43980446457863	-0.38399541378021	0.20417726039886	-1.0268380641937	0.013422645628452	0.028618335723877	0.085027039051056	-0.086202174425125
-0.28367474675179	-0.45439493656158	-0.39058405160904	0.20410579442978	-1.0229592323303	0.014234490692616	0.026767671108246	0.086158961057663	-0.085384160280228
-0.25968554615974	-0.4677649140358	-0.39541441202164	0.20407047867775	-1.019257068634	0.01498930901289	0.02485603094101	0.087349981069565	-0.084613122045994
-0.23478814959526	-0.47975713014603	-0.39839124679565	0.2039830237627	-1.0151338577271	0.01567517220974	0.022821605205536	0.088594526052475	-0.083919554948807
-0.20940774679184	-0.49030837416649	-0.39943012595177	0.20389938354492	-1.0111224651337	0.016279682517052	0.020738422870636	0.089884251356125	-0.083289086818695
-0.18345263600349	-0.49930161237717	-0.39846101403236	0.20369163155556	-1.0067535638809	0.016825564205647	0.018546462059021	0.091222256422043	-0.082730025053024
-0.1572442650795	-0.50665551424026	-0.39542904496193	0.20347797870636	-1.00230884552	0.017303019762039	0.016292572021484	0.092598736286163	-0.082238167524338
-0.13093949854374	-0.51229524612427	-0.39029666781425	0.20326685905457	-0.9977952837944	0.017709083855152	0.013983070850372	0.094008058309555	-0.081817932426929
-0.10471116006374	-0.51615715026855	-0.38304364681244	0.20305985212326	-0.99321204423904	0.01804132014513	0.011629581451416	0.095445513725281	-0.081470981240273
-0.078686341643333	-0.51819431781769	-0.3736692070961	0.20289507508278	-0.98852390050888	0.018294788897038	0.0092377662658691	0.096904814243317	-0.081200703978539
-0.052990157157183	-0.51837003231049	-0.36219188570976	0.20272728800774	-0.983782351017	0.018466614186764	0.0068121552467346	0.098378032445908	-0.081010401248932
-0.02776295132935	-0.51667058467865	-0.34864872694016	0.202551394701	-0.97901624441147	0.018559485673904	0.0043650269508362	0.099860042333603	-0.080898940563202
-0.0031214759219438	-0.51309961080551	-0.3330956697464	0.20236971974373	-0.97422897815704	0.018574096262455	0.0019059777259827	0.10134601593018	-0.080866731703281
0.020827878266573	-0.50769400596619	-0.31560564041138	0.20218744874001	-0.96943044662476	0.018526904284954	-0.00055497884750366	0.10283526778221	-0.080900087952614
0.043991059064865	-0.50044643878937	-0.29626774787903	0.20199078321457	-0.96465957164764	0.018391445279121	-0.0030019283294678	0.10430556535721	-0.081039682030678
0.066295355558395	-0.49142298102379	-0.27518543601036	0.2017914056778	-0.95988398790359	0.018195994198322	-0.005426824092865	0.10575780272484	-0.081271320581436
0.087729528546333	-0.48075616359711	-0.25247484445572	0.20160655677319	-0.95512080192566	0.017980985343456	-0.0078415274620056	0.10721135139465	-0.081524461507797
0.1081577911973	-0.46843987703323	-0.22826340794563	0.2014301866293	-0.95043003559113	0.017656832933426	-0.010204076766968	0.10863330960274	-0.081876344978809
0.12759944796562	-0.45459631085396	-0.20268784463406	0.20124182105064	-0.94578045606613	0.017264626920223	-0.012523174285889	0.11002549529076	-0.082298874855042
0.1460092663765	-0.43930333852768	-0.17589257657528	0.2010503411293	-0.94119340181351	0.016782537102699	-0.014781653881073	0.11137744784355	-0.08280836045742
0.16339038312435	-0.42268308997154	-0.14802880585194	0.20085081458092	-0.9366739988327	0.016235917806625	-0.016978204250336	0.11268892884254	-0.083386845886707
0.17971237003803	-0.40483865141869	-0.1192520186305	0.20063555240631	-0.93227034807205	0.015618845820427	-0.019099771976471	0.11395436525345	-0.084036059677601
0.19497109949589	-0.38589429855347	-0.089722350239754	0.20041547715664	-0.92794382572174	0.014942288398743	-0.021136879920959	0.11517027020454	-0.08475037664175
0.2091743350029	-0.36592298746109	-0.059602797031403	0.20018200576305	-0.92369794845581	0.014162354171276	-0.023077070713043	0.11631706357002	-0.085561960935593
0.22233575582504	-0.34512513875961	-0.029058549553156	0.19995282590389	-0.91953343153	0.01335871219635	-0.024924755096436	0.1174156665802	-0.086404696106911
0.23444807529449	-0.32359278202057	0.0017438837094232	0.19972833991051	-0.91546964645386	0.012491077184677	-0.026665508747101	0.11845365166664	-0.087304346263409
0.24553608894348	-0.30143761634827	0.032636802643538	0.1995116174221	-0.91148620843887	0.011580288410187	-0.028295636177063	0.11942380666733	-0.088254548609257
0.25560799241066	-0.27878299355507	0.063452906906605	0.19929753243923	-0.90764969587326	0.010620679706335	-0.02980637550354	0.12032324075699	-0.089253932237625
0.26467800140381	-0.25575542449951	0.0940235927701	0.19908463954926	-0.90394109487534	0.0096209980547428	-0.031191945075989	0.12114745378494	-0.0903005823493
0.27277272939682	-0.23247474431992	0.12418145686388	0.1988622546196	-0.90035057067871	0.0085822604596615	-0.032451987266541	0.12189337611198	-0.091388411819935
0.27989661693573	-0.20905974507332	0.15376068651676	0.1986321657896	-0.89689189195633	0.0075051188468933	-0.033578217029572	0.12255814671516	-0.092514403164387
0.28604969382286	-0.18563136458397	0.18259736895561	0.1984043866396	-0.8935849070549	0.0063905119895935	-0.034561991691589	0.1231395304203	-0.09367448836565
0.29125621914864	-0.16230687499046	0.21053057909012	0.19817361235619	-0.89043289422989	0.0052460134029388	-0.035404086112976	0.12363538146019	-0.094863474369049
0.29552075266838	-0.13920129835606	0.23740240931511	0.19793772697449	-0.88744616508484	0.0040782317519188	-0.036098837852478	0.12404343485832	-0.096076309680939
0.29885348677635	-0.11642703413963	0.26306048035622	0.19770237803459	-0.88461768627167	0.0028906241059303	-0.03664493560791	0.12436327338219	-0.097308918833733
0.30126842856407	-0.094090677797794	0.28735908865929	0.19746273756027	-0.88195312023163	0.0016896538436413	-0.037041366100311	0.12459188699722	-0.098556116223335
0.30098137259483	-0.053919851779938	0.3285905122757	0.19827845692635	-0.88023900985718	0.00083386152982712	-0.036303281784058	0.12526369094849	-0.10024649649858
0.3019058406353	-0.050746127963066	0.33328676223755	0.1981036067009	-0.87977474927902	0.00084412097930908	-0.036779046058655	0.12542855739594	-0.10026199370623
0.3024954199791	-0.050654198974371	0.33384907245636	0.19790929555893	-0.87960129976273	0.00084666907787323	-0.037119746208191	0.12544509768486	-0.10025934129953
0.3028062582016	-0.050768461078405	0.3339336514473	0.19777250289917	-0.8794886469841	0.00084732100367546	-0.037298560142517	0.12544757127762	-0.10025757551193
0.30297833681107	-0.050861701369286	0.33395767211914	0.19766852259636	-0.87940889596939	0.00084764510393143	-0.037396669387817	0.12544852495193	-0.10025750100613
0.30307590961456	-0.050923004746437	0.3339695930481	0.1975824534893	-0.8793488740921	0.0008479505777359	-0.03745174407959	0.12544927000999	-0.10025767236948
0.30314230918884	-0.050963994115591	0.33397886157036	0.19750189781189	-0.87930977344513	0.00084824860095978	-0.037480592727661	0.12544998526573	-0.10026121884584
0.30317354202271	-0.05097246915102	0.33398222923279	0.19741639494896	-0.87929022312164	0.00084825232625008	-0.03748881816864	0.12544733285904	-0.10026685893536
0.30319038033485	-0.050970938056707	0.33398205041885	0.19733709096909	-0.87926936149597	0.00084831193089485	-0.037493586540222	0.12544512748718	-0.10026855766773
0.30319976806641	-0.05097059905529	0.33398169279099	0.1972613632679	-0.87924671173096	0.000848188996315	-0.037496328353882	0.12544414401054	-0.10026936233044
0.3032038807869	-0.050971075892448	0.33398160338402	0.19718769192696	-0.87922310829163	0.0008481852710247	-0.037497282028198	0.12544375658035	-0.10026966780424
0.30320560932159	-0.050971664488316	0.33398163318634	0.19711476564407	-0.87919950485229	0.00084834918379784	-0.037497937679291	0.12544357776642	-0.10026956349611
0.30320763587952	-0.050971295684576	0.33398166298866	0.19704204797745	-0.87917613983154	0.00084823742508888	-0.037498533725739	0.12544339895248	-0.10026984661818
0.30320832133293	-0.050971560180187	0.33398151397705	0.19696965813637	-0.87915235757828	0.0008482038974762	-0.037498950958252	0.12544360756874	-0.10026971995831
0.30320969223976	-0.050971336662769	0.33398139476776	0.19689747691154	-0.87912833690643	0.00084824487566948	-0.037499308586121	0.12544330954552	-0.10026979446411
0.30321133136749	-0.050972305238247	0.33398145437241	0.19682601094246	-0.87910348176956	0.00084821879863739	-0.037500023841858	0.12544339895248	-0.1002696827054
0.30321279168129	-0.050973139703274	0.33398142457008	0.19675524532795	-0.87907910346985	0.00084822997450829	-0.037500619888306	0.12544342875481	-0.10026944428682
0.30321362614632	-0.05097322165966	0.33398145437241	0.19668447971344	-0.8790545463562	0.00084824115037918	-0.037501096725464	0.12544345855713	-0.1002693772316
0.30321401357651	-0.050972856581211	0.33398133516312	0.19661374390125	-0.87903046607971	0.00084834918379784	-0.037501037120819	0.12544327974319	-0.10026935487986
0.30321484804153	-0.050973262637854	0.33398166298866	0.19654333591461	-0.87900578975677	0.00084822997450829	-0.037501454353333	0.12544339895248	-0.10026935487986
0.30321648716927	-0.050973556935787	0.33398169279099	0.19647255539894	-0.878981590271	0.00084828585386276	-0.037502229213715	0.12544304132462	-0.10026924312115
0.30321735143661	-0.050973430275917	0.33398169279099	0.19640265405178	-0.87895733118057	0.00084826350212097	-0.037502706050873	0.12544298171997	-0.10026933252811
0.30321836471558	-0.050972890108824	0.33398181200027	0.19633224606514	-0.87893372774124	0.00084829702973366	-0.037503361701965	0.12544277310371	-0.10026944428682
0.30321934819221	-0.050972137600183	0.33398213982582	0.19626194238663	-0.8789114356041	0.00084829330444336	-0.037503659725189	0.12544244527817	-0.10026960074902
0.30322018265724	-0.050970565527678	0.33398222923279	0.19619153439999	-0.8788897395134	0.00084831565618515	-0.037504315376282	0.12544226646423	-0.10026989877224
0.30322074890137	-0.050969287753105	0.33398208022118	0.19612145423889	-0.8788680434227	0.00084831565618515	-0.037504315376282	0.12544202804565	-0.10026992857456
0.30322220921516	-0.050968762487173	0.33398199081421	0.19605195522308	-0.87884598970413	0.00084829330444336	-0.037505388259888	0.12544196844101	-0.10026998072863
0.30322307348251	-0.050968833267689	0.33398196101189	0.19598284363747	-0.87882423400879	0.00084826722741127	-0.037505686283112	0.1254418194294	-0.10026995837688
0.30322408676147	-0.050969034433365	0.33398231863976	0.19591420888901	-0.87880229949951	0.00084826350212097	-0.037506103515625	0.12544199824333	-0.10026994347572
0.30322456359863	-0.050968039780855	0.33398219943047	0.1958449780941	-0.87878149747849	0.00084831565618515	-0.037506341934204	0.1254415512085	-0.1002701446414
0.30322483181953	-0.050967503339052	0.33398213982582	0.19577620923519	-0.87876093387604	0.00084822624921799	-0.037506222724915	0.12544140219688	-0.10027038305998
0.30322551727295	-0.050967216491699	0.33398205041885	0.19570767879486	-0.8787402510643	0.00084822997450829	-0.037506699562073	0.12544134259224	-0.10027036815882
0.30322569608688	-0.050967134535313	0.33398240804672	0.19563910365105	-0.87871950864792	0.00084838271141052	-0.037507176399231	0.12544125318527	-0.10027012228966
0.30322685837746	-0.050966262817383	0.33398249745369	0.19557070732117	-0.87869954109192	0.00084827840328217	-0.037507236003876	0.12544107437134	-0.10027043521404
0.30322670936584	-0.050966039299965	0.33398190140724	0.19550262391567	-0.87867891788483	0.00084824860095978	-0.037507295608521	0.12544110417366	-0.10027033090591
0.30322712659836	-0.050966534763575	0.33398199081421	0.19543477892876	-0.8786581158638	0.00084822624921799	-0.037507474422455	0.12544110417366	-0.10027026385069
0.30322843790054	-0.050967831164598	0.33398243784904	0.19536703824997	-0.87863701581955	0.00084825232625008	-0.037508428096771	0.12544098496437	-0.10027021914721
0.3032298386097	-0.050967078655958	0.3339831829071	0.19529920816422	-0.87861782312393	0.00084830448031425	-0.037509202957153	0.12544086575508	-0.10027034580708
0.29619652032852	-0.062409870326519	0.31521892547607	0.19546122848988	-0.87892550230026	0.00083690136671066	-0.036953091621399	0.12526997923851	-0.099271282553673
0.28770703077316	-0.074225880205631	0.29489961266518	0.19579146802425	-0.87936550378799	0.00082254409790039	-0.036084830760956	0.12509503960609	-0.098247036337852
0.27841645479202	-0.085659958422184	0.2748815715313	0.19634798169136	-0.87973415851593	0.00080647692084312	-0.034902572631836	0.12496498227119	-0.097155638039112
0.2682937681675	-0.095058523118496	0.25524431467056	0.19692775607109	-0.8800265789032	0.00078503787517548	-0.033286213874817	0.12444910407066	-0.096771731972694
0.25774472951889	-0.10257203131914	0.23602393269539	0.19734613597393	-0.88030111789703	0.0007597953081131	-0.031514763832092	0.12363386154175	-0.096727065742016
0.24705958366394	-0.10943202674389	0.21731007099152	0.1975956261158	-0.88057726621628	0.00073419138789177	-0.029760360717773	0.12273699045181	-0.09674309939146
0.2363086938858	-0.11585783958435	0.1991066634655	0.1977483779192	-0.88085728883743	0.00070896744728088	-0.02807891368866	0.1218090057373	-0.096764750778675
0.22543758153915	-0.12192913889885	0.18140487372875	0.19788053631783	-0.88113528490067	0.00068455934524536	-0.026444554328918	0.12086489796638	-0.09680200368166
0.2143771648407	-0.12769912183285	0.16419821977615	0.19800928235054	-0.88141053915024	0.00066102296113968	-0.02483344078064	0.11992016434669	-0.096841722726822
0.20306520164013	-0.13317438960075	0.14747716486454	0.1981348246336	-0.88168078660965	0.0006403848528862	-0.023213624954224	0.1189800798893	-0.096874453127384
0.19151891767979	-0.13832303881645	0.13121889531612	0.19824703037739	-0.88194042444229	0.00062023103237152	-0.021589934825897	0.11803537607193	-0.096905253827572
0.17972347140312	-0.14318153262138	0.11542154103518	0.19835419952869	-0.88218903541565	0.00060073286294937	-0.019970893859863	0.11708560585976	-0.096941158175468
0.16769203543663	-0.14777174592018	0.10007797926664	0.19847096502781	-0.88242936134338	0.00058209151029587	-0.01835823059082	0.11614033579826	-0.096963047981262
0.1553845256567	-0.15211969614029	0.08518573641777	0.19858133792877	-0.88266062736511	0.00056590139865875	-0.016732633113861	0.11520206928253	-0.096981190145016
0.14285886287689	-0.15618133544922	0.070727460086346	0.19866165518761	-0.88288021087646	0.00055007636547089	-0.015106737613678	0.11425632238388	-0.097002267837524
0.13007205724716	-0.15994982421398	0.056693848222494	0.19875398278236	-0.88309282064438	0.00053471326828003	-0.013492822647095	0.11330083012581	-0.097028166055679
0.11702316999435	-0.16346672177315	0.043084520846605	0.19885778427124	-0.88330471515656	0.00052009522914886	-0.011882066726685	0.11234375834465	-0.09705313295126
0.10377802699804	-0.16657412052155	0.029877658933401	0.19891092181206	-0.88354140520096	0.00050558894872665	-0.010291576385498	0.11135256290436	-0.097090974450111
0.090171068906784	-0.16967086493969	0.017115835100412	0.19897907972336	-0.88380759954453	0.00049208849668503	-0.0086737871170044	0.11040124297142	-0.09711592644453
0.076302893459797	-0.17252340912819	0.0047462768852711	0.19905649125576	-0.88405883312225	0.00047922879457474	-0.0070621371269226	0.10944721102715	-0.097131431102753
0.062200840562582	-0.17540003359318	-0.0071891881525517	0.19917103648186	-0.88420623540878	0.00046738237142563	-0.0054742693901062	0.10853525996208	-0.097128987312317
0.047792371362448	-0.17781722545624	-0.018759833648801	0.1992689371109	-0.88432794809341	0.00045552104711533	-0.003853976726532	0.1075790822506	-0.097140036523342
0.033088862895966	-0.1800678819418	-0.029922738671303	0.19935716688633	-0.88444024324417	0.00044445693492889	-0.0022380352020264	0.10662522912025	-0.097150482237339
0.018112128600478	-0.18213146924973	-0.040691886097193	0.19943900406361	-0.88454926013947	0.00043363869190216	-0.00062918663024902	0.10567072033882	-0.097160920500755
0.0028621470555663	-0.18406702578068	-0.051056336611509	0.19952042400837	-0.88464313745499	0.00042612105607986	0.00097233057022095	0.10472583770752	-0.097166009247303
-0.012675282545388	-0.18581387400627	-0.061039343476295	0.19959731400013	-0.88473218679428	0.00041978806257248	0.0025783777236938	0.10377740859985	-0.097172252833843
-0.028497101739049	-0.18737643957138	-0.070647098124027	0.19966988265514	-0.88481336832047	0.00041547417640686	0.0041836500167847	0.10282495617867	-0.097177632153034
-0.044608488678932	-0.18876287341118	-0.079881832003593	0.19973881542683	-0.88488924503326	0.00041158497333527	0.005789041519165	0.10186791419983	-0.097182653844357
-0.061009008437395	-0.19000096619129	-0.088740415871143	0.19979971647263	-0.88495808839798	0.00040782988071442	0.0073956251144409	0.10090965032578	-0.097186744213104
-0.077649407088757	-0.19098986685276	-0.09723774343729	0.19982026517391	-0.88503628969193	0.00040453672409058	0.0089828372001648	0.099929481744766	-0.097200021147728
-0.094640746712685	-0.1920100748539	-0.10533853620291	0.19986835122108	-0.88511520624161	0.00040151923894882	0.010601460933685	0.098977535963058	-0.097200490534306
-0.11189484596252	-0.1928742825985	-0.11308040469885	0.19990566372871	-0.88518685102463	0.0003988966345787	0.012212038040161	0.098019510507584	-0.097197681665421
-0.12941698729992	-0.19360789656639	-0.1204591691494	0.19994115829468	-0.88525408506393	0.00039638578891754	0.013818740844727	0.09705638885498	-0.097202032804489
-0.14720460772514	-0.19422781467438	-0.12747541069984	0.19997589290142	-0.8853223323822	0.00039423257112503	0.015421450138092	0.096091419458389	-0.097203373908997
-0.16526013612747	-0.19474878907204	-0.13413146138191	0.20001347362995	-0.88538157939911	0.00039219111204147	0.017025351524353	0.095125168561935	-0.097203724086285
-0.18357196450233	-0.19518361985683	-0.14042794704437	0.20005351305008	-0.88543367385864	0.00039056688547134	0.018627643585205	0.09415802359581	-0.09720341861248
-0.20212931931019	-0.19553476572037	-0.1463667601347	0.20009790360928	-0.88548266887665	0.00038887560367584	0.020225882530212	0.093189656734467	-0.097204148769379
-0.2209400832653	-0.19582410156727	-0.15195019543171	0.20014840364456	-0.88552844524384	0.00038769841194153	0.021826088428497	0.092222452163696	-0.097201801836491
-0.24004094302654	-0.19607199728489	-0.15718293190002	0.20019027590752	-0.88556641340256	0.00038640201091766	0.023438453674316	0.091258406639099	-0.097191743552685
-0.25934740900993	-0.19629290699959	-0.16205343604088	0.20020601153374	-0.88559705018997	0.00038541853427887	0.025053739547729	0.090295791625977	-0.097182556986809
-0.27886366844177	-0.19647336006165	-0.1665696054697	0.20019948482513	-0.88561719655991	0.00038469582796097	0.026668787002563	0.089331775903702	-0.097174540162086
-0.29857215285301	-0.19660969078541	-0.1707368940115	0.20017863810062	-0.88562697172165	0.00038386136293411	0.028280258178711	0.088366538286209	-0.097166687250137
-0.31846603751183	-0.19668543338776	-0.17456291615963	0.2001501172781	-0.88562667369843	0.00038327276706696	0.029885828495026	0.087395787239075	-0.097160592675209
-0.33853328227997	-0.19672054052353	-0.17804679274559	0.20012164115906	-0.88561880588531	0.00038287788629532	0.031486332416534	0.086422890424728	-0.09715448319912
-0.35901474952698	-0.19633562862873	-0.18115590512753	0.20002044737339	-0.88567584753036	0.0003822073340416	0.033109724521637	0.085351586341858	-0.097289636731148
-0.37918764352798	-0.19508621096611	-0.18388628959656	0.19970461726189	-0.88613039255142	0.00038114935159683	0.034544348716736	0.084038555622101	-0.097926802933216
-0.39929133653641	-0.1937852203846	-0.18632431328297	0.19937185943127	-0.88696348667145	0.00038014352321625	0.035901069641113	0.082745283842087	-0.098532043397427
-0.41980350017548	-0.1925340294838	-0.18846660852432	0.19901889562607	-0.88802045583725	0.00037924200296402	0.037418186664581	0.081406146287918	-0.099054589867592
-0.44055500626564	-0.19127389788628	-0.19023223221302	0.19857183098793	-0.88885807991028	0.00037892907857895	0.039014041423798	0.079990476369858	-0.099572837352753
-0.46144536137581	-0.18925981223583	-0.19161739945412	0.19801168143749	-0.89009213447571	0.00037893652915955	0.040388822555542	0.078440815210342	-0.10032676905394
-0.46440336108208	-0.18854495882988	-0.19191175699234	0.19782462716103	-0.89046669006348	0.00037936121225357	0.040765166282654	0.07804748415947	-0.10029325634241
-0.46491432189941	-0.18830911815166	-0.19198513031006	0.19774268567562	-0.89062374830246	0.00037948042154312	0.040854454040527	0.077942103147507	-0.10025203973055
-0.46501415967941	-0.18821135163307	-0.19201159477234	0.19770520925522	-0.89071178436279	0.00037972629070282	0.040868937969208	0.077910900115967	-0.10023273527622
-0.46502739191055	-0.18816681206226	-0.19202390313148	0.19768977165222	-0.89077937602997	0.00037980824708939	0.040865480899811	0.077902138233185	-0.10022320598364
-0.46502095460892	-0.18814703822136	-0.1920301169157	0.19768603146076	-0.8908411860466	0.0003797635436058	0.040858924388885	0.077901273965836	-0.10021798312664
-0.46504813432693	-0.18812412023544	-0.19203618168831	0.19767211377621	-0.89090305566788	0.0003797858953476	0.040866136550903	0.077894002199173	-0.10021392256021
-0.46511846780777	-0.18821440637112	-0.19202023744583	0.19764076173306	-0.89097428321838	0.00037974864244461	0.040889620780945	0.077904284000397	-0.1002064421773
-0.46515181660652	-0.18826548755169	-0.19201043248177	0.19758751988411	-0.89104425907135	0.0003797635436058	0.040904700756073	0.077909618616104	-0.10020286589861
-0.46516859531403	-0.18828527629375	-0.19200687110424	0.19752579927444	-0.89110827445984	0.00037988275289536	0.040912389755249	0.077911019325256	-0.10020023584366
-0.46517932415009	-0.18829753994942	-0.19200472533703	0.19745974242687	-0.891168653965	0.00037967413663864	0.040917098522186	0.077911823987961	-0.10019943118095
-0.46518284082413	-0.18830373883247	-0.19200351834297	0.19739101827145	-0.89122688770294	0.00037975609302521	0.040918946266174	0.077912330627441	-0.10019864886999
-0.46518394351006	-0.18830604851246	-0.19200322031975	0.1973218023777	-0.89128470420837	0.00037986785173416	0.040919482707977	0.077912747859955	-0.10019824653864
-0.46518340706825	-0.18830654025078	-0.19200313091278	0.19725207984447	-0.89134204387665	0.00037990510463715	0.040919542312622	0.0779128074646	-0.10019798576832
-0.46518442034721	-0.18830768764019	-0.19200293719769	0.19718258082867	-0.8913996219635	0.00037983059883118	0.04092013835907	0.077912896871567	-0.10019803792238
-0.46518531441689	-0.18831017613411	-0.19200240075588	0.19711236655712	-0.89145636558533	0.000379778444767	0.040920615196228	0.077912956476212	-0.10019828379154
-0.46518665552139	-0.18831279873848	-0.19200180470943	0.1970412582159	-0.89151298999786	0.00037986040115356	0.040921449661255	0.077913135290146	-0.10019844770432
-0.46518561244011	-0.18831281363964	-0.19200173020363	0.19696997106075	-0.89156925678253	0.00037990510463715	0.040921211242676	0.077913075685501	-0.10019846260548
-0.46518498659134	-0.18831220269203	-0.1920018941164	0.19689919054508	-0.89162540435791	0.00037992745637894	0.040921211242676	0.077912986278534	-0.10019835829735
-0.4651842713356	-0.18831253051758	-0.19200170040131	0.19682846963406	-0.89168155193329	0.0003797635436058	0.040920972824097	0.077913016080856	-0.10019868612289
-0.46518412232399	-0.18831287324429	-0.19200161099434	0.19675749540329	-0.89173758029938	0.00037974119186401	0.040921092033386	0.077913135290146	-0.10019866377115
-0.46518421173096	-0.18831333518028	-0.19200153648853	0.19668667018414	-0.89179331064224	0.00037986785173416	0.040920913219452	0.077913343906403	-0.1001984924078
-0.46518421173096	-0.18831433355808	-0.19200125336647	0.1966153383255	-0.89184892177582	0.0003797635436058	0.040921270847321	0.07791343331337	-0.10019883513451
-0.46518394351006	-0.18831439316273	-0.19200111925602	0.196543648839	-0.89190417528152	0.00037980079650879	0.040921449661255	0.077913463115692	-0.1001987978816
-0.46518397331238	-0.18831585347652	-0.19200088083744	0.1964718401432	-0.89195919036865	0.00037990510463715	0.040921449661255	0.07791343331337	-0.10019899904728
-0.46518468856812	-0.18831656873226	-0.19200067222118	0.19639927148819	-0.89201420545578	0.00037989765405655	0.040921926498413	0.077913045883179	-0.10019914060831
-0.46518355607986	-0.18831510841846	-0.19200091063976	0.19632732868195	-0.89206922054291	0.00037984549999237	0.040921986103058	0.077913165092468	-0.10019908845425
-0.46518492698669	-0.18831464648247	-0.1920010894537	0.19625532627106	-0.89212429523468	0.00037985295057297	0.040921866893768	0.077912956476212	-0.10019907355309
-0.46518665552139	-0.18831607699394	-0.19200079143047	0.19618307054043	-0.89217871427536	0.00037991255521774	0.040922522544861	0.077912986278534	-0.10019921511412
-0.46518722176552	-0.18831658363342	-0.19200071692467	0.19611045718193	-0.89223295450211	0.00037992000579834	0.04092264175415	0.077913165092468	-0.10019934922457
-0.46518778800964	-0.18831631541252	-0.1920008212328	0.19603782892227	-0.8922872543335	0.00037980079650879	0.040922880172729	0.077912747859955	-0.10019962489605
-0.46518883109093	-0.18831649422646	-0.19200073182583	0.19596533477306	-0.89234191179276	0.00037989020347595	0.040923595428467	0.077912241220474	-0.10019971430302
-0.46518993377686	-0.18831714987755	-0.19200055301189	0.19589282572269	-0.89239573478699	0.0003797635436058	0.040923893451691	0.077912360429764	-0.10020013153553
-0.46518969535828	-0.18831811845303	-0.19200021028519	0.19581985473633	-0.89244991540909	0.00037984549999237	0.040924072265625	0.077912241220474	-0.10020023584366
-0.4651899933815	-0.1883188188076	-0.19200000166893	0.19574669003487	-0.89250379800797	0.00037986040115356	0.040924251079559	0.077912241220474	-0.10020032525063
-0.46518912911415	-0.18831840157509	-0.19200000166893	0.19567339122295	-0.89255732297897	0.00037987530231476	0.04092413187027	0.077912271022797	-0.10020025074482
-0.46518912911415	-0.18831822276115	-0.1920000910759	0.1956000328064	-0.89261049032211	0.00037980079650879	0.040924072265625	0.077912360429764	-0.10020039230585
-0.46518856287003	-0.18831832706928	-0.19200003147125	0.19552655518055	-0.89266330003738	0.00037989765405655	0.040923833847046	0.077912420034409	-0.1002005264163
-0.4651882648468	-0.18831880390644	-0.19199991226196	0.19545298814774	-0.89271634817123	0.00037990510463715	0.040923893451691	0.077912330627441	-0.10020054876804
-0.46518787741661	-0.18832023441792	-0.19199946522713	0.19537927210331	-0.89276915788651	0.00037983059883118	0.040923953056335	0.077912569046021	-0.1002007201314
-0.46518778800964	-0.18832162022591	-0.19199900329113	0.19530525803566	-0.89282178878784	0.00037981569766998	0.040924191474915	0.07791268825531	-0.10020097345114
-0.46518674492836	-0.18832305073738	-0.19199858605862	0.19523103535175	-0.8928741812706	0.00037992745637894	0.040924191474915	0.077912986278534	-0.10020089894533
-0.4651874601841	-0.18832418322563	-0.19199833273888	0.19515660405159	-0.89292651414871	0.00037974864244461	0.040924668312073	0.077912956476212	-0.10020094364882
-0.46518635749817	-0.1883250027895	-0.19199801981449	0.19508178532124	-0.89297837018967	0.00037991255521774	0.040924608707428	0.077913135290146	-0.10020090639591
-0.46518647670746	-0.18832559883595	-0.19199784100056	0.19500677287579	-0.89302968978882	0.00037982314825058	0.040924966335297	0.077913194894791	-0.10020098090172
-0.46518611907959	-0.18832531571388	-0.19199785590172	0.19493141770363	-0.89308094978333	0.00037983804941177	0.040924787521362	0.077913075685501	-0.10020092129707
-0.46518775820732	-0.18832513689995	-0.19199801981449	0.19485604763031	-0.89313232898712	0.00037974119186401	0.0409255027771	0.077912926673889	-0.10020101815462
-0.46518674492836	-0.18832515180111	-0.19199796020985	0.19478073716164	-0.89318323135376	0.0003800168633461	0.040924906730652	0.077913045883179	-0.1002007946372
-0.46518647670746	-0.18832583725452	-0.19199778139591	0.19470556080341	-0.89323461055756	0.00037980079650879	0.040924906730652	0.077913135290146	-0.1002012193203
-0.46518576145172	-0.18832592666149	-0.19199755787849	0.19463025033474	-0.89328610897064	0.0003797858953476	0.040924906730652	0.077913105487823	-0.10020126402378
-0.46518492698669	-0.1883269995451	-0.1919970959425	0.1945549249649	-0.89333695173264	0.00037986040115356	0.040925025939941	0.077913284301758	-0.10020130872726
-0.4651854634285	-0.18832714855671	-0.19199500977993	0.1944817006588	-0.89338612556458	0.00037982314825058	0.040923535823822	0.077913969755173	-0.10020203143358
-0.4647850394249	-0.20582884550095	-0.20951299369335	0.19410280883312	-0.8931804895401	0.00038006156682968	0.040847957134247	0.077352851629257	-0.09968401491642
-0.4616371691227	-0.22700425982475	-0.22790537774563	0.19435304403305	-0.89191466569901	0.0014363899827003	0.040482640266418	0.077539503574371	-0.098338685929775
-0.45684146881104	-0.24850891530514	-0.24629609286785	0.1946422457695	-0.88998252153397	0.0026910975575447	0.040070652961731	0.077833354473114	-0.097021967172623
-0.44986447691917	-0.26984006166458	-0.26420399546623	0.19483114778996	-0.88774329423904	0.0039079338312149	0.039530277252197	0.078179597854614	-0.095791660249233
-0.44095942378044	-0.29092684388161	-0.28149035573006	0.19498760998249	-0.885373711586	0.0050948187708855	0.03886491060257	0.078603148460388	-0.094592876732349
-0.43014395236969	-0.31168654561043	-0.29804813861847	0.19513820111752	-0.88288283348083	0.006261371076107	0.038058161735535	0.079113572835922	-0.093417555093765
-0.4174522459507	-0.33203017711639	-0.31376853585243	0.19529835879803	-0.88022482395172	0.0074010267853737	0.037106335163116	0.079712986946106	-0.092271186411381
-0.40295481681824	-0.35186302661896	-0.32853868603706	0.19541345536709	-0.87749457359314	0.0085058808326721	0.036016643047333	0.080398589372635	-0.09115743637085
-0.38673841953278	-0.37108156085014	-0.34224161505699	0.19550788402557	-0.8746355175972	0.0095736756920815	0.034789562225342	0.081167012453079	-0.090081825852394
-0.36889213323593	-0.38959059119225	-0.35475814342499	0.19561049342155	-0.87161141633987	0.010602027177811	0.033429086208344	0.082016438245773	-0.089048057794571
-0.34952989220619	-0.40728557109833	-0.36596831679344	0.1957203745842	-0.86842769384384	0.01158394664526	0.031941294670105	0.082943111658096	-0.088060297071934
-0.32879209518433	-0.42405870556831	-0.37575298547745	0.19584326446056	-0.86510533094406	0.012512095272541	0.030336499214172	0.083942145109177	-0.087122298777103
-0.30679672956467	-0.43980228900909	-0.38399529457092	0.19597353041172	-0.86164456605911	0.013386309146881	0.028616368770599	0.085009902715683	-0.086238376796246
-0.28369072079659	-0.45440649986267	-0.39058414101601	0.1961075514555	-0.85805052518845	0.014203242957592	0.026787877082825	0.08614194393158	-0.085411712527275
-0.25963017344475	-0.46776312589645	-0.39541435241699	0.19624437391758	-0.8543301820755	0.014959141612053	0.024858057498932	0.087333232164383	-0.084646008908749
-0.23478190600872	-0.47976562380791	-0.39839088916779	0.19638448953629	-0.85049390792847	0.015650451183319	0.022835910320282	0.088579118251801	-0.083944164216518
-0.20931570231915	-0.49031203985214	-0.39942973852158	0.19652739167213	-0.84654939174652	0.016274571418762	0.020728826522827	0.089874058961868	-0.08330886811018
-0.1834123134613	-0.49930620193481	-0.39846098423004	0.19667652249336	-0.84250468015671	0.016828022897243	0.018547594547272	0.091213285923004	-0.082742169499397
-0.15721809864044	-0.50666034221649	-0.39542919397354	0.19682417809963	-0.83836764097214	0.017309047281742	0.01629638671875	0.09259021282196	-0.082248345017433
-0.13090851902962	-0.51229935884476	-0.3902967274189	0.19697220623493	-0.83415478467941	0.017716184258461	0.013985753059387	0.093999415636063	-0.081828370690346
-0.1046494692564	-0.5161600112915	-0.38304352760315	0.19712190330029	-0.82987803220749	0.018047362565994	0.011625707149506	0.095435947179794	-0.081483773887157
-0.078594006597996	-0.51819306612015	-0.37366899847984	0.19727428257465	-0.82554775476456	0.018300853669643	0.0092265009880066	0.096892982721329	-0.081216111779213
-0.052887409925461	-0.51836800575256	-0.36219176650047	0.19743101298809	-0.82117420434952	0.018475145101547	0.0067980289459229	0.098365873098373	-0.081025972962379
-0.027654243633151	-0.51666843891144	-0.34864827990532	0.19759404659271	-0.81676286458969	0.018570974469185	0.0043489933013916	0.099848121404648	-0.080914415419102
-0.0030056301038712	-0.51309764385223	-0.33309555053711	0.19775326550007	-0.81232786178589	0.018588185310364	0.0018879175186157	0.10133394598961	-0.080881878733635
0.020965076982975	-0.50769829750061	-0.31560572981834	0.19790987670422	-0.80787521600723	0.018554612994194	-0.00057965517044067	0.10282500088215	-0.080908924341202
0.044127322733402	-0.50045520067215	-0.296267837286	0.19803975522518	-0.80345910787582	0.018429189920425	-0.0030277371406555	0.10429674386978	-0.081050470471382
0.06643307954073	-0.49142807722092	-0.27518525719643	0.19816538691521	-0.79906088113785	0.018229193985462	-0.00545334815979	0.10574884712696	-0.081278413534164
0.087844431400299	-0.48072254657745	-0.25247469544411	0.19829085469246	-0.79466849565506	0.017972894012928	-0.0078580975532532	0.10718874633312	-0.081565201282501
0.10831186920404	-0.46842786669731	-0.22826343774796	0.19842378795147	-0.79030424356461	0.017676174640656	-0.01023280620575	0.10861510038376	-0.081900373101234
0.12776401638985	-0.45457899570465	-0.20268781483173	0.19858440756798	-0.78601551055908	0.017278134822845	-0.012553930282593	0.11000739037991	-0.082322806119919
0.14616569876671	-0.43929466605186	-0.17589271068573	0.19874787330627	-0.78179311752319	0.016807608306408	-0.01481169462204	0.11136348545551	-0.082823500037193
0.16354504227638	-0.42267179489136	-0.14802880585194	0.19888950884342	-0.7776193022728	0.016264781355858	-0.017008543014526	0.11267404258251	-0.083403915166855
0.17985996603966	-0.40479406714439	-0.11925207078457	0.19902101159096	-0.77352654933929	0.015610866248608	-0.019123435020447	0.11392772197723	-0.084082804620266
0.19510880112648	-0.38584497570992	-0.089722461998463	0.19917222857475	-0.76951241493225	0.014925234019756	-0.021155714988708	0.1151407957077	-0.084802553057671
0.20931431651115	-0.36591553688049	-0.059602856636047	0.19931980967522	-0.76558500528336	0.014185421168804	-0.023101627826691	0.11630098521709	-0.085581682622433
0.22247223556042	-0.34512090682983	-0.029058638960123	0.19946727156639	-0.76175558567047	0.013386242091656	-0.024949729442596	0.11740186810493	-0.086421519517899
0.23458380997181	-0.32358467578888	0.001743913628161	0.19961884617805	-0.75803089141846	0.012525223195553	-0.026690125465393	0.11843949556351	-0.087319135665894
0.24564388394356	-0.30143228173256	0.03263670951128	0.19980445504189	-0.75441700220108	0.011601477861404	-0.028310894966125	0.11941239237785	-0.0882668197155
0.25569707155228	-0.27877768874168	0.063452884554863	0.20001146197319	-0.7508659362793	0.010649502277374	-0.029817521572113	0.12031236290932	-0.089265868067741
0.2647822201252	-0.25575017929077	0.094023317098618	0.20019340515137	-0.74743038415909	0.0096535608172417	-0.031208336353302	0.12113611400127	-0.090311348438263
0.27288317680359	-0.23246811330318	0.12418138980865	0.20036424696445	-0.74411046504974	0.0086224228143692	-0.032470881938934	0.12188175320625	-0.091398872435093
0.2799998819828	-0.20905178785324	0.1537606716156	0.20052856206894	-0.74093252420425	0.0075438022613525	-0.033595442771912	0.12254668772221	-0.092525072395802
0.28614935278893	-0.18562310934067	0.1825974881649	0.20069424808025	-0.73789811134338	0.0064301565289497	-0.034578800201416	0.12312848865986	-0.093684673309326
0.29134750366211	-0.16229808330536	0.21053074300289	0.20085828006268	-0.73501092195511	0.0052851140499115	-0.035418391227722	0.12362487614155	-0.094873122870922
0.29560282826424	-0.1391931027174	0.23740239441395	0.20102137327194	-0.73227679729462	0.0041156932711601	-0.036111116409302	0.12403391301632	-0.096085973083973
0.29892760515213	-0.11641792953014	0.26306048035622	0.20118340849876	-0.72970074415207	0.0029263757169247	-0.036655128002167	0.12435404956341	-0.097318209707737
0.30132865905762	-0.094081059098244	0.28735920786858	0.20134431123734	-0.72728502750397	0.0017218217253685	-0.037047684192657	0.12458369135857	-0.098564706742764
0.30255362391472	-0.072419293224812	0.31000089645386	0.20160727202892	-0.72570997476578	0.0008363164961338	-0.037311255931854	0.1247648447752	-0.099774643778801
0.30277192592621	-0.052844844758511	0.33130171895027	0.20221392810345	-0.72472959756851	0.00084485486149788	-0.037229776382446	0.12531714141369	-0.10026201605797
0.30305305123329	-0.0511782951653	0.33368530869484	0.20223784446716	-0.7244656085968	0.0008484311401844	-0.037367463111877	0.12544605135918	-0.10025826841593
0.3032166659832	-0.051086973398924	0.33396035432816	0.20214696228504	-0.72439086437225	0.00084881111979485	-0.037465929985046	0.12546508014202	-0.10025618970394
0.3032448887825	-0.051104806363583	0.33399534225464	0.20205406844616	-0.72436040639877	0.0008489191532135	-0.037490487098694	0.12547092139721	-0.10025734454393
0.30328589677811	-0.051101479679346	0.3339963555336	0.20195725560188	-0.72430968284607	0.00084876641631126	-0.037511050701141	0.12546618282795	-0.10026051104069
0.30332168936729	-0.051103979349136	0.33399659395218	0.20186713337898	-0.72426301240921	0.0008486807346344	-0.037530183792114	0.12546123564243	-0.10026232153177
0.30333849787712	-0.051100865006447	0.33399564027786	0.20178362727165	-0.72421371936798	0.00084863603115082	-0.037537336349487	0.1254585981369	-0.10026478767395
0.30334481596947	-0.051101069897413	0.3339951634407	0.20170342922211	-0.72416162490845	0.00084872171282768	-0.037539601325989	0.12545768916607	-0.10026547312737
0.30334895849228	-0.051102861762047	0.3339951634407	0.20162478089333	-0.72410833835602	0.00084871798753738	-0.037541687488556	0.12545739114285	-0.10026570409536
0.30335211753845	-0.051105305552483	0.33399522304535	0.20154730975628	-0.72405499219894	0.00084883347153664	-0.037543177604675	0.12545710802078	-0.10026547312737
0.30335086584091	-0.051103860139847	0.33399522304535	0.20147037506104	-0.72400194406509	0.00084872171282768	-0.037541747093201	0.1254575252533	-0.10026613622904
0.30337890982628	-0.051138315349817	0.33399313688278	0.20139130949974	-0.72394168376923	0.00084877386689186	-0.037554621696472	0.12545731663704	-0.10026071965694
0.30350109934807	-0.051195457577705	0.33399838209152	0.20130857825279	-0.72391045093536	0.00084882602095604	-0.037623047828674	0.12545236945152	-0.1002541705966
0.30356070399284	-0.051216997206211	0.33400106430054	0.20123487710953	-0.72389590740204	0.000848688185215	-0.037656247615814	0.12545157968998	-0.10025379061699
0.30359584093094	-0.051227666437626	0.33400240540504	0.20116420090199	-0.72389096021652	0.00084887817502022	-0.037674844264984	0.12545078992844	-0.10025335848331
0.30361852049828	-0.051232885569334	0.33400332927704	0.20109516382217	-0.72389191389084	0.00084879249334335	-0.037686228752136	0.12544983625412	-0.10025355219841
0.30360442399979	-0.051236946135759	0.33400273323059	0.20103514194489	-0.72390693426132	0.0008486732840538	-0.037688612937927	0.12545017898083	-0.10025330632925
0.30360472202301	-0.051239717751741	0.33400291204453	0.20097810029984	-0.72392445802689	0.00084864348173141	-0.037690043449402	0.12545028328896	-0.10025354474783
0.30360686779022	-0.051239751279354	0.33400291204453	0.20092061161995	-0.72394180297852	0.00084859505295753	-0.03769063949585	0.12545032799244	-0.10025376826525
0.30360999703407	-0.051239740103483	0.33400279283524	0.20086297392845	-0.72395884990692	0.00084866583347321	-0.037691473960876	0.12544997036457	-0.10025376826525
0.30361184477806	-0.051239412277937	0.33400267362595	0.20080563426018	-0.72397601604462	0.0008486770093441	-0.037692666053772	0.12544974684715	-0.10025384277105
0.30361554026604	-0.05123883113265	0.33400279283524	0.20074838399887	-0.72399288415909	0.00084858387708664	-0.037694036960602	0.12544941902161	-0.10025382786989
0.30361911654472	-0.051238365471363	0.33400273323059	0.20069149136543	-0.72400915622711	0.000848688185215	-0.037695288658142	0.12544927000999	-0.10025398433208
0.30362111330032	-0.051238249987364	0.33400273323059	0.20063489675522	-0.72402566671371	0.00084871426224709	-0.037696361541748	0.12544876337051	-0.10025394707918
0.30362331867218	-0.05123783275485	0.33400249481201	0.20057871937752	-0.72404187917709	0.00084875896573067	-0.037697553634644	0.12544855475426	-0.10025394707918
0.30362516641617	-0.051237571984529	0.33400255441666	0.20052286982536	-0.7240577340126	0.00084860995411873	-0.03769850730896	0.12544842064381	-0.10025391727686
0.303626537323	-0.051237568259239	0.33400237560272	0.20046758651733	-0.72407364845276	0.00084859132766724	-0.037698924541473	0.12544827163219	-0.10025388002396
0.30362781882286	-0.051237262785435	0.3340026140213	0.20041251182556	-0.72408950328827	0.00084865838289261	-0.037699580192566	0.12544810771942	-0.10025375336409
0.30362915992737	-0.051236875355244	0.33400228619576	0.20035791397095	-0.72410500049591	0.00084878876805305	-0.037700593471527	0.12544792890549	-0.10025361925364
0.30362966656685	-0.051236644387245	0.33400219678879	0.2003036737442	-0.72412025928497	0.0008486770093441	-0.037700772285461	0.12544777989388	-0.1002537086606
0.30363112688065	-0.05123607814312	0.33400219678879	0.20024955272675	-0.72413522005081	0.00084866583347321	-0.037701368331909	0.12544758617878	-0.10025384277105
0.30363249778748	-0.051235735416412	0.33400210738182	0.20019601285458	-0.72415000200272	0.00084862112998962	-0.037701964378357	0.12544745206833	-0.10025377571583
0.30363422632217	-0.051235571503639	0.33400216698647	0.20014235377312	-0.72416424751282	0.00084866583347321	-0.03770238161087	0.12544755637646	-0.10025389492512
0.30363628268242	-0.051235035061836	0.33400189876556	0.20008790493011	-0.72417759895325	0.0008486732840538	-0.037702977657318	0.12544713914394	-0.10025368630886
0.30363795161247	-0.051234893500805	0.33400186896324	0.20003353059292	-0.72419041395187	0.00084877759218216	-0.037703514099121	0.12544719874859	-0.10025350004435
0.30363869667053	-0.051234718412161	0.33400183916092	0.19997933506966	-0.72420358657837	0.0008486770093441	-0.037704050540924	0.12544710934162	-0.10025370121002
0.30363947153091	-0.051234554499388	0.33400174975395	0.19992530345917	-0.7242169380188	0.0008486732840538	-0.037704408168793	0.12544685602188	-0.10025377571583
0.30364015698433	-0.051234230399132	0.33400177955627	0.19987168908119	-0.72422987222672	0.00084862485527992	-0.037704885005951	0.12544672191143	-0.10025373101234
0.30363896489143	-0.051234390586615	0.33400174975395	0.19981855154037	-0.72424328327179	0.000848688185215	-0.037704646587372	0.12544678151608	-0.10025364905596
0.30363908410072	-0.051233917474747	0.33400157094002	0.19976601004601	-0.7242568731308	0.00084870308637619	-0.037704706192017	0.12544666230679	-0.10025355964899
0.30363911390305	-0.051233768463135	0.33400157094002	0.19971399009228	-0.72427022457123	0.00084862858057022	-0.037704885005951	0.12544667720795	-0.10025364905596
0.30363896489143	-0.051233965903521	0.33400166034698	0.19966180622578	-0.72428339719772	0.00084872543811798	-0.037705063819885	0.1254466176033	-0.10025361925364
0.30364015698433	-0.051233373582363	0.33400142192841	0.19960984587669	-0.72429615259171	0.00084870681166649	-0.037705540657043	0.12544672191143	-0.10025365650654
0.30364075303078	-0.051232799887657	0.33400151133537	0.19955790042877	-0.72430884838104	0.00084871426224709	-0.037705898284912	0.12544640898705	-0.10025370121002
0.3036415874958	-0.051232680678368	0.33400130271912	0.19950631260872	-0.72432112693787	0.00084858387708664	-0.03770637512207	0.12544627487659	-0.10025365650654
0.30364280939102	-0.051232129335403	0.33400109410286	0.19945454597473	-0.72433280944824	0.0008486732840538	-0.037706732749939	0.1254461556673	-0.10025367885828
0.30364403128624	-0.05123146250844	0.33400121331215	0.19940291345119	-0.72434383630753	0.00084862858057022	-0.037707209587097	0.12544599175453	-0.10025373101234
0.30364388227463	-0.051231492310762	0.33400100469589	0.19935214519501	-0.72435539960861	0.00084869191050529	-0.0377077460289	0.12544597685337	-0.10025361925364
0.30364593863487	-0.051231011748314	0.33400106430054	0.19930136203766	-0.72436678409576	0.00084870308637619	-0.037708520889282	0.12544544041157	-0.10025341808796
0.30364486575127	-0.051230791956186	0.33400082588196	0.19925108551979	-0.72437798976898	0.00084863230586052	-0.037708818912506	0.12544566392899	-0.10025344789028
0.30364388227463	-0.051230806857347	0.33400076627731	0.19920128583908	-0.72438955307007	0.00084858760237694	-0.037708878517151	0.1254456192255	-0.10025342553854
0.30364152789116	-0.051231153309345	0.33400070667267	0.19915246963501	-0.72440189123154	0.00084862112998962	-0.037708282470703	0.12544585764408	-0.10025357455015
0.30363965034485	-0.05123146623373	0.33400082588196	0.19910371303558	-0.72441411018372	0.00084855407476425	-0.037707507610321	0.12544587254524	-0.10025358200073
0.30363738536835	-0.051231235265732	0.33400079607964	0.19905471801758	-0.72442573308945	0.00084854662418365	-0.037706553936005	0.12544605135918	-0.10025351494551
0.30363491177559	-0.051230628043413	0.33400055766106	0.19900679588318	-0.72443789243698	0.00084855034947395	-0.037706077098846	0.12544600665569	-0.10025354474783
0.3036345243454	-0.051229991018772	0.33400043845177	0.1989594399929	-0.72444927692413	0.0008486732840538	-0.037705719470978	0.12544605135918	-0.1002531349659
0.30363416671753	-0.051229316741228	0.33400022983551	0.19891193509102	-0.72446000576019	0.00084860622882843	-0.037705659866333	0.12544617056847	-0.10025328397751
0.30363386869431	-0.051228884607553	0.33399999141693	0.19886447489262	-0.72447055578232	0.00084856897592545	-0.03770524263382	0.12544591724873	-0.10025337338448
0.30363339185715	-0.051228422671556	0.33399990200996	0.19881653785706	-0.724480509758	0.00084862112998962	-0.037705183029175	0.1254458874464	-0.10025335848331
0.30363246798515	-0.051228456199169	0.333999812603	0.1987689435482	-0.72449082136154	0.00084859132766724	-0.037704646587372	0.12544599175453	-0.1002534404397
0.30363291501999	-0.051227428019047	0.3339995443821	0.19872088730335	-0.7244998216629	0.00084862485527992	-0.037704527378082	0.12544587254524	-0.10025352239609
0.30363354086876	-0.051226109266281	0.33399948477745	0.1986728310585	-0.72450792789459	0.00084866210818291	-0.037704885005951	0.12544570863247	-0.10025343298912
0.30363339185715	-0.051225852221251	0.33399921655655	0.19862540066242	-0.72451567649841	0.00084854662418365	-0.037704885005951	0.12544575333595	-0.10025341063738
0.30363184213638	-0.051225394010544	0.33399918675423	0.19857785105705	-0.72452342510223	0.00084852799773216	-0.037704110145569	0.12544566392899	-0.10025344789028
0.30362671613693	-0.051232919096947	0.33400130271912	0.19853229820728	-0.72453701496124	0.00084862858057022	-0.037704229354858	0.12544679641724	-0.10025306791067
0.30362769961357	-0.05123658105731	0.33400255441666	0.19848442077637	-0.72455781698227	0.00084862112998962	-0.037705183029175	0.12544713914394	-0.10025355219841
0.30362942814827	-0.051236655563116	0.33400276303291	0.19843621551991	-0.72457885742188	0.00084856152534485	-0.037706136703491	0.1254468858242	-0.10025398433208
0.30363130569458	-0.051236663013697	0.33400270342827	0.19838827848434	-0.72459959983826	0.00084860250353813	-0.037706792354584	0.12544676661491	-0.10025389492512
0.30363264679909	-0.051236405968666	0.33400303125381	0.19834023714066	-0.72462034225464	0.00084850937128067	-0.037707567214966	0.1254468113184	-0.10025406628847
0.29653912782669	-0.062253437936306	0.31516399979591	0.19837674498558	-0.72494131326675	0.00083443522453308	-0.037075936794281	0.12522487342358	-0.099290005862713
0.28801646828651	-0.073964767158031	0.29482483863831	0.19854754209518	-0.72530364990234	0.00081916153430939	-0.036205530166626	0.12502190470695	-0.098277010023594
0.27877765893936	-0.085408844053745	0.27481561899185	0.19892349839211	-0.72548604011536	0.00080355629324913	-0.035046458244324	0.12489645183086	-0.097172513604164
0.26831957697868	-0.095210939645767	0.25524485111237	0.19940894842148	-0.72551262378693	0.00078530237078667	-0.033327579498291	0.12447772920132	-0.096750341355801
0.25760769844055	-0.10260751843452	0.23600232601166	0.19968065619469	-0.72573590278625	0.00075969099998474	-0.031454563140869	0.12365344166756	-0.096711233258247
0.24688915908337	-0.1094828620553	0.21729274094105	0.19981150329113	-0.72598057985306	0.0007341243326664	-0.029686331748962	0.12275986373425	-0.096717327833176
0.2361086755991	-0.11592341959476	0.19909320771694	0.19986233115196	-0.72624140977859	0.0007091611623764	-0.027988731861115	0.1218366920948	-0.096736930310726
0.22519639134407	-0.12201321870089	0.18139542639256	0.19988207519054	-0.72649937868118	0.0006847083568573	-0.026338040828705	0.1208983361721	-0.096770398318768
0.21410664916039	-0.12778885662556	0.16419115662575	0.19988837838173	-0.72675573825836	0.00066132098436356	-0.024713695049286	0.11995466053486	-0.096809282898903
0.20281507074833	-0.13325837254524	0.14747160673141	0.19989544153214	-0.72700643539429	0.00064048916101456	-0.023099601268768	0.11901111900806	-0.096844151616096
0.19128827750683	-0.13840661942959	0.13121525943279	0.19990837574005	-0.72724932432175	0.00062045454978943	-0.02148962020874	0.11806273460388	-0.096877329051495
0.17950198054314	-0.14328509569168	0.11542193591595	0.19992381334305	-0.7274831533432	0.00060097873210907	-0.019879221916199	0.1171166151762	-0.096909463405609
0.16749146580696	-0.14785344898701	0.10007908940315	0.19994540512562	-0.72771644592285	0.00058221817016602	-0.018274307250977	0.11616380512714	-0.096942387521267
0.1552798897028	-0.1521762162447	0.085185036063194	0.20000019669533	-0.7279360294342	0.00056599080562592	-0.016692280769348	0.11521612107754	-0.096961796283722
0.14277085661888	-0.15622371435165	0.070723138749599	0.20006929337978	-0.72814702987671	0.00055022537708282	-0.015092134475708	0.11426800489426	-0.096986547112465
0.12995395064354	-0.16003283858299	0.056696068495512	0.20012198388577	-0.72835505008698	0.00053496658802032	-0.013464868068695	0.11332170665264	-0.097009338438511
0.1168859153986	-0.16357493400574	0.043090980499983	0.20016610622406	-0.72855877876282	0.00052036345005035	-0.011844038963318	0.11236886680126	-0.097032755613327
0.10356072336435	-0.16686941683292	0.029903244227171	0.20021203160286	-0.72876274585724	0.00050613284111023	-0.010229825973511	0.11141362786293	-0.097055017948151
0.089964270591736	-0.16990622878075	0.017127595841885	0.20025664567947	-0.72897988557816	0.00049258768558502	-0.0086164474487305	0.11045259237289	-0.09707835316658
0.076106026768684	-0.17276053130627	0.0047650677151978	0.20030203461647	-0.72919517755508	0.00047978013753891	-0.0070096254348755	0.10949757695198	-0.097097635269165
0.062055934220552	-0.17550086975098	-0.0071872207336128	0.20034244656563	-0.72932970523834	0.00046767294406891	-0.005433976650238	0.10855934023857	-0.097106464207172
0.047624841332436	-0.17791390419006	-0.018754122778773	0.2003852725029	-0.72946947813034	0.00045584142208099	-0.0038018226623535	0.10760049521923	-0.097119852900505
0.032829865813255	-0.18013717234135	-0.029917877167463	0.20043382048607	-0.72957384586334	0.0004446804523468	-0.0021570920944214	0.10664069652557	-0.097134299576283
0.017744354903698	-0.18213973939419	-0.040696337819099	0.20048362016678	-0.72959172725677	0.00043366104364395	-0.00050002336502075	0.10567234456539	-0.097144089639187
0.0024426900781691	-0.18406322598457	-0.051063269376755	0.2005267739296	-0.72954308986664	0.00042613595724106	0.0011270046234131	0.10472175478935	-0.097143366932869
-0.013161522336304	-0.18583452701569	-0.061042938381433	0.20057310163975	-0.72948265075684	0.00041978806257248	0.0027654767036438	0.10377414524555	-0.097142718732357
-0.029033295810223	-0.18741829693317	-0.070648446679115	0.20061007142067	-0.72940981388092	0.00041571259498596	0.0043928027153015	0.10282157361507	-0.097141988575459
